1 41 1
2 41 2
3 41 3
4 41 4
5 41 5
6 41 6
7 41 7
8 41 8
9 41 9
10 41 10
11 41 11
12 41 12
13 41 13
14 41 14
15 41 15
16 41 16
17 41 17
18 41 18
19 41 19
20 41 20
21 41 21
22 41 22
23 41 23
24 41 24
25 41 25
26 41 26
27 41 27
28 41 28
29 41 29
30 41 30
31 41 31
32 41 32
33 41 33
34 41 34
35 41 35
36 41 36
37 41 37
38 41 38
39 41 39
40 41 40
41 41 41
42 41 42
43 41 43
44 41 44
45 41 45
46 41 46
47 41 47
48 41 48
49 41 49
50 41 50
51 41 51
52 41 52
53 41 53
54 41 54
55 41 55
56 41 56
57 41 57
58 41 58
59 41 59
60 41 60
61 41 61
62 41 62
63 41 63
64 41 64
65 41 65
66 41 66
67 41 67
68 41 68
69 41 69
70 41 70
71 41 71
72 41 72
73 41 73
74 41 74
75 41 75
76 41 76
77 41 77
78 41 78
79 41 79
80 41 80
81 41 81
82 41 82
83 41 83
84 41 84
85 41 85
86 41 86
87 41 87
88 41 88
89 41 89
90 41 90
91 41 91
92 41 92
93 41 93
94 41 94
95 41 95
96 41 96
97 41 97
98 41 98
99 41 99
100 41 100
101 41 101
102 41 102
103 41 103
104 41 104
105 41 105
106 41 106
107 41 107
108 41 108
109 41 109
110 41 110
111 40 111
111 39 112
112 39 113
112 38 114
113 37 115
113 36 116
114 36 117
114 35 118
115 34 119
115 33 120
116 33 121
116 32 122
117 31 123
117 30 124
118 30 125
118 29 126
119 28 127
119 27 128
120 27 129
120 26 130
121 25 131
121 24 132
122 24 133
122 23 134
123 22 135
123 21 136
124 21 137
124 20 138
125 19 139
125 18 140
126 18 141
126 17 142
127 16 143
127 15 144
128 15 145
128 14 146
129 13 147
129 12 148
130 12 149
130 11 150
131 11 151
132 11 152
133 11 153
134 11 154
135 11 155
136 11 156
137 11 157
138 11 158
139 11 159
140 11 160
141 11 161
142 11 162
143 11 163
144 11 164
145 11 165
146 11 166
147 11 167
148 11 168
149 11 169
150 11 170
151 11 171
152 11 172
153 11 173
154 11 174
155 11 175
156 11 176
157 11 177
158 11 178
159 11 179
160 11 180
161 11 181
162 12 182
163 13 183
164 14 184
165 15 185
166 16 186
167 17 187
168 18 188
169 19 189
170 20 190
171 21 191
172 22 192
173 23 193
174 24 194
175 25 195
176 26 196
177 27 197
178 28 198
179 29 199
180 30 200
181 31 201
182 32 202
183 33 203
184 34 204
185 35 205
186 36 206
187 37 207
188 38 208
189 39 209
190 40 210
191 41 211
192 42 212
193 43 213
194 44 214
195 45 215
196 46 216
197 47 217
198 48 218
199 49 219
199 50 220
199 51 221
199 52 222
198 53 223
197 54 224
196 55 225
195 56 226
194 57 227
193 58 228
192 59 229
191 60 230
190 61 231
189 62 232
188 63 233
187 64 234
186 65 235
185 66 236
184 67 237
183 68 238
182 69 239
181 70 240
180 71 241
179 72 242
178 73 243
177 74 244
176 75 245
175 76 246
174 77 247
173 78 248
172 79 249
171 80 250
170 81 251
169 82 252
168 83 253
167 84 254
166 85 255
165 86 256
164 87 257
163 88 258
162 89 259
161 90 260
160 90 261
159 90 262
158 90 263
157 90 264
156 90 265
155 90 266
154 90 267
153 90 268
152 90 269
151 90 270
150 90 271
149 90 272
148 90 273
147 90 274
146 90 275
145 90 276
144 90 277
143 90 278
142 90 279
141 90 280
140 90 281
139 90 282
138 90 283
137 90 284
136 90 285
135 90 286
134 90 287
133 90 288
132 90 289
131 90 290
130 90 291
130 89 292
129 89 293
129 88 294
128 87 295
128 86 296
127 86 297
127 85 298
126 84 299
126 83 300
125 83 301
125 82 302
124 81 303
124 80 304
123 80 305
123 79 306
122 78 307
122 77 308
121 77 309
121 76 310
120 75 311
120 74 312
119 74 313
119 73 314
118 72 315
118 71 316
117 71 317
117 70 318
116 69 319
116 68 320
115 68 321
115 67 322
114 66 323
114 65 324
113 65 325
113 64 326
112 63 327
112 62 328
111 62 329
111 61 330
110 60 331
109 60 332
108 60 333
107 60 334
106 60 335
105 60 336
104 60 337
103 60 338
102 60 339
101 60 340
100 60 341
99 60 342
98 60 343
97 60 344
96 60 345
95 60 346
94 60 347
93 60 348
92 60 349
91 60 350
90 60 351
89 60 352
88 60 353
87 60 354
86 60 355
85 60 356
84 60 357
83 60 358
82 60 359
81 60 360
80 60 361
79 60 362
78 60 363
77 60 364
76 60 365
75 60 366
74 60 367
73 60 368
72 60 369
71 60 370
70 60 371
69 60 372
68 60 373
67 60 374
66 60 375
65 60 376
64 60 377
63 60 378
62 60 379
61 60 380
60 60 381
59 60 382
58 60 383
57 60 384
56 60 385
55 60 386
54 60 387
53 60 388
52 60 389
51 60 390
50 60 391
49 60 392
48 60 393
47 60 394
46 60 395
45 60 396
44 60 397
43 60 398
42 60 399
41 60 400
40 60 401
39 60 402
38 60 403
37 60 404
36 60 405
35 60 406
34 60 407
33 60 408
32 60 409
31 60 410
30 60 411
29 60 412
28 60 413
27 60 414
26 60 415
25 60 416
24 60 417
23 60 418
22 60 419
21 60 420
20 60 421
19 60 422
18 60 423
17 60 424
16 60 425
15 60 426
14 60 427
13 60 428
12 60 429
11 60 430
10 60 431
9 60 432
8 60 433
7 60 434
6 60 435
5 60 436
4 60 437
3 60 438
2 60 439
1 60 440
1 59 441
1 58 442
1 57 443
1 56 444
1 55 445
1 54 446
1 53 447
1 52 448
1 51 449
1 50 450
1 49 451
1 48 452
1 47 453
1 46 454
1 45 455
1 44 456
1 43 457
1 42 458
