0 41 1 1 -10 -0.9 -9.95 -0.85 -0.707107 -0.707107 1 42 1 41 0 1 -1 -1 -1 -1 -1 -1 -1 -1 -1 -1 -1 -1 -1 -1 -1 -1 -1 -1 -1 -1 -1 -1 -1 -1 
0 42 1 1 -10 -0.85 -9.95 -0.85 -1 0 1 42 1 42 0 458 -1 -1 -1 -1 -1 -1 -1 -1 -1 -1 -1 -1 -1 -1 -1 -1 -1 -1 -1 -1 -1 -1 -1 -1 
0 43 1 1 -10 -0.75 -9.95 -0.75 -1 0 1 43 1 43 0 457 -1 -1 -1 -1 -1 -1 -1 -1 -1 -1 -1 -1 -1 -1 -1 -1 -1 -1 -1 -1 -1 -1 -1 -1 
0 44 1 1 -10 -0.65 -9.95 -0.65 -1 0 1 43 1 44 0 456 -1 -1 -1 -1 -1 -1 -1 -1 -1 -1 -1 -1 -1 -1 -1 -1 -1 -1 -1 -1 -1 -1 -1 -1 
0 45 1 1 -10 -0.55 -9.95 -0.55 -1 0 1 45 1 45 0 455 -1 -1 -1 -1 -1 -1 -1 -1 -1 -1 -1 -1 -1 -1 -1 -1 -1 -1 -1 -1 -1 -1 -1 -1 
0 46 1 1 -10 -0.45 -9.95 -0.45 -1 0 1 46 1 46 0 454 -1 -1 -1 -1 -1 -1 -1 -1 -1 -1 -1 -1 -1 -1 -1 -1 -1 -1 -1 -1 -1 -1 -1 -1 
0 47 1 1 -10 -0.35 -9.95 -0.35 -1 0 1 46 1 47 0 453 -1 -1 -1 -1 -1 -1 -1 -1 -1 -1 -1 -1 -1 -1 -1 -1 -1 -1 -1 -1 -1 -1 -1 -1 
0 48 1 1 -10 -0.25 -9.95 -0.25 -1 0 1 47 1 48 0 452 -1 -1 -1 -1 -1 -1 -1 -1 -1 -1 -1 -1 -1 -1 -1 -1 -1 -1 -1 -1 -1 -1 -1 -1 
0 49 1 1 -10 -0.15 -9.95 -0.15 -1 0 1 48 1 49 0 451 -1 -1 -1 -1 -1 -1 -1 -1 -1 -1 -1 -1 -1 -1 -1 -1 -1 -1 -1 -1 -1 -1 -1 -1 
0 50 1 1 -10 -0.05 -9.95 -0.05 -1 0 1 49 1 50 0 450 -1 -1 -1 -1 -1 -1 -1 -1 -1 -1 -1 -1 -1 -1 -1 -1 -1 -1 -1 -1 -1 -1 -1 -1 
0 51 1 1 -10 0.05 -9.95 0.05 -1 0 1 50 1 51 0 449 -1 -1 -1 -1 -1 -1 -1 -1 -1 -1 -1 -1 -1 -1 -1 -1 -1 -1 -1 -1 -1 -1 -1 -1 
0 52 1 1 -10 0.15 -9.95 0.15 -1 0 1 52 1 52 0 448 -1 -1 -1 -1 -1 -1 -1 -1 -1 -1 -1 -1 -1 -1 -1 -1 -1 -1 -1 -1 -1 -1 -1 -1 
0 53 1 1 -10 0.25 -9.95 0.25 -1 0 1 52 1 53 0 447 -1 -1 -1 -1 -1 -1 -1 -1 -1 -1 -1 -1 -1 -1 -1 -1 -1 -1 -1 -1 -1 -1 -1 -1 
0 54 1 1 -10 0.35 -9.95 0.35 -1 0 1 54 1 54 0 446 -1 -1 -1 -1 -1 -1 -1 -1 -1 -1 -1 -1 -1 -1 -1 -1 -1 -1 -1 -1 -1 -1 -1 -1 
0 55 1 1 -10 0.45 -9.95 0.45 -1 0 1 54 1 55 0 445 -1 -1 -1 -1 -1 -1 -1 -1 -1 -1 -1 -1 -1 -1 -1 -1 -1 -1 -1 -1 -1 -1 -1 -1 
0 56 1 1 -10 0.55 -9.95 0.55 -1 0 1 55 1 56 0 444 -1 -1 -1 -1 -1 -1 -1 -1 -1 -1 -1 -1 -1 -1 -1 -1 -1 -1 -1 -1 -1 -1 -1 -1 
0 57 1 1 -10 0.65 -9.95 0.65 -1 0 1 57 1 57 0 443 -1 -1 -1 -1 -1 -1 -1 -1 -1 -1 -1 -1 -1 -1 -1 -1 -1 -1 -1 -1 -1 -1 -1 -1 
0 58 1 1 -10 0.75 -9.95 0.75 -1 0 1 58 1 58 0 442 -1 -1 -1 -1 -1 -1 -1 -1 -1 -1 -1 -1 -1 -1 -1 -1 -1 -1 -1 -1 -1 -1 -1 -1 
0 59 1 1 -10 0.85 -9.95 0.85 -1 0 1 59 1 59 0 441 -1 -1 -1 -1 -1 -1 -1 -1 -1 -1 -1 -1 -1 -1 -1 -1 -1 -1 -1 -1 -1 -1 -1 -1 
0 60 1 1 -10 0.9 -9.95 0.85 -0.707107 0.707107 1 58 1 60 0 440 -1 -1 -1 -1 -1 -1 -1 -1 -1 -1 -1 -1 -1 -1 -1 -1 -1 -1 -1 -1 -1 -1 -1 -1 
1 40 1 1 -9.9 -1 -9.85 -0.95 -0.707107 -0.707107 2 40 1 41 2 1 -1 -1 -1 -1 -1 -1 -1 -1 -1 -1 -1 -1 -1 -1 -1 -1 -1 -1 -1 -1 -1 -1 -1 -1 
1 61 1 1 -9.9 1 -9.85 0.95 -0.707107 0.707107 2 60 1 60 2 440 -1 -1 -1 -1 -1 -1 -1 -1 -1 -1 -1 -1 -1 -1 -1 -1 -1 -1 -1 -1 -1 -1 -1 -1 
2 40 1 1 -9.85 -1 -9.85 -0.95 -0 -1 2 41 2 41 0 2 -1 -1 -1 -1 -1 -1 -1 -1 -1 -1 -1 -1 -1 -1 -1 -1 -1 -1 -1 -1 -1 -1 -1 -1 
2 61 1 1 -9.85 1 -9.85 0.95 -0 1 2 60 2 60 2 439 -1 -1 -1 -1 -1 -1 -1 -1 -1 -1 -1 -1 -1 -1 -1 -1 -1 -1 -1 -1 -1 -1 -1 -1 
3 40 1 1 -9.75 -1 -9.75 -0.95 -0 -1 3 41 3 41 0 3 -1 -1 -1 -1 -1 -1 -1 -1 -1 -1 -1 -1 -1 -1 -1 -1 -1 -1 -1 -1 -1 -1 -1 -1 
3 61 1 1 -9.75 1 -9.75 0.95 -0 1 3 60 3 60 2 438 -1 -1 -1 -1 -1 -1 -1 -1 -1 -1 -1 -1 -1 -1 -1 -1 -1 -1 -1 -1 -1 -1 -1 -1 
4 40 1 1 -9.65 -1 -9.65 -0.95 -0 -1 3 41 4 41 0 4 -1 -1 -1 -1 -1 -1 -1 -1 -1 -1 -1 -1 -1 -1 -1 -1 -1 -1 -1 -1 -1 -1 -1 -1 
4 61 1 1 -9.65 1 -9.65 0.95 -0 1 3 60 4 60 2 437 -1 -1 -1 -1 -1 -1 -1 -1 -1 -1 -1 -1 -1 -1 -1 -1 -1 -1 -1 -1 -1 -1 -1 -1 
5 40 1 1 -9.55 -1 -9.55 -0.95 -0 -1 4 41 5 41 0 5 -1 -1 -1 -1 -1 -1 -1 -1 -1 -1 -1 -1 -1 -1 -1 -1 -1 -1 -1 -1 -1 -1 -1 -1 
5 61 1 1 -9.55 1 -9.55 0.95 -0 1 4 60 5 60 2 436 -1 -1 -1 -1 -1 -1 -1 -1 -1 -1 -1 -1 -1 -1 -1 -1 -1 -1 -1 -1 -1 -1 -1 -1 
6 40 1 1 -9.45 -1 -9.45 -0.95 -0 -1 6 41 6 41 0 6 -1 -1 -1 -1 -1 -1 -1 -1 -1 -1 -1 -1 -1 -1 -1 -1 -1 -1 -1 -1 -1 -1 -1 -1 
6 61 1 1 -9.45 1 -9.45 0.95 -0 1 6 60 6 60 2 435 -1 -1 -1 -1 -1 -1 -1 -1 -1 -1 -1 -1 -1 -1 -1 -1 -1 -1 -1 -1 -1 -1 -1 -1 
7 40 1 1 -9.35 -1 -9.35 -0.95 -0 -1 7 41 7 41 0 7 -1 -1 -1 -1 -1 -1 -1 -1 -1 -1 -1 -1 -1 -1 -1 -1 -1 -1 -1 -1 -1 -1 -1 -1 
7 61 1 1 -9.35 1 -9.35 0.95 -0 1 7 60 7 60 2 434 -1 -1 -1 -1 -1 -1 -1 -1 -1 -1 -1 -1 -1 -1 -1 -1 -1 -1 -1 -1 -1 -1 -1 -1 
8 40 1 1 -9.25 -1 -9.25 -0.95 -0 -1 8 41 8 41 0 8 -1 -1 -1 -1 -1 -1 -1 -1 -1 -1 -1 -1 -1 -1 -1 -1 -1 -1 -1 -1 -1 -1 -1 -1 
8 61 1 1 -9.25 1 -9.25 0.95 -0 1 8 60 8 60 2 433 -1 -1 -1 -1 -1 -1 -1 -1 -1 -1 -1 -1 -1 -1 -1 -1 -1 -1 -1 -1 -1 -1 -1 -1 
9 40 1 1 -9.15 -1 -9.15 -0.95 -0 -1 8 41 9 41 0 9 -1 -1 -1 -1 -1 -1 -1 -1 -1 -1 -1 -1 -1 -1 -1 -1 -1 -1 -1 -1 -1 -1 -1 -1 
9 61 1 1 -9.15 1 -9.15 0.95 -0 1 8 60 9 60 2 432 -1 -1 -1 -1 -1 -1 -1 -1 -1 -1 -1 -1 -1 -1 -1 -1 -1 -1 -1 -1 -1 -1 -1 -1 
10 40 1 1 -9.05 -1 -9.05 -0.95 -0 -1 9 41 10 41 0 10 -1 -1 -1 -1 -1 -1 -1 -1 -1 -1 -1 -1 -1 -1 -1 -1 -1 -1 -1 -1 -1 -1 -1 -1 
10 61 1 1 -9.05 1 -9.05 0.95 -0 1 9 60 10 60 2 431 -1 -1 -1 -1 -1 -1 -1 -1 -1 -1 -1 -1 -1 -1 -1 -1 -1 -1 -1 -1 -1 -1 -1 -1 
11 40 1 1 -8.95 -1 -8.95 -0.95 -0 -1 11 41 11 41 0 11 -1 -1 -1 -1 -1 -1 -1 -1 -1 -1 -1 -1 -1 -1 -1 -1 -1 -1 -1 -1 -1 -1 -1 -1 
11 61 1 1 -8.95 1 -8.95 0.95 -0 1 11 60 11 60 2 430 -1 -1 -1 -1 -1 -1 -1 -1 -1 -1 -1 -1 -1 -1 -1 -1 -1 -1 -1 -1 -1 -1 -1 -1 
12 40 1 1 -8.85 -1 -8.85 -0.95 -0 -1 12 41 12 41 0 12 -1 -1 -1 -1 -1 -1 -1 -1 -1 -1 -1 -1 -1 -1 -1 -1 -1 -1 -1 -1 -1 -1 -1 -1 
12 61 1 1 -8.85 1 -8.85 0.95 -0 1 12 60 12 60 2 429 -1 -1 -1 -1 -1 -1 -1 -1 -1 -1 -1 -1 -1 -1 -1 -1 -1 -1 -1 -1 -1 -1 -1 -1 
13 40 1 1 -8.75 -1 -8.75 -0.95 -0 -1 13 41 13 41 0 13 -1 -1 -1 -1 -1 -1 -1 -1 -1 -1 -1 -1 -1 -1 -1 -1 -1 -1 -1 -1 -1 -1 -1 -1 
13 61 1 1 -8.75 1 -8.75 0.95 -0 1 13 60 13 60 2 428 -1 -1 -1 -1 -1 -1 -1 -1 -1 -1 -1 -1 -1 -1 -1 -1 -1 -1 -1 -1 -1 -1 -1 -1 
14 40 1 1 -8.65 -1 -8.65 -0.95 -0 -1 13 41 14 41 0 14 -1 -1 -1 -1 -1 -1 -1 -1 -1 -1 -1 -1 -1 -1 -1 -1 -1 -1 -1 -1 -1 -1 -1 -1 
14 61 1 1 -8.65 1 -8.65 0.95 -0 1 13 60 14 60 2 427 -1 -1 -1 -1 -1 -1 -1 -1 -1 -1 -1 -1 -1 -1 -1 -1 -1 -1 -1 -1 -1 -1 -1 -1 
15 40 1 1 -8.55 -1 -8.55 -0.95 -0 -1 14 41 15 41 0 15 -1 -1 -1 -1 -1 -1 -1 -1 -1 -1 -1 -1 -1 -1 -1 -1 -1 -1 -1 -1 -1 -1 -1 -1 
15 61 1 1 -8.55 1 -8.55 0.95 -0 1 14 60 15 60 2 426 -1 -1 -1 -1 -1 -1 -1 -1 -1 -1 -1 -1 -1 -1 -1 -1 -1 -1 -1 -1 -1 -1 -1 -1 
16 40 1 1 -8.45 -1 -8.45 -0.95 -0 -1 16 41 16 41 0 16 -1 -1 -1 -1 -1 -1 -1 -1 -1 -1 -1 -1 -1 -1 -1 -1 -1 -1 -1 -1 -1 -1 -1 -1 
16 61 1 1 -8.45 1 -8.45 0.95 -0 1 16 60 16 60 2 425 -1 -1 -1 -1 -1 -1 -1 -1 -1 -1 -1 -1 -1 -1 -1 -1 -1 -1 -1 -1 -1 -1 -1 -1 
17 40 1 1 -8.35 -1 -8.35 -0.95 -0 -1 17 41 17 41 0 17 -1 -1 -1 -1 -1 -1 -1 -1 -1 -1 -1 -1 -1 -1 -1 -1 -1 -1 -1 -1 -1 -1 -1 -1 
17 61 1 1 -8.35 1 -8.35 0.95 -0 1 17 60 17 60 2 424 -1 -1 -1 -1 -1 -1 -1 -1 -1 -1 -1 -1 -1 -1 -1 -1 -1 -1 -1 -1 -1 -1 -1 -1 
18 40 1 1 -8.25 -1 -8.25 -0.95 -0 -1 18 41 18 41 0 18 -1 -1 -1 -1 -1 -1 -1 -1 -1 -1 -1 -1 -1 -1 -1 -1 -1 -1 -1 -1 -1 -1 -1 -1 
18 61 1 1 -8.25 1 -8.25 0.95 -0 1 18 60 18 60 2 423 -1 -1 -1 -1 -1 -1 -1 -1 -1 -1 -1 -1 -1 -1 -1 -1 -1 -1 -1 -1 -1 -1 -1 -1 
19 40 1 1 -8.15 -1 -8.15 -0.95 -0 -1 18 41 19 41 0 19 -1 -1 -1 -1 -1 -1 -1 -1 -1 -1 -1 -1 -1 -1 -1 -1 -1 -1 -1 -1 -1 -1 -1 -1 
19 61 1 1 -8.15 1 -8.15 0.95 -0 1 18 60 19 60 2 422 -1 -1 -1 -1 -1 -1 -1 -1 -1 -1 -1 -1 -1 -1 -1 -1 -1 -1 -1 -1 -1 -1 -1 -1 
20 40 1 1 -8.05 -1 -8.05 -0.95 -0 -1 19 41 20 41 0 20 -1 -1 -1 -1 -1 -1 -1 -1 -1 -1 -1 -1 -1 -1 -1 -1 -1 -1 -1 -1 -1 -1 -1 -1 
20 61 1 1 -8.05 1 -8.05 0.95 -0 1 19 60 20 60 2 421 -1 -1 -1 -1 -1 -1 -1 -1 -1 -1 -1 -1 -1 -1 -1 -1 -1 -1 -1 -1 -1 -1 -1 -1 
21 40 1 1 -7.95 -1 -7.95 -0.95 -0 -1 20 41 21 41 0 21 -1 -1 -1 -1 -1 -1 -1 -1 -1 -1 -1 -1 -1 -1 -1 -1 -1 -1 -1 -1 -1 -1 -1 -1 
21 61 1 1 -7.95 1 -7.95 0.95 -0 1 20 60 21 60 2 420 -1 -1 -1 -1 -1 -1 -1 -1 -1 -1 -1 -1 -1 -1 -1 -1 -1 -1 -1 -1 -1 -1 -1 -1 
22 40 1 1 -7.85 -1 -7.85 -0.95 -0 -1 21 41 22 41 0 22 -1 -1 -1 -1 -1 -1 -1 -1 -1 -1 -1 -1 -1 -1 -1 -1 -1 -1 -1 -1 -1 -1 -1 -1 
22 61 1 1 -7.85 1 -7.85 0.95 -0 1 21 60 22 60 2 419 -1 -1 -1 -1 -1 -1 -1 -1 -1 -1 -1 -1 -1 -1 -1 -1 -1 -1 -1 -1 -1 -1 -1 -1 
23 40 1 1 -7.75 -1 -7.75 -0.95 -0 -1 22 41 23 41 0 23 -1 -1 -1 -1 -1 -1 -1 -1 -1 -1 -1 -1 -1 -1 -1 -1 -1 -1 -1 -1 -1 -1 -1 -1 
23 61 1 1 -7.75 1 -7.75 0.95 -0 1 22 60 23 60 2 418 -1 -1 -1 -1 -1 -1 -1 -1 -1 -1 -1 -1 -1 -1 -1 -1 -1 -1 -1 -1 -1 -1 -1 -1 
24 40 1 1 -7.65 -1 -7.65 -0.95 -0 -1 24 41 24 41 0 24 -1 -1 -1 -1 -1 -1 -1 -1 -1 -1 -1 -1 -1 -1 -1 -1 -1 -1 -1 -1 -1 -1 -1 -1 
24 61 1 1 -7.65 1 -7.65 0.95 -0 1 24 60 24 60 2 417 -1 -1 -1 -1 -1 -1 -1 -1 -1 -1 -1 -1 -1 -1 -1 -1 -1 -1 -1 -1 -1 -1 -1 -1 
25 40 1 1 -7.55 -1 -7.55 -0.95 -0 -1 24 41 25 41 0 25 -1 -1 -1 -1 -1 -1 -1 -1 -1 -1 -1 -1 -1 -1 -1 -1 -1 -1 -1 -1 -1 -1 -1 -1 
25 61 1 1 -7.55 1 -7.55 0.95 -0 1 24 60 25 60 2 416 -1 -1 -1 -1 -1 -1 -1 -1 -1 -1 -1 -1 -1 -1 -1 -1 -1 -1 -1 -1 -1 -1 -1 -1 
26 40 1 1 -7.45 -1 -7.45 -0.95 -0 -1 25 41 26 41 0 26 -1 -1 -1 -1 -1 -1 -1 -1 -1 -1 -1 -1 -1 -1 -1 -1 -1 -1 -1 -1 -1 -1 -1 -1 
26 61 1 1 -7.45 1 -7.45 0.95 -0 1 25 60 26 60 2 415 -1 -1 -1 -1 -1 -1 -1 -1 -1 -1 -1 -1 -1 -1 -1 -1 -1 -1 -1 -1 -1 -1 -1 -1 
27 40 1 1 -7.35 -1 -7.35 -0.95 -0 -1 26 41 27 41 0 27 -1 -1 -1 -1 -1 -1 -1 -1 -1 -1 -1 -1 -1 -1 -1 -1 -1 -1 -1 -1 -1 -1 -1 -1 
27 61 1 1 -7.35 1 -7.35 0.95 -0 1 26 60 27 60 2 414 -1 -1 -1 -1 -1 -1 -1 -1 -1 -1 -1 -1 -1 -1 -1 -1 -1 -1 -1 -1 -1 -1 -1 -1 
28 40 1 1 -7.25 -1 -7.25 -0.95 -0 -1 27 41 28 41 0 28 -1 -1 -1 -1 -1 -1 -1 -1 -1 -1 -1 -1 -1 -1 -1 -1 -1 -1 -1 -1 -1 -1 -1 -1 
28 61 1 1 -7.25 1 -7.25 0.95 -0 1 27 60 28 60 2 413 -1 -1 -1 -1 -1 -1 -1 -1 -1 -1 -1 -1 -1 -1 -1 -1 -1 -1 -1 -1 -1 -1 -1 -1 
29 40 1 1 -7.15 -1 -7.15 -0.95 -0 -1 29 41 29 41 0 29 -1 -1 -1 -1 -1 -1 -1 -1 -1 -1 -1 -1 -1 -1 -1 -1 -1 -1 -1 -1 -1 -1 -1 -1 
29 61 1 1 -7.15 1 -7.15 0.95 -0 1 29 60 29 60 2 412 -1 -1 -1 -1 -1 -1 -1 -1 -1 -1 -1 -1 -1 -1 -1 -1 -1 -1 -1 -1 -1 -1 -1 -1 
30 40 1 1 -7.05 -1 -7.05 -0.95 -0 -1 29 41 30 41 0 30 -1 -1 -1 -1 -1 -1 -1 -1 -1 -1 -1 -1 -1 -1 -1 -1 -1 -1 -1 -1 -1 -1 -1 -1 
30 61 1 1 -7.05 1 -7.05 0.95 -0 1 29 60 30 60 2 411 -1 -1 -1 -1 -1 -1 -1 -1 -1 -1 -1 -1 -1 -1 -1 -1 -1 -1 -1 -1 -1 -1 -1 -1 
31 40 1 1 -6.95 -1 -6.95 -0.95 -0 -1 30 41 31 41 0 31 -1 -1 -1 -1 -1 -1 -1 -1 -1 -1 -1 -1 -1 -1 -1 -1 -1 -1 -1 -1 -1 -1 -1 -1 
31 61 1 1 -6.95 1 -6.95 0.95 -0 1 30 60 31 60 2 410 -1 -1 -1 -1 -1 -1 -1 -1 -1 -1 -1 -1 -1 -1 -1 -1 -1 -1 -1 -1 -1 -1 -1 -1 
32 40 1 1 -6.85 -1 -6.85 -0.95 -0 -1 31 41 32 41 0 32 -1 -1 -1 -1 -1 -1 -1 -1 -1 -1 -1 -1 -1 -1 -1 -1 -1 -1 -1 -1 -1 -1 -1 -1 
32 61 1 1 -6.85 1 -6.85 0.95 -0 1 31 60 32 60 2 409 -1 -1 -1 -1 -1 -1 -1 -1 -1 -1 -1 -1 -1 -1 -1 -1 -1 -1 -1 -1 -1 -1 -1 -1 
33 40 1 1 -6.75 -1 -6.75 -0.95 -0 -1 32 41 33 41 0 33 -1 -1 -1 -1 -1 -1 -1 -1 -1 -1 -1 -1 -1 -1 -1 -1 -1 -1 -1 -1 -1 -1 -1 -1 
33 61 1 1 -6.75 1 -6.75 0.95 -0 1 32 60 33 60 2 408 -1 -1 -1 -1 -1 -1 -1 -1 -1 -1 -1 -1 -1 -1 -1 -1 -1 -1 -1 -1 -1 -1 -1 -1 
34 40 1 1 -6.65 -1 -6.65 -0.95 -0 -1 34 41 34 41 0 34 -1 -1 -1 -1 -1 -1 -1 -1 -1 -1 -1 -1 -1 -1 -1 -1 -1 -1 -1 -1 -1 -1 -1 -1 
34 61 1 1 -6.65 1 -6.65 0.95 -0 1 34 60 34 60 2 407 -1 -1 -1 -1 -1 -1 -1 -1 -1 -1 -1 -1 -1 -1 -1 -1 -1 -1 -1 -1 -1 -1 -1 -1 
35 40 1 1 -6.55 -1 -6.55 -0.95 -0 -1 34 41 35 41 0 35 -1 -1 -1 -1 -1 -1 -1 -1 -1 -1 -1 -1 -1 -1 -1 -1 -1 -1 -1 -1 -1 -1 -1 -1 
35 61 1 1 -6.55 1 -6.55 0.95 -0 1 34 60 35 60 2 406 -1 -1 -1 -1 -1 -1 -1 -1 -1 -1 -1 -1 -1 -1 -1 -1 -1 -1 -1 -1 -1 -1 -1 -1 
36 40 1 1 -6.45 -1 -6.45 -0.95 -0 -1 35 41 36 41 0 36 -1 -1 -1 -1 -1 -1 -1 -1 -1 -1 -1 -1 -1 -1 -1 -1 -1 -1 -1 -1 -1 -1 -1 -1 
36 61 1 1 -6.45 1 -6.45 0.95 -0 1 35 60 36 60 2 405 -1 -1 -1 -1 -1 -1 -1 -1 -1 -1 -1 -1 -1 -1 -1 -1 -1 -1 -1 -1 -1 -1 -1 -1 
37 40 1 1 -6.35 -1 -6.35 -0.95 -0 -1 36 41 37 41 0 37 -1 -1 -1 -1 -1 -1 -1 -1 -1 -1 -1 -1 -1 -1 -1 -1 -1 -1 -1 -1 -1 -1 -1 -1 
37 61 1 1 -6.35 1 -6.35 0.95 -0 1 36 60 37 60 2 404 -1 -1 -1 -1 -1 -1 -1 -1 -1 -1 -1 -1 -1 -1 -1 -1 -1 -1 -1 -1 -1 -1 -1 -1 
38 40 1 1 -6.25 -1 -6.25 -0.95 -0 -1 37 41 38 41 0 38 -1 -1 -1 -1 -1 -1 -1 -1 -1 -1 -1 -1 -1 -1 -1 -1 -1 -1 -1 -1 -1 -1 -1 -1 
38 61 1 1 -6.25 1 -6.25 0.95 -0 1 37 60 38 60 2 403 -1 -1 -1 -1 -1 -1 -1 -1 -1 -1 -1 -1 -1 -1 -1 -1 -1 -1 -1 -1 -1 -1 -1 -1 
39 40 1 1 -6.15 -1 -6.15 -0.95 -0 -1 39 41 39 41 0 39 -1 -1 -1 -1 -1 -1 -1 -1 -1 -1 -1 -1 -1 -1 -1 -1 -1 -1 -1 -1 -1 -1 -1 -1 
39 61 1 1 -6.15 1 -6.15 0.95 -0 1 39 60 39 60 2 402 -1 -1 -1 -1 -1 -1 -1 -1 -1 -1 -1 -1 -1 -1 -1 -1 -1 -1 -1 -1 -1 -1 -1 -1 
40 40 1 1 -6.05 -1 -6.05 -0.95 -0 -1 39 41 40 41 0 40 -1 -1 -1 -1 -1 -1 -1 -1 -1 -1 -1 -1 -1 -1 -1 -1 -1 -1 -1 -1 -1 -1 -1 -1 
40 61 1 1 -6.05 1 -6.05 0.95 -0 1 39 60 40 60 2 401 -1 -1 -1 -1 -1 -1 -1 -1 -1 -1 -1 -1 -1 -1 -1 -1 -1 -1 -1 -1 -1 -1 -1 -1 
41 40 1 1 -5.95 -1 -5.95 -0.95 -0 -1 40 41 41 41 0 41 -1 -1 -1 -1 -1 -1 -1 -1 -1 -1 -1 -1 -1 -1 -1 -1 -1 -1 -1 -1 -1 -1 -1 -1 
41 61 1 1 -5.95 1 -5.95 0.95 -0 1 40 60 41 60 2 400 -1 -1 -1 -1 -1 -1 -1 -1 -1 -1 -1 -1 -1 -1 -1 -1 -1 -1 -1 -1 -1 -1 -1 -1 
42 40 1 1 -5.85 -1 -5.85 -0.95 -0 -1 41 41 42 41 0 42 -1 -1 -1 -1 -1 -1 -1 -1 -1 -1 -1 -1 -1 -1 -1 -1 -1 -1 -1 -1 -1 -1 -1 -1 
42 61 1 1 -5.85 1 -5.85 0.95 -0 1 41 60 42 60 2 399 -1 -1 -1 -1 -1 -1 -1 -1 -1 -1 -1 -1 -1 -1 -1 -1 -1 -1 -1 -1 -1 -1 -1 -1 
43 40 1 1 -5.75 -1 -5.75 -0.95 -0 -1 42 41 43 41 0 43 -1 -1 -1 -1 -1 -1 -1 -1 -1 -1 -1 -1 -1 -1 -1 -1 -1 -1 -1 -1 -1 -1 -1 -1 
43 61 1 1 -5.75 1 -5.75 0.95 -0 1 42 60 43 60 2 398 -1 -1 -1 -1 -1 -1 -1 -1 -1 -1 -1 -1 -1 -1 -1 -1 -1 -1 -1 -1 -1 -1 -1 -1 
44 40 1 1 -5.65 -1 -5.65 -0.95 -0 -1 44 41 44 41 0 44 -1 -1 -1 -1 -1 -1 -1 -1 -1 -1 -1 -1 -1 -1 -1 -1 -1 -1 -1 -1 -1 -1 -1 -1 
44 61 1 1 -5.65 1 -5.65 0.95 -0 1 44 60 44 60 2 397 -1 -1 -1 -1 -1 -1 -1 -1 -1 -1 -1 -1 -1 -1 -1 -1 -1 -1 -1 -1 -1 -1 -1 -1 
45 40 1 1 -5.55 -1 -5.55 -0.95 -0 -1 44 41 45 41 0 45 -1 -1 -1 -1 -1 -1 -1 -1 -1 -1 -1 -1 -1 -1 -1 -1 -1 -1 -1 -1 -1 -1 -1 -1 
45 61 1 1 -5.55 1 -5.55 0.95 -0 1 44 60 45 60 2 396 -1 -1 -1 -1 -1 -1 -1 -1 -1 -1 -1 -1 -1 -1 -1 -1 -1 -1 -1 -1 -1 -1 -1 -1 
46 40 1 1 -5.45 -1 -5.45 -0.95 -0 -1 45 41 46 41 0 46 -1 -1 -1 -1 -1 -1 -1 -1 -1 -1 -1 -1 -1 -1 -1 -1 -1 -1 -1 -1 -1 -1 -1 -1 
46 61 1 1 -5.45 1 -5.45 0.95 -0 1 45 60 46 60 2 395 -1 -1 -1 -1 -1 -1 -1 -1 -1 -1 -1 -1 -1 -1 -1 -1 -1 -1 -1 -1 -1 -1 -1 -1 
47 40 1 1 -5.35 -1 -5.35 -0.95 -0 -1 46 41 47 41 0 47 -1 -1 -1 -1 -1 -1 -1 -1 -1 -1 -1 -1 -1 -1 -1 -1 -1 -1 -1 -1 -1 -1 -1 -1 
47 61 1 1 -5.35 1 -5.35 0.95 -0 1 46 60 47 60 2 394 -1 -1 -1 -1 -1 -1 -1 -1 -1 -1 -1 -1 -1 -1 -1 -1 -1 -1 -1 -1 -1 -1 -1 -1 
48 40 1 1 -5.25 -1 -5.25 -0.95 -0 -1 47 41 48 41 0 48 -1 -1 -1 -1 -1 -1 -1 -1 -1 -1 -1 -1 -1 -1 -1 -1 -1 -1 -1 -1 -1 -1 -1 -1 
48 61 1 1 -5.25 1 -5.25 0.95 -0 1 47 60 48 60 2 393 -1 -1 -1 -1 -1 -1 -1 -1 -1 -1 -1 -1 -1 -1 -1 -1 -1 -1 -1 -1 -1 -1 -1 -1 
49 40 1 1 -5.15 -1 -5.15 -0.95 -0 -1 48 41 49 41 0 49 -1 -1 -1 -1 -1 -1 -1 -1 -1 -1 -1 -1 -1 -1 -1 -1 -1 -1 -1 -1 -1 -1 -1 -1 
49 61 1 1 -5.15 1 -5.15 0.95 -0 1 48 60 49 60 2 392 -1 -1 -1 -1 -1 -1 -1 -1 -1 -1 -1 -1 -1 -1 -1 -1 -1 -1 -1 -1 -1 -1 -1 -1 
50 40 1 1 -5.05 -1 -5.05 -0.95 -0 -1 49 41 50 41 0 50 -1 -1 -1 -1 -1 -1 -1 -1 -1 -1 -1 -1 -1 -1 -1 -1 -1 -1 -1 -1 -1 -1 -1 -1 
50 61 1 1 -5.05 1 -5.05 0.95 -0 1 49 60 50 60 2 391 -1 -1 -1 -1 -1 -1 -1 -1 -1 -1 -1 -1 -1 -1 -1 -1 -1 -1 -1 -1 -1 -1 -1 -1 
51 40 1 1 -4.95 -1 -4.95 -0.95 -0 -1 51 41 51 41 0 51 -1 -1 -1 -1 -1 -1 -1 -1 -1 -1 -1 -1 -1 -1 -1 -1 -1 -1 -1 -1 -1 -1 -1 -1 
51 61 1 1 -4.95 1 -4.95 0.95 -0 1 51 60 51 60 2 390 -1 -1 -1 -1 -1 -1 -1 -1 -1 -1 -1 -1 -1 -1 -1 -1 -1 -1 -1 -1 -1 -1 -1 -1 
52 40 1 1 -4.85 -1 -4.85 -0.95 -0 -1 51 41 52 41 0 52 -1 -1 -1 -1 -1 -1 -1 -1 -1 -1 -1 -1 -1 -1 -1 -1 -1 -1 -1 -1 -1 -1 -1 -1 
52 61 1 1 -4.85 1 -4.85 0.95 -0 1 51 60 52 60 2 389 -1 -1 -1 -1 -1 -1 -1 -1 -1 -1 -1 -1 -1 -1 -1 -1 -1 -1 -1 -1 -1 -1 -1 -1 
53 40 1 1 -4.75 -1 -4.75 -0.95 -0 -1 52 41 53 41 0 53 -1 -1 -1 -1 -1 -1 -1 -1 -1 -1 -1 -1 -1 -1 -1 -1 -1 -1 -1 -1 -1 -1 -1 -1 
53 61 1 1 -4.75 1 -4.75 0.95 -0 1 52 60 53 60 2 388 -1 -1 -1 -1 -1 -1 -1 -1 -1 -1 -1 -1 -1 -1 -1 -1 -1 -1 -1 -1 -1 -1 -1 -1 
54 40 1 1 -4.65 -1 -4.65 -0.95 -0 -1 53 41 54 41 0 54 -1 -1 -1 -1 -1 -1 -1 -1 -1 -1 -1 -1 -1 -1 -1 -1 -1 -1 -1 -1 -1 -1 -1 -1 
54 61 1 1 -4.65 1 -4.65 0.95 -0 1 53 60 54 60 2 387 -1 -1 -1 -1 -1 -1 -1 -1 -1 -1 -1 -1 -1 -1 -1 -1 -1 -1 -1 -1 -1 -1 -1 -1 
55 40 1 1 -4.55 -1 -4.55 -0.95 -0 -1 54 41 55 41 0 55 -1 -1 -1 -1 -1 -1 -1 -1 -1 -1 -1 -1 -1 -1 -1 -1 -1 -1 -1 -1 -1 -1 -1 -1 
55 61 1 1 -4.55 1 -4.55 0.95 -0 1 54 60 55 60 2 386 -1 -1 -1 -1 -1 -1 -1 -1 -1 -1 -1 -1 -1 -1 -1 -1 -1 -1 -1 -1 -1 -1 -1 -1 
56 40 1 1 -4.45 -1 -4.45 -0.95 -0 -1 56 41 56 41 0 56 -1 -1 -1 -1 -1 -1 -1 -1 -1 -1 -1 -1 -1 -1 -1 -1 -1 -1 -1 -1 -1 -1 -1 -1 
56 61 1 1 -4.45 1 -4.45 0.95 -0 1 56 60 56 60 2 385 -1 -1 -1 -1 -1 -1 -1 -1 -1 -1 -1 -1 -1 -1 -1 -1 -1 -1 -1 -1 -1 -1 -1 -1 
57 40 1 1 -4.35 -1 -4.35 -0.95 -0 -1 56 41 57 41 0 57 -1 -1 -1 -1 -1 -1 -1 -1 -1 -1 -1 -1 -1 -1 -1 -1 -1 -1 -1 -1 -1 -1 -1 -1 
57 61 1 1 -4.35 1 -4.35 0.95 -0 1 56 60 57 60 2 384 -1 -1 -1 -1 -1 -1 -1 -1 -1 -1 -1 -1 -1 -1 -1 -1 -1 -1 -1 -1 -1 -1 -1 -1 
58 40 1 1 -4.25 -1 -4.25 -0.95 -0 -1 57 41 58 41 0 58 -1 -1 -1 -1 -1 -1 -1 -1 -1 -1 -1 -1 -1 -1 -1 -1 -1 -1 -1 -1 -1 -1 -1 -1 
58 61 1 1 -4.25 1 -4.25 0.95 -0 1 57 60 58 60 2 383 -1 -1 -1 -1 -1 -1 -1 -1 -1 -1 -1 -1 -1 -1 -1 -1 -1 -1 -1 -1 -1 -1 -1 -1 
59 40 1 1 -4.15 -1 -4.15 -0.95 -0 -1 58 41 59 41 0 59 -1 -1 -1 -1 -1 -1 -1 -1 -1 -1 -1 -1 -1 -1 -1 -1 -1 -1 -1 -1 -1 -1 -1 -1 
59 61 1 1 -4.15 1 -4.15 0.95 -0 1 58 60 59 60 2 382 -1 -1 -1 -1 -1 -1 -1 -1 -1 -1 -1 -1 -1 -1 -1 -1 -1 -1 -1 -1 -1 -1 -1 -1 
60 40 1 1 -4.05 -1 -4.05 -0.95 -0 -1 59 41 60 41 0 60 -1 -1 -1 -1 -1 -1 -1 -1 -1 -1 -1 -1 -1 -1 -1 -1 -1 -1 -1 -1 -1 -1 -1 -1 
60 61 1 1 -4.05 1 -4.05 0.95 -0 1 59 60 60 60 2 381 -1 -1 -1 -1 -1 -1 -1 -1 -1 -1 -1 -1 -1 -1 -1 -1 -1 -1 -1 -1 -1 -1 -1 -1 
61 40 1 1 -3.95 -1 -3.95 -0.95 -0 -1 60 41 61 41 0 61 -1 -1 -1 -1 -1 -1 -1 -1 -1 -1 -1 -1 -1 -1 -1 -1 -1 -1 -1 -1 -1 -1 -1 -1 
61 61 1 1 -3.95 1 -3.95 0.95 -0 1 60 60 61 60 2 380 -1 -1 -1 -1 -1 -1 -1 -1 -1 -1 -1 -1 -1 -1 -1 -1 -1 -1 -1 -1 -1 -1 -1 -1 
62 40 1 1 -3.85 -1 -3.85 -0.95 -0 -1 61 41 62 41 0 62 -1 -1 -1 -1 -1 -1 -1 -1 -1 -1 -1 -1 -1 -1 -1 -1 -1 -1 -1 -1 -1 -1 -1 -1 
62 61 1 1 -3.85 1 -3.85 0.95 -0 1 61 60 62 60 2 379 -1 -1 -1 -1 -1 -1 -1 -1 -1 -1 -1 -1 -1 -1 -1 -1 -1 -1 -1 -1 -1 -1 -1 -1 
63 40 1 1 -3.75 -1 -3.75 -0.95 -0 -1 63 41 63 41 0 63 -1 -1 -1 -1 -1 -1 -1 -1 -1 -1 -1 -1 -1 -1 -1 -1 -1 -1 -1 -1 -1 -1 -1 -1 
63 61 1 1 -3.75 1 -3.75 0.95 -0 1 63 60 63 60 2 378 -1 -1 -1 -1 -1 -1 -1 -1 -1 -1 -1 -1 -1 -1 -1 -1 -1 -1 -1 -1 -1 -1 -1 -1 
64 40 1 1 -3.65 -1 -3.65 -0.95 -0 -1 64 41 64 41 0 64 -1 -1 -1 -1 -1 -1 -1 -1 -1 -1 -1 -1 -1 -1 -1 -1 -1 -1 -1 -1 -1 -1 -1 -1 
64 61 1 1 -3.65 1 -3.65 0.95 -0 1 64 60 64 60 2 377 -1 -1 -1 -1 -1 -1 -1 -1 -1 -1 -1 -1 -1 -1 -1 -1 -1 -1 -1 -1 -1 -1 -1 -1 
65 40 1 1 -3.55 -1 -3.55 -0.95 -0 -1 64 41 65 41 0 65 -1 -1 -1 -1 -1 -1 -1 -1 -1 -1 -1 -1 -1 -1 -1 -1 -1 -1 -1 -1 -1 -1 -1 -1 
65 61 1 1 -3.55 1 -3.55 0.95 -0 1 64 60 65 60 2 376 -1 -1 -1 -1 -1 -1 -1 -1 -1 -1 -1 -1 -1 -1 -1 -1 -1 -1 -1 -1 -1 -1 -1 -1 
66 40 1 1 -3.45 -1 -3.45 -0.95 -0 -1 65 41 66 41 0 66 -1 -1 -1 -1 -1 -1 -1 -1 -1 -1 -1 -1 -1 -1 -1 -1 -1 -1 -1 -1 -1 -1 -1 -1 
66 61 1 1 -3.45 1 -3.45 0.95 -0 1 65 60 66 60 2 375 -1 -1 -1 -1 -1 -1 -1 -1 -1 -1 -1 -1 -1 -1 -1 -1 -1 -1 -1 -1 -1 -1 -1 -1 
67 40 1 1 -3.35 -1 -3.35 -0.95 -0 -1 66 41 67 41 0 67 -1 -1 -1 -1 -1 -1 -1 -1 -1 -1 -1 -1 -1 -1 -1 -1 -1 -1 -1 -1 -1 -1 -1 -1 
67 61 1 1 -3.35 1 -3.35 0.95 -0 1 66 60 67 60 2 374 -1 -1 -1 -1 -1 -1 -1 -1 -1 -1 -1 -1 -1 -1 -1 -1 -1 -1 -1 -1 -1 -1 -1 -1 
68 40 1 1 -3.25 -1 -3.25 -0.95 -0 -1 68 41 68 41 0 68 -1 -1 -1 -1 -1 -1 -1 -1 -1 -1 -1 -1 -1 -1 -1 -1 -1 -1 -1 -1 -1 -1 -1 -1 
68 61 1 1 -3.25 1 -3.25 0.95 -0 1 68 60 68 60 2 373 -1 -1 -1 -1 -1 -1 -1 -1 -1 -1 -1 -1 -1 -1 -1 -1 -1 -1 -1 -1 -1 -1 -1 -1 
69 40 1 1 -3.15 -1 -3.15 -0.95 -0 -1 69 41 69 41 0 69 -1 -1 -1 -1 -1 -1 -1 -1 -1 -1 -1 -1 -1 -1 -1 -1 -1 -1 -1 -1 -1 -1 -1 -1 
69 61 1 1 -3.15 1 -3.15 0.95 -0 1 69 60 69 60 2 372 -1 -1 -1 -1 -1 -1 -1 -1 -1 -1 -1 -1 -1 -1 -1 -1 -1 -1 -1 -1 -1 -1 -1 -1 
70 40 1 1 -3.05 -1 -3.05 -0.95 -0 -1 69 41 70 41 0 70 -1 -1 -1 -1 -1 -1 -1 -1 -1 -1 -1 -1 -1 -1 -1 -1 -1 -1 -1 -1 -1 -1 -1 -1 
70 61 1 1 -3.05 1 -3.05 0.95 -0 1 69 60 70 60 2 371 -1 -1 -1 -1 -1 -1 -1 -1 -1 -1 -1 -1 -1 -1 -1 -1 -1 -1 -1 -1 -1 -1 -1 -1 
71 40 1 1 -2.95 -1 -2.95 -0.95 -0 -1 70 41 71 41 0 71 -1 -1 -1 -1 -1 -1 -1 -1 -1 -1 -1 -1 -1 -1 -1 -1 -1 -1 -1 -1 -1 -1 -1 -1 
71 61 1 1 -2.95 1 -2.95 0.95 -0 1 70 60 71 60 2 370 -1 -1 -1 -1 -1 -1 -1 -1 -1 -1 -1 -1 -1 -1 -1 -1 -1 -1 -1 -1 -1 -1 -1 -1 
72 40 1 1 -2.85 -1 -2.85 -0.95 -0 -1 71 41 72 41 0 72 -1 -1 -1 -1 -1 -1 -1 -1 -1 -1 -1 -1 -1 -1 -1 -1 -1 -1 -1 -1 -1 -1 -1 -1 
72 61 1 1 -2.85 1 -2.85 0.95 -0 1 71 60 72 60 2 369 -1 -1 -1 -1 -1 -1 -1 -1 -1 -1 -1 -1 -1 -1 -1 -1 -1 -1 -1 -1 -1 -1 -1 -1 
73 40 1 1 -2.75 -1 -2.75 -0.95 -0 -1 73 41 73 41 0 73 -1 -1 -1 -1 -1 -1 -1 -1 -1 -1 -1 -1 -1 -1 -1 -1 -1 -1 -1 -1 -1 -1 -1 -1 
73 61 1 1 -2.75 1 -2.75 0.95 -0 1 73 60 73 60 2 368 -1 -1 -1 -1 -1 -1 -1 -1 -1 -1 -1 -1 -1 -1 -1 -1 -1 -1 -1 -1 -1 -1 -1 -1 
74 40 1 1 -2.65 -1 -2.65 -0.95 -0 -1 74 41 74 41 0 74 -1 -1 -1 -1 -1 -1 -1 -1 -1 -1 -1 -1 -1 -1 -1 -1 -1 -1 -1 -1 -1 -1 -1 -1 
74 61 1 1 -2.65 1 -2.65 0.95 -0 1 74 60 74 60 2 367 -1 -1 -1 -1 -1 -1 -1 -1 -1 -1 -1 -1 -1 -1 -1 -1 -1 -1 -1 -1 -1 -1 -1 -1 
75 40 1 1 -2.55 -1 -2.55 -0.95 -0 -1 75 41 75 41 0 75 -1 -1 -1 -1 -1 -1 -1 -1 -1 -1 -1 -1 -1 -1 -1 -1 -1 -1 -1 -1 -1 -1 -1 -1 
75 61 1 1 -2.55 1 -2.55 0.95 -0 1 75 60 75 60 2 366 -1 -1 -1 -1 -1 -1 -1 -1 -1 -1 -1 -1 -1 -1 -1 -1 -1 -1 -1 -1 -1 -1 -1 -1 
76 40 1 1 -2.45 -1 -2.45 -0.95 -0 -1 75 41 76 41 0 76 -1 -1 -1 -1 -1 -1 -1 -1 -1 -1 -1 -1 -1 -1 -1 -1 -1 -1 -1 -1 -1 -1 -1 -1 
76 61 1 1 -2.45 1 -2.45 0.95 -0 1 75 60 76 60 2 365 -1 -1 -1 -1 -1 -1 -1 -1 -1 -1 -1 -1 -1 -1 -1 -1 -1 -1 -1 -1 -1 -1 -1 -1 
77 40 1 1 -2.35 -1 -2.35 -0.95 -0 -1 76 41 77 41 0 77 -1 -1 -1 -1 -1 -1 -1 -1 -1 -1 -1 -1 -1 -1 -1 -1 -1 -1 -1 -1 -1 -1 -1 -1 
77 61 1 1 -2.35 1 -2.35 0.95 -0 1 76 60 77 60 2 364 -1 -1 -1 -1 -1 -1 -1 -1 -1 -1 -1 -1 -1 -1 -1 -1 -1 -1 -1 -1 -1 -1 -1 -1 
78 40 1 1 -2.25 -1 -2.25 -0.95 -0 -1 77 41 78 41 0 78 -1 -1 -1 -1 -1 -1 -1 -1 -1 -1 -1 -1 -1 -1 -1 -1 -1 -1 -1 -1 -1 -1 -1 -1 
78 61 1 1 -2.25 1 -2.25 0.95 -0 1 77 60 78 60 2 363 -1 -1 -1 -1 -1 -1 -1 -1 -1 -1 -1 -1 -1 -1 -1 -1 -1 -1 -1 -1 -1 -1 -1 -1 
79 40 1 1 -2.15 -1 -2.15 -0.95 -0 -1 79 41 79 41 0 79 -1 -1 -1 -1 -1 -1 -1 -1 -1 -1 -1 -1 -1 -1 -1 -1 -1 -1 -1 -1 -1 -1 -1 -1 
79 61 1 1 -2.15 1 -2.15 0.95 -0 1 79 60 79 60 2 362 -1 -1 -1 -1 -1 -1 -1 -1 -1 -1 -1 -1 -1 -1 -1 -1 -1 -1 -1 -1 -1 -1 -1 -1 
80 40 1 1 -2.05 -1 -2.05 -0.95 -0 -1 80 41 80 41 0 80 -1 -1 -1 -1 -1 -1 -1 -1 -1 -1 -1 -1 -1 -1 -1 -1 -1 -1 -1 -1 -1 -1 -1 -1 
80 61 1 1 -2.05 1 -2.05 0.95 -0 1 80 60 80 60 2 361 -1 -1 -1 -1 -1 -1 -1 -1 -1 -1 -1 -1 -1 -1 -1 -1 -1 -1 -1 -1 -1 -1 -1 -1 
81 40 1 1 -1.95 -1 -1.95 -0.95 -0 -1 81 41 81 41 0 81 -1 -1 -1 -1 -1 -1 -1 -1 -1 -1 -1 -1 -1 -1 -1 -1 -1 -1 -1 -1 -1 -1 -1 -1 
81 61 1 1 -1.95 1 -1.95 0.95 -0 1 81 60 81 60 2 360 -1 -1 -1 -1 -1 -1 -1 -1 -1 -1 -1 -1 -1 -1 -1 -1 -1 -1 -1 -1 -1 -1 -1 -1 
82 40 1 1 -1.85 -1 -1.85 -0.95 -0 -1 81 41 82 41 0 82 -1 -1 -1 -1 -1 -1 -1 -1 -1 -1 -1 -1 -1 -1 -1 -1 -1 -1 -1 -1 -1 -1 -1 -1 
82 61 1 1 -1.85 1 -1.85 0.95 -0 1 81 60 82 60 2 359 -1 -1 -1 -1 -1 -1 -1 -1 -1 -1 -1 -1 -1 -1 -1 -1 -1 -1 -1 -1 -1 -1 -1 -1 
83 40 1 1 -1.75 -1 -1.75 -0.95 -0 -1 83 41 83 41 0 83 -1 -1 -1 -1 -1 -1 -1 -1 -1 -1 -1 -1 -1 -1 -1 -1 -1 -1 -1 -1 -1 -1 -1 -1 
83 61 1 1 -1.75 1 -1.75 0.95 -0 1 83 60 83 60 2 358 -1 -1 -1 -1 -1 -1 -1 -1 -1 -1 -1 -1 -1 -1 -1 -1 -1 -1 -1 -1 -1 -1 -1 -1 
84 40 1 1 -1.65 -1 -1.65 -0.95 -0 -1 84 41 84 41 0 84 -1 -1 -1 -1 -1 -1 -1 -1 -1 -1 -1 -1 -1 -1 -1 -1 -1 -1 -1 -1 -1 -1 -1 -1 
84 61 1 1 -1.65 1 -1.65 0.95 -0 1 84 60 84 60 2 357 -1 -1 -1 -1 -1 -1 -1 -1 -1 -1 -1 -1 -1 -1 -1 -1 -1 -1 -1 -1 -1 -1 -1 -1 
85 40 1 1 -1.55 -1 -1.55 -0.95 -0 -1 85 41 85 41 0 85 -1 -1 -1 -1 -1 -1 -1 -1 -1 -1 -1 -1 -1 -1 -1 -1 -1 -1 -1 -1 -1 -1 -1 -1 
85 61 1 1 -1.55 1 -1.55 0.95 -0 1 85 60 85 60 2 356 -1 -1 -1 -1 -1 -1 -1 -1 -1 -1 -1 -1 -1 -1 -1 -1 -1 -1 -1 -1 -1 -1 -1 -1 
86 40 1 1 -1.45 -1 -1.45 -0.95 -0 -1 86 41 86 41 0 86 -1 -1 -1 -1 -1 -1 -1 -1 -1 -1 -1 -1 -1 -1 -1 -1 -1 -1 -1 -1 -1 -1 -1 -1 
86 61 1 1 -1.45 1 -1.45 0.95 -0 1 86 60 86 60 2 355 -1 -1 -1 -1 -1 -1 -1 -1 -1 -1 -1 -1 -1 -1 -1 -1 -1 -1 -1 -1 -1 -1 -1 -1 
87 40 1 1 -1.35 -1 -1.35 -0.95 -0 -1 87 41 87 41 0 87 -1 -1 -1 -1 -1 -1 -1 -1 -1 -1 -1 -1 -1 -1 -1 -1 -1 -1 -1 -1 -1 -1 -1 -1 
87 61 1 1 -1.35 1 -1.35 0.95 -0 1 87 60 87 60 2 354 -1 -1 -1 -1 -1 -1 -1 -1 -1 -1 -1 -1 -1 -1 -1 -1 -1 -1 -1 -1 -1 -1 -1 -1 
88 40 1 1 -1.25 -1 -1.25 -0.95 -0 -1 88 41 88 41 0 88 -1 -1 -1 -1 -1 -1 -1 -1 -1 -1 -1 -1 -1 -1 -1 -1 -1 -1 -1 -1 -1 -1 -1 -1 
88 61 1 1 -1.25 1 -1.25 0.95 -0 1 88 60 88 60 2 353 -1 -1 -1 -1 -1 -1 -1 -1 -1 -1 -1 -1 -1 -1 -1 -1 -1 -1 -1 -1 -1 -1 -1 -1 
89 40 1 1 -1.15 -1 -1.15 -0.95 -0 -1 89 41 89 41 0 89 -1 -1 -1 -1 -1 -1 -1 -1 -1 -1 -1 -1 -1 -1 -1 -1 -1 -1 -1 -1 -1 -1 -1 -1 
89 61 1 1 -1.15 1 -1.15 0.95 -0 1 89 60 89 60 2 352 -1 -1 -1 -1 -1 -1 -1 -1 -1 -1 -1 -1 -1 -1 -1 -1 -1 -1 -1 -1 -1 -1 -1 -1 
90 40 1 1 -1.05 -1 -1.05 -0.95 -0 -1 89 41 90 41 0 90 -1 -1 -1 -1 -1 -1 -1 -1 -1 -1 -1 -1 -1 -1 -1 -1 -1 -1 -1 -1 -1 -1 -1 -1 
90 61 1 1 -1.05 1 -1.05 0.95 -0 1 89 60 90 60 2 351 -1 -1 -1 -1 -1 -1 -1 -1 -1 -1 -1 -1 -1 -1 -1 -1 -1 -1 -1 -1 -1 -1 -1 -1 
91 40 1 1 -0.95 -1 -0.95 -0.95 -0 -1 91 41 91 41 0 91 -1 -1 -1 -1 -1 -1 -1 -1 -1 -1 -1 -1 -1 -1 -1 -1 -1 -1 -1 -1 -1 -1 -1 -1 
91 61 1 1 -0.95 1 -0.95 0.95 -0 1 91 60 91 60 2 350 -1 -1 -1 -1 -1 -1 -1 -1 -1 -1 -1 -1 -1 -1 -1 -1 -1 -1 -1 -1 -1 -1 -1 -1 
92 40 1 1 -0.85 -1 -0.85 -0.95 -0 -1 91 41 92 41 0 92 -1 -1 -1 -1 -1 -1 -1 -1 -1 -1 -1 -1 -1 -1 -1 -1 -1 -1 -1 -1 -1 -1 -1 -1 
92 61 1 1 -0.85 1 -0.85 0.95 -0 1 91 60 92 60 2 349 -1 -1 -1 -1 -1 -1 -1 -1 -1 -1 -1 -1 -1 -1 -1 -1 -1 -1 -1 -1 -1 -1 -1 -1 
93 40 1 1 -0.75 -1 -0.75 -0.95 -0 -1 93 41 93 41 0 93 -1 -1 -1 -1 -1 -1 -1 -1 -1 -1 -1 -1 -1 -1 -1 -1 -1 -1 -1 -1 -1 -1 -1 -1 
93 61 1 1 -0.75 1 -0.75 0.95 -0 1 93 60 93 60 2 348 -1 -1 -1 -1 -1 -1 -1 -1 -1 -1 -1 -1 -1 -1 -1 -1 -1 -1 -1 -1 -1 -1 -1 -1 
94 40 1 1 -0.65 -1 -0.65 -0.95 -0 -1 94 41 94 41 0 94 -1 -1 -1 -1 -1 -1 -1 -1 -1 -1 -1 -1 -1 -1 -1 -1 -1 -1 -1 -1 -1 -1 -1 -1 
94 61 1 1 -0.65 1 -0.65 0.95 -0 1 94 60 94 60 2 347 -1 -1 -1 -1 -1 -1 -1 -1 -1 -1 -1 -1 -1 -1 -1 -1 -1 -1 -1 -1 -1 -1 -1 -1 
95 40 1 1 -0.55 -1 -0.55 -0.95 -0 -1 94 41 95 41 0 95 -1 -1 -1 -1 -1 -1 -1 -1 -1 -1 -1 -1 -1 -1 -1 -1 -1 -1 -1 -1 -1 -1 -1 -1 
95 61 1 1 -0.55 1 -0.55 0.95 -0 1 94 60 95 60 2 346 -1 -1 -1 -1 -1 -1 -1 -1 -1 -1 -1 -1 -1 -1 -1 -1 -1 -1 -1 -1 -1 -1 -1 -1 
96 40 1 1 -0.45 -1 -0.45 -0.95 -0 -1 95 41 96 41 0 96 -1 -1 -1 -1 -1 -1 -1 -1 -1 -1 -1 -1 -1 -1 -1 -1 -1 -1 -1 -1 -1 -1 -1 -1 
96 61 1 1 -0.45 1 -0.45 0.95 -0 1 95 60 96 60 2 345 -1 -1 -1 -1 -1 -1 -1 -1 -1 -1 -1 -1 -1 -1 -1 -1 -1 -1 -1 -1 -1 -1 -1 -1 
97 40 1 1 -0.35 -1 -0.35 -0.95 -0 -1 96 41 97 41 0 97 -1 -1 -1 -1 -1 -1 -1 -1 -1 -1 -1 -1 -1 -1 -1 -1 -1 -1 -1 -1 -1 -1 -1 -1 
97 61 1 1 -0.35 1 -0.35 0.95 -0 1 96 60 97 60 2 344 -1 -1 -1 -1 -1 -1 -1 -1 -1 -1 -1 -1 -1 -1 -1 -1 -1 -1 -1 -1 -1 -1 -1 -1 
98 40 1 1 -0.25 -1 -0.25 -0.95 -0 -1 98 41 98 41 0 98 -1 -1 -1 -1 -1 -1 -1 -1 -1 -1 -1 -1 -1 -1 -1 -1 -1 -1 -1 -1 -1 -1 -1 -1 
98 61 1 1 -0.25 1 -0.25 0.95 -0 1 98 60 98 60 2 343 -1 -1 -1 -1 -1 -1 -1 -1 -1 -1 -1 -1 -1 -1 -1 -1 -1 -1 -1 -1 -1 -1 -1 -1 
99 40 1 1 -0.15 -1 -0.15 -0.95 -0 -1 98 41 99 41 0 99 -1 -1 -1 -1 -1 -1 -1 -1 -1 -1 -1 -1 -1 -1 -1 -1 -1 -1 -1 -1 -1 -1 -1 -1 
99 61 1 1 -0.15 1 -0.15 0.95 -0 1 98 60 99 60 2 342 -1 -1 -1 -1 -1 -1 -1 -1 -1 -1 -1 -1 -1 -1 -1 -1 -1 -1 -1 -1 -1 -1 -1 -1 
100 40 1 1 -0.05 -1 -0.05 -0.95 -0 -1 99 41 100 41 0 100 -1 -1 -1 -1 -1 -1 -1 -1 -1 -1 -1 -1 -1 -1 -1 -1 -1 -1 -1 -1 -1 -1 -1 -1 
100 61 1 1 -0.05 1 -0.05 0.95 -0 1 99 60 100 60 2 341 -1 -1 -1 -1 -1 -1 -1 -1 -1 -1 -1 -1 -1 -1 -1 -1 -1 -1 -1 -1 -1 -1 -1 -1 
101 40 1 1 0.05 -1 0.05 -0.95 -0 -1 100 41 101 41 0 101 -1 -1 -1 -1 -1 -1 -1 -1 -1 -1 -1 -1 -1 -1 -1 -1 -1 -1 -1 -1 -1 -1 -1 -1 
101 61 1 1 0.05 1 0.05 0.95 -0 1 100 60 101 60 2 340 -1 -1 -1 -1 -1 -1 -1 -1 -1 -1 -1 -1 -1 -1 -1 -1 -1 -1 -1 -1 -1 -1 -1 -1 
102 40 1 1 0.15 -1 0.15 -0.95 -0 -1 102 41 102 41 0 102 -1 -1 -1 -1 -1 -1 -1 -1 -1 -1 -1 -1 -1 -1 -1 -1 -1 -1 -1 -1 -1 -1 -1 -1 
102 61 1 1 0.15 1 0.15 0.95 -0 1 102 60 102 60 2 339 -1 -1 -1 -1 -1 -1 -1 -1 -1 -1 -1 -1 -1 -1 -1 -1 -1 -1 -1 -1 -1 -1 -1 -1 
103 40 1 1 0.25 -1 0.25 -0.95 -0 -1 102 41 103 41 0 103 -1 -1 -1 -1 -1 -1 -1 -1 -1 -1 -1 -1 -1 -1 -1 -1 -1 -1 -1 -1 -1 -1 -1 -1 
103 61 1 1 0.25 1 0.25 0.95 -0 1 102 60 103 60 2 338 -1 -1 -1 -1 -1 -1 -1 -1 -1 -1 -1 -1 -1 -1 -1 -1 -1 -1 -1 -1 -1 -1 -1 -1 
104 40 1 1 0.35 -1 0.35 -0.95 -0 -1 103 41 104 41 0 104 -1 -1 -1 -1 -1 -1 -1 -1 -1 -1 -1 -1 -1 -1 -1 -1 -1 -1 -1 -1 -1 -1 -1 -1 
104 61 1 1 0.35 1 0.35 0.95 -0 1 103 60 104 60 2 337 -1 -1 -1 -1 -1 -1 -1 -1 -1 -1 -1 -1 -1 -1 -1 -1 -1 -1 -1 -1 -1 -1 -1 -1 
105 40 1 1 0.45 -1 0.45 -0.95 -0 -1 104 41 105 41 0 105 -1 -1 -1 -1 -1 -1 -1 -1 -1 -1 -1 -1 -1 -1 -1 -1 -1 -1 -1 -1 -1 -1 -1 -1 
105 61 1 1 0.45 1 0.45 0.95 -0 1 104 60 105 60 2 336 -1 -1 -1 -1 -1 -1 -1 -1 -1 -1 -1 -1 -1 -1 -1 -1 -1 -1 -1 -1 -1 -1 -1 -1 
106 40 1 1 0.55 -1 0.55 -0.95 -0 -1 106 41 106 41 0 106 -1 -1 -1 -1 -1 -1 -1 -1 -1 -1 -1 -1 -1 -1 -1 -1 -1 -1 -1 -1 -1 -1 -1 -1 
106 61 1 1 0.55 1 0.55 0.95 -0 1 106 60 106 60 2 335 -1 -1 -1 -1 -1 -1 -1 -1 -1 -1 -1 -1 -1 -1 -1 -1 -1 -1 -1 -1 -1 -1 -1 -1 
107 40 1 1 0.65 -1 0.65 -0.95 -0 -1 107 41 107 41 0 107 -1 -1 -1 -1 -1 -1 -1 -1 -1 -1 -1 -1 -1 -1 -1 -1 -1 -1 -1 -1 -1 -1 -1 -1 
107 61 1 1 0.65 1 0.65 0.95 -0 1 107 60 107 60 2 334 -1 -1 -1 -1 -1 -1 -1 -1 -1 -1 -1 -1 -1 -1 -1 -1 -1 -1 -1 -1 -1 -1 -1 -1 
108 40 1 1 0.75 -1 0.75 -0.95 -0 -1 107 41 108 41 0 108 -1 -1 -1 -1 -1 -1 -1 -1 -1 -1 -1 -1 -1 -1 -1 -1 -1 -1 -1 -1 -1 -1 -1 -1 
108 61 1 1 0.75 1 0.75 0.95 -0 1 107 60 108 60 2 333 -1 -1 -1 -1 -1 -1 -1 -1 -1 -1 -1 -1 -1 -1 -1 -1 -1 -1 -1 -1 -1 -1 -1 -1 
109 40 1 1 0.85 -1 0.85 -0.95 -0 -1 109 41 109 41 0 109 -1 -1 -1 -1 -1 -1 -1 -1 -1 -1 -1 -1 -1 -1 -1 -1 -1 -1 -1 -1 -1 -1 -1 -1 
109 61 1 1 0.85 1 0.85 0.95 -0 1 109 60 109 60 2 332 -1 -1 -1 -1 -1 -1 -1 -1 -1 -1 -1 -1 -1 -1 -1 -1 -1 -1 -1 -1 -1 -1 -1 -1 
110 40 2 2 0.95 -1 0.95 -0.95 -0 -1 110 41 110 41 0 110 1.00769 -1.01154 1.06538 -0.973077 -0.83205 -0.5547 111 40 111 40 0 111 -1 -1 -1 -1 -1 -1 -1 -1 -1 -1 -1 -1 
110 61 2 2 1.00769 1.01154 1.06538 0.973077 -0.83205 0.5547 111 60 111 61 0 330 0.95 1 0.95 0.95 -0 1 110 60 110 60 1 331 -1 -1 -1 -1 -1 -1 -1 -1 -1 -1 -1 -1 
111 39 2 2 1.08462 -1.12692 1.11923 -1.10385 -0.83205 -0.5547 111 39 111 40 1 112 1.08462 -1.12692 1.11923 -1.10385 -0.83205 -0.5547 111 39 112 39 1 112 -1 -1 -1 -1 -1 -1 -1 -1 -1 -1 -1 -1 
111 62 2 2 1.08462 1.12692 1.11923 1.10385 -0.83205 0.5547 111 61 112 62 1 329 1.08462 1.12692 1.11923 1.10385 -0.83205 0.5547 111 61 111 61 1 329 -1 -1 -1 -1 -1 -1 -1 -1 -1 -1 -1 -1 
112 37 1 1 1.20769 -1.31154 1.26538 -1.27308 -0.83205 -0.5547 113 37 113 37 0 115 -1 -1 -1 -1 -1 -1 -1 -1 -1 -1 -1 -1 -1 -1 -1 -1 -1 -1 -1 -1 -1 -1 -1 -1 
112 38 2 2 1.16154 -1.24231 1.17308 -1.23462 -0.83205 -0.5547 112 38 112 39 1 114 1.16154 -1.24231 1.17308 -1.23462 -0.83205 -0.5547 112 38 113 38 1 114 -1 -1 -1 -1 -1 -1 -1 -1 -1 -1 -1 -1 
112 63 2 2 1.16154 1.24231 1.17308 1.23462 -0.83205 0.5547 112 62 113 63 1 327 1.16154 1.24231 1.17308 1.23462 -0.83205 0.5547 112 62 112 62 1 327 -1 -1 -1 -1 -1 -1 -1 -1 -1 -1 -1 -1 
112 64 1 1 1.20769 1.31154 1.26538 1.27308 -0.83205 0.5547 113 63 113 64 0 326 -1 -1 -1 -1 -1 -1 -1 -1 -1 -1 -1 -1 -1 -1 -1 -1 -1 -1 -1 -1 -1 -1 -1 -1 
113 36 2 2 1.28462 -1.42692 1.31923 -1.40385 -0.83205 -0.5547 113 36 113 37 1 116 1.28462 -1.42692 1.31923 -1.40385 -0.83205 -0.5547 113 36 114 36 1 116 -1 -1 -1 -1 -1 -1 -1 -1 -1 -1 -1 -1 
113 65 2 2 1.28462 1.42692 1.31923 1.40385 -0.83205 0.5547 113 64 114 65 1 325 1.28462 1.42692 1.31923 1.40385 -0.83205 0.5547 113 64 113 64 1 325 -1 -1 -1 -1 -1 -1 -1 -1 -1 -1 -1 -1 
114 34 1 1 1.40769 -1.61154 1.46538 -1.57308 -0.83205 -0.5547 115 34 115 34 0 119 -1 -1 -1 -1 -1 -1 -1 -1 -1 -1 -1 -1 -1 -1 -1 -1 -1 -1 -1 -1 -1 -1 -1 -1 
114 35 2 2 1.36154 -1.54231 1.37308 -1.53462 -0.83205 -0.5547 114 35 114 36 1 118 1.36154 -1.54231 1.37308 -1.53462 -0.83205 -0.5547 114 35 115 35 1 118 -1 -1 -1 -1 -1 -1 -1 -1 -1 -1 -1 -1 
114 66 2 2 1.36154 1.54231 1.37308 1.53462 -0.83205 0.5547 114 65 115 66 1 323 1.36154 1.54231 1.37308 1.53462 -0.83205 0.5547 114 65 114 65 1 323 -1 -1 -1 -1 -1 -1 -1 -1 -1 -1 -1 -1 
114 67 1 1 1.40769 1.61154 1.46538 1.57308 -0.83205 0.5547 115 66 115 67 0 322 -1 -1 -1 -1 -1 -1 -1 -1 -1 -1 -1 -1 -1 -1 -1 -1 -1 -1 -1 -1 -1 -1 -1 -1 
115 33 2 2 1.48462 -1.72692 1.51923 -1.70385 -0.83205 -0.5547 115 33 115 34 1 120 1.48462 -1.72692 1.51923 -1.70385 -0.83205 -0.5547 115 33 116 33 1 120 -1 -1 -1 -1 -1 -1 -1 -1 -1 -1 -1 -1 
115 68 2 2 1.48462 1.72692 1.51923 1.70385 -0.83205 0.5547 115 67 116 68 1 321 1.48462 1.72692 1.51923 1.70385 -0.83205 0.5547 115 67 115 67 1 321 -1 -1 -1 -1 -1 -1 -1 -1 -1 -1 -1 -1 
116 31 1 1 1.60769 -1.91154 1.66538 -1.87308 -0.83205 -0.5547 117 31 117 31 0 123 -1 -1 -1 -1 -1 -1 -1 -1 -1 -1 -1 -1 -1 -1 -1 -1 -1 -1 -1 -1 -1 -1 -1 -1 
116 32 2 2 1.56154 -1.84231 1.57308 -1.83462 -0.83205 -0.5547 116 32 116 33 1 122 1.56154 -1.84231 1.57308 -1.83462 -0.83205 -0.5547 116 32 117 32 1 122 -1 -1 -1 -1 -1 -1 -1 -1 -1 -1 -1 -1 
116 69 2 2 1.56154 1.84231 1.57308 1.83462 -0.83205 0.5547 116 68 117 69 1 319 1.56154 1.84231 1.57308 1.83462 -0.83205 0.5547 116 68 116 68 1 319 -1 -1 -1 -1 -1 -1 -1 -1 -1 -1 -1 -1 
116 70 1 1 1.60769 1.91154 1.66538 1.87308 -0.83205 0.5547 117 69 117 70 0 318 -1 -1 -1 -1 -1 -1 -1 -1 -1 -1 -1 -1 -1 -1 -1 -1 -1 -1 -1 -1 -1 -1 -1 -1 
117 30 2 2 1.68462 -2.02692 1.71923 -2.00385 -0.83205 -0.5547 117 30 117 31 1 124 1.68462 -2.02692 1.71923 -2.00385 -0.83205 -0.5547 117 30 118 30 1 124 -1 -1 -1 -1 -1 -1 -1 -1 -1 -1 -1 -1 
117 71 2 2 1.68462 2.02692 1.71923 2.00385 -0.83205 0.5547 117 70 118 71 1 317 1.68462 2.02692 1.71923 2.00385 -0.83205 0.5547 117 70 117 70 1 317 -1 -1 -1 -1 -1 -1 -1 -1 -1 -1 -1 -1 
118 28 1 1 1.80769 -2.21154 1.86538 -2.17308 -0.83205 -0.5547 119 28 119 28 0 127 -1 -1 -1 -1 -1 -1 -1 -1 -1 -1 -1 -1 -1 -1 -1 -1 -1 -1 -1 -1 -1 -1 -1 -1 
118 29 2 2 1.76154 -2.14231 1.77308 -2.13462 -0.83205 -0.5547 118 29 118 30 1 126 1.76154 -2.14231 1.77308 -2.13462 -0.83205 -0.5547 118 29 119 29 1 126 -1 -1 -1 -1 -1 -1 -1 -1 -1 -1 -1 -1 
118 72 2 2 1.76154 2.14231 1.77308 2.13462 -0.83205 0.5547 118 71 119 72 1 315 1.76154 2.14231 1.77308 2.13462 -0.83205 0.5547 118 71 118 71 1 315 -1 -1 -1 -1 -1 -1 -1 -1 -1 -1 -1 -1 
118 73 1 1 1.80769 2.21154 1.86538 2.17308 -0.83205 0.5547 119 72 119 73 0 314 -1 -1 -1 -1 -1 -1 -1 -1 -1 -1 -1 -1 -1 -1 -1 -1 -1 -1 -1 -1 -1 -1 -1 -1 
119 27 2 2 1.88462 -2.32692 1.91923 -2.30385 -0.83205 -0.5547 119 27 119 28 1 128 1.88462 -2.32692 1.91923 -2.30385 -0.83205 -0.5547 119 27 120 27 1 128 -1 -1 -1 -1 -1 -1 -1 -1 -1 -1 -1 -1 
119 74 2 2 1.88462 2.32692 1.91923 2.30385 -0.83205 0.5547 119 73 120 74 1 313 1.88462 2.32692 1.91923 2.30385 -0.83205 0.5547 119 73 119 73 1 313 -1 -1 -1 -1 -1 -1 -1 -1 -1 -1 -1 -1 
120 25 1 1 2.00769 -2.51154 2.06538 -2.47308 -0.83205 -0.5547 121 25 121 25 0 131 -1 -1 -1 -1 -1 -1 -1 -1 -1 -1 -1 -1 -1 -1 -1 -1 -1 -1 -1 -1 -1 -1 -1 -1 
120 26 2 2 1.96154 -2.44231 1.97308 -2.43462 -0.83205 -0.5547 120 26 120 27 1 130 1.96154 -2.44231 1.97308 -2.43462 -0.83205 -0.5547 120 26 121 26 1 130 -1 -1 -1 -1 -1 -1 -1 -1 -1 -1 -1 -1 
120 75 2 2 1.96154 2.44231 1.97308 2.43462 -0.83205 0.5547 120 74 121 75 1 311 1.96154 2.44231 1.97308 2.43462 -0.83205 0.5547 120 74 120 74 1 311 -1 -1 -1 -1 -1 -1 -1 -1 -1 -1 -1 -1 
120 76 1 1 2.00769 2.51154 2.06538 2.47308 -0.83205 0.5547 121 75 121 76 0 310 -1 -1 -1 -1 -1 -1 -1 -1 -1 -1 -1 -1 -1 -1 -1 -1 -1 -1 -1 -1 -1 -1 -1 -1 
121 24 2 2 2.08462 -2.62692 2.11923 -2.60385 -0.83205 -0.5547 121 24 121 25 1 132 2.08462 -2.62692 2.11923 -2.60385 -0.83205 -0.5547 121 24 122 24 1 132 -1 -1 -1 -1 -1 -1 -1 -1 -1 -1 -1 -1 
121 77 2 2 2.08462 2.62692 2.11923 2.60385 -0.83205 0.5547 121 76 122 77 1 309 2.08462 2.62692 2.11923 2.60385 -0.83205 0.5547 121 76 121 76 1 309 -1 -1 -1 -1 -1 -1 -1 -1 -1 -1 -1 -1 
122 22 1 1 2.20769 -2.81154 2.26538 -2.77308 -0.83205 -0.5547 123 22 123 22 0 135 -1 -1 -1 -1 -1 -1 -1 -1 -1 -1 -1 -1 -1 -1 -1 -1 -1 -1 -1 -1 -1 -1 -1 -1 
122 23 2 2 2.16154 -2.74231 2.17308 -2.73462 -0.83205 -0.5547 122 23 122 24 1 134 2.16154 -2.74231 2.17308 -2.73462 -0.83205 -0.5547 122 23 123 23 1 134 -1 -1 -1 -1 -1 -1 -1 -1 -1 -1 -1 -1 
122 78 2 2 2.16154 2.74231 2.17308 2.73462 -0.83205 0.5547 122 77 123 78 1 307 2.16154 2.74231 2.17308 2.73462 -0.83205 0.5547 122 77 122 77 1 307 -1 -1 -1 -1 -1 -1 -1 -1 -1 -1 -1 -1 
122 79 1 1 2.20769 2.81154 2.26538 2.77308 -0.83205 0.5547 123 78 123 79 0 306 -1 -1 -1 -1 -1 -1 -1 -1 -1 -1 -1 -1 -1 -1 -1 -1 -1 -1 -1 -1 -1 -1 -1 -1 
123 21 2 2 2.28462 -2.92692 2.31923 -2.90385 -0.83205 -0.5547 123 21 123 22 1 136 2.28462 -2.92692 2.31923 -2.90385 -0.83205 -0.5547 123 21 124 21 1 136 -1 -1 -1 -1 -1 -1 -1 -1 -1 -1 -1 -1 
123 80 2 2 2.28462 2.92692 2.31923 2.90385 -0.83205 0.5547 123 79 124 80 1 305 2.28462 2.92692 2.31923 2.90385 -0.83205 0.5547 123 79 123 79 1 305 -1 -1 -1 -1 -1 -1 -1 -1 -1 -1 -1 -1 
124 19 1 1 2.40769 -3.11154 2.46538 -3.07308 -0.83205 -0.5547 125 19 125 19 0 139 -1 -1 -1 -1 -1 -1 -1 -1 -1 -1 -1 -1 -1 -1 -1 -1 -1 -1 -1 -1 -1 -1 -1 -1 
124 20 2 2 2.36154 -3.04231 2.37308 -3.03462 -0.83205 -0.5547 124 20 124 21 1 138 2.36154 -3.04231 2.37308 -3.03462 -0.83205 -0.5547 124 20 125 20 1 138 -1 -1 -1 -1 -1 -1 -1 -1 -1 -1 -1 -1 
124 81 2 2 2.36154 3.04231 2.37308 3.03462 -0.83205 0.5547 124 80 125 81 1 303 2.36154 3.04231 2.37308 3.03462 -0.83205 0.5547 124 80 124 80 1 303 -1 -1 -1 -1 -1 -1 -1 -1 -1 -1 -1 -1 
124 82 1 1 2.40769 3.11154 2.46538 3.07308 -0.83205 0.5547 125 81 125 82 0 302 -1 -1 -1 -1 -1 -1 -1 -1 -1 -1 -1 -1 -1 -1 -1 -1 -1 -1 -1 -1 -1 -1 -1 -1 
125 18 2 2 2.48462 -3.22692 2.51923 -3.20385 -0.83205 -0.5547 125 18 125 19 1 140 2.48462 -3.22692 2.51923 -3.20385 -0.83205 -0.5547 125 18 126 18 1 140 -1 -1 -1 -1 -1 -1 -1 -1 -1 -1 -1 -1 
125 83 2 2 2.48462 3.22692 2.51923 3.20385 -0.83205 0.5547 125 82 126 83 1 301 2.48462 3.22692 2.51923 3.20385 -0.83205 0.5547 125 82 125 82 1 301 -1 -1 -1 -1 -1 -1 -1 -1 -1 -1 -1 -1 
126 16 1 1 2.60769 -3.41154 2.66538 -3.37308 -0.83205 -0.5547 127 16 127 16 0 143 -1 -1 -1 -1 -1 -1 -1 -1 -1 -1 -1 -1 -1 -1 -1 -1 -1 -1 -1 -1 -1 -1 -1 -1 
126 17 2 2 2.56154 -3.34231 2.57308 -3.33462 -0.83205 -0.5547 126 17 126 18 1 142 2.56154 -3.34231 2.57308 -3.33462 -0.83205 -0.5547 126 17 127 17 1 142 -1 -1 -1 -1 -1 -1 -1 -1 -1 -1 -1 -1 
126 84 2 2 2.56154 3.34231 2.57308 3.33462 -0.83205 0.5547 126 83 127 84 1 299 2.56154 3.34231 2.57308 3.33462 -0.83205 0.5547 126 83 126 83 1 299 -1 -1 -1 -1 -1 -1 -1 -1 -1 -1 -1 -1 
126 85 1 1 2.60769 3.41154 2.66538 3.37308 -0.83205 0.5547 127 84 127 85 0 298 -1 -1 -1 -1 -1 -1 -1 -1 -1 -1 -1 -1 -1 -1 -1 -1 -1 -1 -1 -1 -1 -1 -1 -1 
127 15 2 2 2.68462 -3.52692 2.71923 -3.50385 -0.83205 -0.5547 127 15 127 16 1 144 2.68462 -3.52692 2.71923 -3.50385 -0.83205 -0.5547 127 15 128 15 1 144 -1 -1 -1 -1 -1 -1 -1 -1 -1 -1 -1 -1 
127 86 2 2 2.68462 3.52692 2.71923 3.50385 -0.83205 0.5547 127 85 128 86 1 297 2.68462 3.52692 2.71923 3.50385 -0.83205 0.5547 127 85 127 85 1 297 -1 -1 -1 -1 -1 -1 -1 -1 -1 -1 -1 -1 
128 13 1 1 2.80769 -3.71154 2.86538 -3.67308 -0.83205 -0.5547 129 13 129 13 0 147 -1 -1 -1 -1 -1 -1 -1 -1 -1 -1 -1 -1 -1 -1 -1 -1 -1 -1 -1 -1 -1 -1 -1 -1 
128 14 2 2 2.76154 -3.64231 2.77308 -3.63462 -0.83205 -0.5547 128 14 128 15 1 146 2.76154 -3.64231 2.77308 -3.63462 -0.83205 -0.5547 128 14 129 14 1 146 -1 -1 -1 -1 -1 -1 -1 -1 -1 -1 -1 -1 
128 87 2 2 2.76154 3.64231 2.77308 3.63462 -0.83205 0.5547 128 86 129 87 1 295 2.76154 3.64231 2.77308 3.63462 -0.83205 0.5547 128 86 128 86 1 295 -1 -1 -1 -1 -1 -1 -1 -1 -1 -1 -1 -1 
128 88 1 1 2.80769 3.71154 2.86538 3.67308 -0.83205 0.5547 129 87 129 88 0 294 -1 -1 -1 -1 -1 -1 -1 -1 -1 -1 -1 -1 -1 -1 -1 -1 -1 -1 -1 -1 -1 -1 -1 -1 
129 12 2 2 2.88462 -3.82692 2.91923 -3.80385 -0.83205 -0.5547 129 12 129 13 1 148 2.88462 -3.82692 2.91923 -3.80385 -0.83205 -0.5547 129 12 130 12 1 148 -1 -1 -1 -1 -1 -1 -1 -1 -1 -1 -1 -1 
129 89 2 2 2.88462 3.82692 2.91923 3.80385 -0.83205 0.5547 129 88 130 89 1 293 2.88462 3.82692 2.91923 3.80385 -0.83205 0.5547 129 88 129 88 1 293 -1 -1 -1 -1 -1 -1 -1 -1 -1 -1 -1 -1 
130 11 2 2 2.96154 -3.94231 2.97308 -3.93462 -0.83205 -0.5547 130 11 130 12 1 150 2.96154 -3.94231 2.97308 -3.93462 -0.83205 -0.5547 130 11 131 11 1 150 -1 -1 -1 -1 -1 -1 -1 -1 -1 -1 -1 -1 
130 90 2 2 2.96154 3.94231 2.97308 3.93462 -0.83205 0.5547 130 89 131 90 1 291 2.96154 3.94231 2.97308 3.93462 -0.83205 0.5547 130 89 130 89 1 291 -1 -1 -1 -1 -1 -1 -1 -1 -1 -1 -1 -1 
131 10 1 1 3.05 -4 3.05 -3.95 -0 -1 130 10 131 11 3 151 -1 -1 -1 -1 -1 -1 -1 -1 -1 -1 -1 -1 -1 -1 -1 -1 -1 -1 -1 -1 -1 -1 -1 -1 
131 91 1 1 3.05 4 3.05 3.95 -0 1 130 90 131 90 3 290 -1 -1 -1 -1 -1 -1 -1 -1 -1 -1 -1 -1 -1 -1 -1 -1 -1 -1 -1 -1 -1 -1 -1 -1 
132 10 1 1 3.15 -4 3.15 -3.95 -0 -1 132 10 132 11 2 152 -1 -1 -1 -1 -1 -1 -1 -1 -1 -1 -1 -1 -1 -1 -1 -1 -1 -1 -1 -1 -1 -1 -1 -1 
132 91 1 1 3.15 4 3.15 3.95 -0 1 132 90 132 90 2 289 -1 -1 -1 -1 -1 -1 -1 -1 -1 -1 -1 -1 -1 -1 -1 -1 -1 -1 -1 -1 -1 -1 -1 -1 
133 10 1 1 3.25 -4 3.25 -3.95 -0 -1 133 10 133 11 2 153 -1 -1 -1 -1 -1 -1 -1 -1 -1 -1 -1 -1 -1 -1 -1 -1 -1 -1 -1 -1 -1 -1 -1 -1 
133 91 1 1 3.25 4 3.25 3.95 -0 1 133 90 133 90 2 288 -1 -1 -1 -1 -1 -1 -1 -1 -1 -1 -1 -1 -1 -1 -1 -1 -1 -1 -1 -1 -1 -1 -1 -1 
134 10 1 1 3.35 -4 3.35 -3.95 -0 -1 133 10 134 11 2 154 -1 -1 -1 -1 -1 -1 -1 -1 -1 -1 -1 -1 -1 -1 -1 -1 -1 -1 -1 -1 -1 -1 -1 -1 
134 91 1 1 3.35 4 3.35 3.95 -0 1 133 90 134 90 2 287 -1 -1 -1 -1 -1 -1 -1 -1 -1 -1 -1 -1 -1 -1 -1 -1 -1 -1 -1 -1 -1 -1 -1 -1 
135 10 1 1 3.45 -4 3.45 -3.95 -0 -1 134 10 135 11 2 155 -1 -1 -1 -1 -1 -1 -1 -1 -1 -1 -1 -1 -1 -1 -1 -1 -1 -1 -1 -1 -1 -1 -1 -1 
135 91 1 1 3.45 4 3.45 3.95 -0 1 134 90 135 90 2 286 -1 -1 -1 -1 -1 -1 -1 -1 -1 -1 -1 -1 -1 -1 -1 -1 -1 -1 -1 -1 -1 -1 -1 -1 
136 10 1 1 3.55 -4 3.55 -3.95 -0 -1 135 10 136 11 2 156 -1 -1 -1 -1 -1 -1 -1 -1 -1 -1 -1 -1 -1 -1 -1 -1 -1 -1 -1 -1 -1 -1 -1 -1 
136 91 1 1 3.55 4 3.55 3.95 -0 1 135 90 136 90 2 285 -1 -1 -1 -1 -1 -1 -1 -1 -1 -1 -1 -1 -1 -1 -1 -1 -1 -1 -1 -1 -1 -1 -1 -1 
137 10 1 1 3.65 -4 3.65 -3.95 -0 -1 137 10 137 11 2 157 -1 -1 -1 -1 -1 -1 -1 -1 -1 -1 -1 -1 -1 -1 -1 -1 -1 -1 -1 -1 -1 -1 -1 -1 
137 91 1 1 3.65 4 3.65 3.95 -0 1 137 90 137 90 2 284 -1 -1 -1 -1 -1 -1 -1 -1 -1 -1 -1 -1 -1 -1 -1 -1 -1 -1 -1 -1 -1 -1 -1 -1 
138 10 1 1 3.75 -4 3.75 -3.95 -0 -1 138 10 138 11 2 158 -1 -1 -1 -1 -1 -1 -1 -1 -1 -1 -1 -1 -1 -1 -1 -1 -1 -1 -1 -1 -1 -1 -1 -1 
138 91 1 1 3.75 4 3.75 3.95 -0 1 138 90 138 90 2 283 -1 -1 -1 -1 -1 -1 -1 -1 -1 -1 -1 -1 -1 -1 -1 -1 -1 -1 -1 -1 -1 -1 -1 -1 
139 10 1 1 3.85 -4 3.85 -3.95 -0 -1 139 10 139 11 2 159 -1 -1 -1 -1 -1 -1 -1 -1 -1 -1 -1 -1 -1 -1 -1 -1 -1 -1 -1 -1 -1 -1 -1 -1 
139 91 1 1 3.85 4 3.85 3.95 -0 1 139 90 139 90 2 282 -1 -1 -1 -1 -1 -1 -1 -1 -1 -1 -1 -1 -1 -1 -1 -1 -1 -1 -1 -1 -1 -1 -1 -1 
140 10 1 1 3.95 -4 3.95 -3.95 -0 -1 139 10 140 11 2 160 -1 -1 -1 -1 -1 -1 -1 -1 -1 -1 -1 -1 -1 -1 -1 -1 -1 -1 -1 -1 -1 -1 -1 -1 
140 91 1 1 3.95 4 3.95 3.95 -0 1 139 90 140 90 2 281 -1 -1 -1 -1 -1 -1 -1 -1 -1 -1 -1 -1 -1 -1 -1 -1 -1 -1 -1 -1 -1 -1 -1 -1 
141 10 1 1 4.05 -4 4.05 -3.95 -0 -1 140 10 141 11 2 161 -1 -1 -1 -1 -1 -1 -1 -1 -1 -1 -1 -1 -1 -1 -1 -1 -1 -1 -1 -1 -1 -1 -1 -1 
141 91 1 1 4.05 4 4.05 3.95 -0 1 140 90 141 90 2 280 -1 -1 -1 -1 -1 -1 -1 -1 -1 -1 -1 -1 -1 -1 -1 -1 -1 -1 -1 -1 -1 -1 -1 -1 
142 10 1 1 4.15 -4 4.15 -3.95 -0 -1 141 10 142 11 2 162 -1 -1 -1 -1 -1 -1 -1 -1 -1 -1 -1 -1 -1 -1 -1 -1 -1 -1 -1 -1 -1 -1 -1 -1 
142 91 1 1 4.15 4 4.15 3.95 -0 1 141 90 142 90 2 279 -1 -1 -1 -1 -1 -1 -1 -1 -1 -1 -1 -1 -1 -1 -1 -1 -1 -1 -1 -1 -1 -1 -1 -1 
143 10 1 1 4.25 -4 4.25 -3.95 -0 -1 142 10 143 11 2 163 -1 -1 -1 -1 -1 -1 -1 -1 -1 -1 -1 -1 -1 -1 -1 -1 -1 -1 -1 -1 -1 -1 -1 -1 
143 91 1 1 4.25 4 4.25 3.95 -0 1 142 90 143 90 2 278 -1 -1 -1 -1 -1 -1 -1 -1 -1 -1 -1 -1 -1 -1 -1 -1 -1 -1 -1 -1 -1 -1 -1 -1 
144 10 1 1 4.35 -4 4.35 -3.95 -0 -1 143 10 144 11 2 164 -1 -1 -1 -1 -1 -1 -1 -1 -1 -1 -1 -1 -1 -1 -1 -1 -1 -1 -1 -1 -1 -1 -1 -1 
144 91 1 1 4.35 4 4.35 3.95 -0 1 143 90 144 90 2 277 -1 -1 -1 -1 -1 -1 -1 -1 -1 -1 -1 -1 -1 -1 -1 -1 -1 -1 -1 -1 -1 -1 -1 -1 
145 10 1 1 4.45 -4 4.45 -3.95 -0 -1 145 10 145 11 2 165 -1 -1 -1 -1 -1 -1 -1 -1 -1 -1 -1 -1 -1 -1 -1 -1 -1 -1 -1 -1 -1 -1 -1 -1 
145 91 1 1 4.45 4 4.45 3.95 -0 1 145 90 145 90 2 276 -1 -1 -1 -1 -1 -1 -1 -1 -1 -1 -1 -1 -1 -1 -1 -1 -1 -1 -1 -1 -1 -1 -1 -1 
146 10 1 1 4.55 -4 4.55 -3.95 -0 -1 145 10 146 11 2 166 -1 -1 -1 -1 -1 -1 -1 -1 -1 -1 -1 -1 -1 -1 -1 -1 -1 -1 -1 -1 -1 -1 -1 -1 
146 91 1 1 4.55 4 4.55 3.95 -0 1 145 90 146 90 2 275 -1 -1 -1 -1 -1 -1 -1 -1 -1 -1 -1 -1 -1 -1 -1 -1 -1 -1 -1 -1 -1 -1 -1 -1 
147 10 1 1 4.65 -4 4.65 -3.95 -0 -1 147 10 147 11 2 167 -1 -1 -1 -1 -1 -1 -1 -1 -1 -1 -1 -1 -1 -1 -1 -1 -1 -1 -1 -1 -1 -1 -1 -1 
147 91 1 1 4.65 4 4.65 3.95 -0 1 147 90 147 90 2 274 -1 -1 -1 -1 -1 -1 -1 -1 -1 -1 -1 -1 -1 -1 -1 -1 -1 -1 -1 -1 -1 -1 -1 -1 
148 10 1 1 4.75 -4 4.75 -3.95 -0 -1 147 10 148 11 2 168 -1 -1 -1 -1 -1 -1 -1 -1 -1 -1 -1 -1 -1 -1 -1 -1 -1 -1 -1 -1 -1 -1 -1 -1 
148 91 1 1 4.75 4 4.75 3.95 -0 1 147 90 148 90 2 273 -1 -1 -1 -1 -1 -1 -1 -1 -1 -1 -1 -1 -1 -1 -1 -1 -1 -1 -1 -1 -1 -1 -1 -1 
149 10 1 1 4.85 -4 4.85 -3.95 -0 -1 148 10 149 11 2 169 -1 -1 -1 -1 -1 -1 -1 -1 -1 -1 -1 -1 -1 -1 -1 -1 -1 -1 -1 -1 -1 -1 -1 -1 
149 91 1 1 4.85 4 4.85 3.95 -0 1 148 90 149 90 2 272 -1 -1 -1 -1 -1 -1 -1 -1 -1 -1 -1 -1 -1 -1 -1 -1 -1 -1 -1 -1 -1 -1 -1 -1 
150 10 1 1 4.95 -4 4.95 -3.95 -0 -1 149 10 150 11 2 170 -1 -1 -1 -1 -1 -1 -1 -1 -1 -1 -1 -1 -1 -1 -1 -1 -1 -1 -1 -1 -1 -1 -1 -1 
150 91 1 1 4.95 4 4.95 3.95 -0 1 149 90 150 90 2 271 -1 -1 -1 -1 -1 -1 -1 -1 -1 -1 -1 -1 -1 -1 -1 -1 -1 -1 -1 -1 -1 -1 -1 -1 
151 10 1 1 5.05 -4 5.05 -3.95 -0 -1 150 10 151 11 2 171 -1 -1 -1 -1 -1 -1 -1 -1 -1 -1 -1 -1 -1 -1 -1 -1 -1 -1 -1 -1 -1 -1 -1 -1 
151 91 1 1 5.05 4 5.05 3.95 -0 1 150 90 151 90 2 270 -1 -1 -1 -1 -1 -1 -1 -1 -1 -1 -1 -1 -1 -1 -1 -1 -1 -1 -1 -1 -1 -1 -1 -1 
152 10 1 1 5.15 -4 5.15 -3.95 -0 -1 152 10 152 11 2 172 -1 -1 -1 -1 -1 -1 -1 -1 -1 -1 -1 -1 -1 -1 -1 -1 -1 -1 -1 -1 -1 -1 -1 -1 
152 91 1 1 5.15 4 5.15 3.95 -0 1 152 90 152 90 2 269 -1 -1 -1 -1 -1 -1 -1 -1 -1 -1 -1 -1 -1 -1 -1 -1 -1 -1 -1 -1 -1 -1 -1 -1 
153 10 1 1 5.25 -4 5.25 -3.95 -0 -1 152 10 153 11 2 173 -1 -1 -1 -1 -1 -1 -1 -1 -1 -1 -1 -1 -1 -1 -1 -1 -1 -1 -1 -1 -1 -1 -1 -1 
153 91 1 1 5.25 4 5.25 3.95 -0 1 152 90 153 90 2 268 -1 -1 -1 -1 -1 -1 -1 -1 -1 -1 -1 -1 -1 -1 -1 -1 -1 -1 -1 -1 -1 -1 -1 -1 
154 10 1 1 5.35 -4 5.35 -3.95 -0 -1 153 10 154 11 2 174 -1 -1 -1 -1 -1 -1 -1 -1 -1 -1 -1 -1 -1 -1 -1 -1 -1 -1 -1 -1 -1 -1 -1 -1 
154 91 1 1 5.35 4 5.35 3.95 -0 1 153 90 154 90 2 267 -1 -1 -1 -1 -1 -1 -1 -1 -1 -1 -1 -1 -1 -1 -1 -1 -1 -1 -1 -1 -1 -1 -1 -1 
155 10 1 1 5.45 -4 5.45 -3.95 -0 -1 154 10 155 11 2 175 -1 -1 -1 -1 -1 -1 -1 -1 -1 -1 -1 -1 -1 -1 -1 -1 -1 -1 -1 -1 -1 -1 -1 -1 
155 91 1 1 5.45 4 5.45 3.95 -0 1 154 90 155 90 2 266 -1 -1 -1 -1 -1 -1 -1 -1 -1 -1 -1 -1 -1 -1 -1 -1 -1 -1 -1 -1 -1 -1 -1 -1 
156 10 1 1 5.55 -4 5.55 -3.95 -0 -1 155 10 156 11 2 176 -1 -1 -1 -1 -1 -1 -1 -1 -1 -1 -1 -1 -1 -1 -1 -1 -1 -1 -1 -1 -1 -1 -1 -1 
156 91 1 1 5.55 4 5.55 3.95 -0 1 155 90 156 90 2 265 -1 -1 -1 -1 -1 -1 -1 -1 -1 -1 -1 -1 -1 -1 -1 -1 -1 -1 -1 -1 -1 -1 -1 -1 
157 10 1 1 5.65 -4 5.65 -3.95 -0 -1 157 10 157 11 2 177 -1 -1 -1 -1 -1 -1 -1 -1 -1 -1 -1 -1 -1 -1 -1 -1 -1 -1 -1 -1 -1 -1 -1 -1 
157 91 1 1 5.65 4 5.65 3.95 -0 1 157 90 157 90 2 264 -1 -1 -1 -1 -1 -1 -1 -1 -1 -1 -1 -1 -1 -1 -1 -1 -1 -1 -1 -1 -1 -1 -1 -1 
158 10 1 1 5.75 -4 5.75 -3.95 -0 -1 157 10 158 11 2 178 -1 -1 -1 -1 -1 -1 -1 -1 -1 -1 -1 -1 -1 -1 -1 -1 -1 -1 -1 -1 -1 -1 -1 -1 
158 91 1 1 5.75 4 5.75 3.95 -0 1 157 90 158 90 2 263 -1 -1 -1 -1 -1 -1 -1 -1 -1 -1 -1 -1 -1 -1 -1 -1 -1 -1 -1 -1 -1 -1 -1 -1 
159 10 1 1 5.85 -4 5.85 -3.95 -0 -1 158 10 159 11 2 179 -1 -1 -1 -1 -1 -1 -1 -1 -1 -1 -1 -1 -1 -1 -1 -1 -1 -1 -1 -1 -1 -1 -1 -1 
159 91 1 1 5.85 4 5.85 3.95 -0 1 158 90 159 90 2 262 -1 -1 -1 -1 -1 -1 -1 -1 -1 -1 -1 -1 -1 -1 -1 -1 -1 -1 -1 -1 -1 -1 -1 -1 
160 10 1 1 5.95 -4 5.95 -3.95 -0 -1 159 10 160 11 2 180 -1 -1 -1 -1 -1 -1 -1 -1 -1 -1 -1 -1 -1 -1 -1 -1 -1 -1 -1 -1 -1 -1 -1 -1 
160 91 1 1 5.95 4 5.95 3.95 -0 1 159 90 160 90 2 261 -1 -1 -1 -1 -1 -1 -1 -1 -1 -1 -1 -1 -1 -1 -1 -1 -1 -1 -1 -1 -1 -1 -1 -1 
161 10 1 1 6 -4 5.95 -3.95 0.707107 -0.707107 159 10 161 11 2 181 -1 -1 -1 -1 -1 -1 -1 -1 -1 -1 -1 -1 -1 -1 -1 -1 -1 -1 -1 -1 -1 -1 -1 -1 
161 91 1 1 6 4 5.95 3.95 0.707107 0.707107 159 90 161 90 2 260 -1 -1 -1 -1 -1 -1 -1 -1 -1 -1 -1 -1 -1 -1 -1 -1 -1 -1 -1 -1 -1 -1 -1 -1 
162 11 2 2 6.1 -3.9 6.05 -3.85 0.707107 -0.707107 160 12 162 12 0 182 6.1 -3.9 6.05 -3.85 0.707107 -0.707107 160 12 161 11 0 181 -1 -1 -1 -1 -1 -1 -1 -1 -1 -1 -1 -1 
162 90 2 2 6.1 3.9 6.05 3.85 0.707107 0.707107 160 88 162 89 0 259 6.1 3.9 6.05 3.85 0.707107 0.707107 160 88 161 90 0 260 -1 -1 -1 -1 -1 -1 -1 -1 -1 -1 -1 -1 
163 12 2 2 6.2 -3.8 6.15 -3.75 0.707107 -0.707107 161 12 163 13 0 183 6.2 -3.8 6.15 -3.75 0.707107 -0.707107 162 12 162 12 1 182 -1 -1 -1 -1 -1 -1 -1 -1 -1 -1 -1 -1 
163 89 2 2 6.2 3.8 6.15 3.75 0.707107 0.707107 162 88 163 88 1 258 6.2 3.8 6.15 3.75 0.707107 0.707107 162 87 162 89 0 259 -1 -1 -1 -1 -1 -1 -1 -1 -1 -1 -1 -1 
164 13 2 2 6.3 -3.7 6.25 -3.65 0.707107 -0.707107 162 14 164 14 0 184 6.3 -3.7 6.25 -3.65 0.707107 -0.707107 162 13 163 13 0 183 -1 -1 -1 -1 -1 -1 -1 -1 -1 -1 -1 -1 
164 88 2 2 6.3 3.7 6.25 3.65 0.707107 0.707107 162 86 164 87 0 257 6.3 3.7 6.25 3.65 0.707107 0.707107 162 87 163 88 0 258 -1 -1 -1 -1 -1 -1 -1 -1 -1 -1 -1 -1 
165 14 2 2 6.4 -3.6 6.35 -3.55 0.707107 -0.707107 164 14 165 15 1 185 6.4 -3.6 6.35 -3.55 0.707107 -0.707107 164 15 164 14 0 184 -1 -1 -1 -1 -1 -1 -1 -1 -1 -1 -1 -1 
165 87 2 2 6.4 3.6 6.35 3.55 0.707107 0.707107 164 86 165 86 1 256 6.4 3.6 6.35 3.55 0.707107 0.707107 164 86 164 87 1 257 -1 -1 -1 -1 -1 -1 -1 -1 -1 -1 -1 -1 
166 15 2 2 6.5 -3.5 6.45 -3.45 0.707107 -0.707107 164 15 166 16 0 186 6.5 -3.5 6.45 -3.45 0.707107 -0.707107 164 15 165 15 0 185 -1 -1 -1 -1 -1 -1 -1 -1 -1 -1 -1 -1 
166 86 2 2 6.5 3.5 6.45 3.45 0.707107 0.707107 164 85 166 85 0 255 6.5 3.5 6.45 3.45 0.707107 0.707107 164 85 165 86 0 256 -1 -1 -1 -1 -1 -1 -1 -1 -1 -1 -1 -1 
167 16 2 2 6.6 -3.4 6.55 -3.35 0.707107 -0.707107 165 17 167 17 0 187 6.6 -3.4 6.55 -3.35 0.707107 -0.707107 165 17 166 16 0 186 -1 -1 -1 -1 -1 -1 -1 -1 -1 -1 -1 -1 
167 85 2 2 6.6 3.4 6.55 3.35 0.707107 0.707107 165 83 167 84 0 254 6.6 3.4 6.55 3.35 0.707107 0.707107 165 83 166 85 0 255 -1 -1 -1 -1 -1 -1 -1 -1 -1 -1 -1 -1 
168 17 2 2 6.7 -3.3 6.65 -3.25 0.707107 -0.707107 166 17 168 18 0 188 6.7 -3.3 6.65 -3.25 0.707107 -0.707107 167 17 167 17 1 187 -1 -1 -1 -1 -1 -1 -1 -1 -1 -1 -1 -1 
168 84 2 2 6.7 3.3 6.65 3.25 0.707107 0.707107 166 82 168 83 0 253 6.7 3.3 6.65 3.25 0.707107 0.707107 167 82 167 84 0 254 -1 -1 -1 -1 -1 -1 -1 -1 -1 -1 -1 -1 
169 18 2 2 6.8 -3.2 6.75 -3.15 0.707107 -0.707107 167 19 169 19 0 189 6.8 -3.2 6.75 -3.15 0.707107 -0.707107 167 18 168 18 0 188 -1 -1 -1 -1 -1 -1 -1 -1 -1 -1 -1 -1 
169 83 2 2 6.8 3.2 6.75 3.15 0.707107 0.707107 167 81 169 82 0 252 6.8 3.2 6.75 3.15 0.707107 0.707107 167 82 168 83 0 253 -1 -1 -1 -1 -1 -1 -1 -1 -1 -1 -1 -1 
170 19 2 2 6.9 -3.1 6.85 -3.05 0.707107 -0.707107 169 19 170 20 1 190 6.9 -3.1 6.85 -3.05 0.707107 -0.707107 169 20 169 19 0 189 -1 -1 -1 -1 -1 -1 -1 -1 -1 -1 -1 -1 
170 82 2 2 6.9 3.1 6.85 3.05 0.707107 0.707107 169 81 170 81 1 251 6.9 3.1 6.85 3.05 0.707107 0.707107 169 81 169 82 1 252 -1 -1 -1 -1 -1 -1 -1 -1 -1 -1 -1 -1 
171 20 2 2 7 -3 6.95 -2.95 0.707107 -0.707107 169 20 171 21 0 191 7 -3 6.95 -2.95 0.707107 -0.707107 169 20 170 20 0 190 -1 -1 -1 -1 -1 -1 -1 -1 -1 -1 -1 -1 
171 81 2 2 7 3 6.95 2.95 0.707107 0.707107 169 80 171 80 0 250 7 3 6.95 2.95 0.707107 0.707107 169 80 170 81 0 251 -1 -1 -1 -1 -1 -1 -1 -1 -1 -1 -1 -1 
172 21 2 2 7.1 -2.9 7.05 -2.85 0.707107 -0.707107 170 22 172 22 0 192 7.1 -2.9 7.05 -2.85 0.707107 -0.707107 170 22 171 21 0 191 -1 -1 -1 -1 -1 -1 -1 -1 -1 -1 -1 -1 
172 80 2 2 7.1 2.9 7.05 2.85 0.707107 0.707107 170 78 172 79 0 249 7.1 2.9 7.05 2.85 0.707107 0.707107 170 78 171 80 0 250 -1 -1 -1 -1 -1 -1 -1 -1 -1 -1 -1 -1 
173 22 2 2 7.2 -2.8 7.15 -2.75 0.707107 -0.707107 171 22 173 23 0 193 7.2 -2.8 7.15 -2.75 0.707107 -0.707107 172 22 172 22 1 192 -1 -1 -1 -1 -1 -1 -1 -1 -1 -1 -1 -1 
173 79 2 2 7.2 2.8 7.15 2.75 0.707107 0.707107 171 77 173 78 0 248 7.2 2.8 7.15 2.75 0.707107 0.707107 172 77 172 79 0 249 -1 -1 -1 -1 -1 -1 -1 -1 -1 -1 -1 -1 
174 23 2 2 7.3 -2.7 7.25 -2.65 0.707107 -0.707107 172 24 174 24 0 194 7.3 -2.7 7.25 -2.65 0.707107 -0.707107 172 23 173 23 0 193 -1 -1 -1 -1 -1 -1 -1 -1 -1 -1 -1 -1 
174 78 2 2 7.3 2.7 7.25 2.65 0.707107 0.707107 172 76 174 77 0 247 7.3 2.7 7.25 2.65 0.707107 0.707107 172 77 173 78 0 248 -1 -1 -1 -1 -1 -1 -1 -1 -1 -1 -1 -1 
175 24 2 2 7.4 -2.6 7.35 -2.55 0.707107 -0.707107 174 24 175 25 1 195 7.4 -2.6 7.35 -2.55 0.707107 -0.707107 174 24 174 24 1 194 -1 -1 -1 -1 -1 -1 -1 -1 -1 -1 -1 -1 
175 77 2 2 7.4 2.6 7.35 2.55 0.707107 0.707107 174 76 175 76 1 246 7.4 2.6 7.35 2.55 0.707107 0.707107 174 76 174 77 1 247 -1 -1 -1 -1 -1 -1 -1 -1 -1 -1 -1 -1 
176 25 2 2 7.5 -2.5 7.45 -2.45 0.707107 -0.707107 174 25 176 26 0 196 7.5 -2.5 7.45 -2.45 0.707107 -0.707107 174 25 175 25 0 195 -1 -1 -1 -1 -1 -1 -1 -1 -1 -1 -1 -1 
176 76 2 2 7.5 2.5 7.45 2.45 0.707107 0.707107 174 74 176 75 0 245 7.5 2.5 7.45 2.45 0.707107 0.707107 174 75 175 76 0 246 -1 -1 -1 -1 -1 -1 -1 -1 -1 -1 -1 -1 
177 26 2 2 7.6 -2.4 7.55 -2.35 0.707107 -0.707107 176 26 177 27 1 197 7.6 -2.4 7.55 -2.35 0.707107 -0.707107 176 27 176 26 0 196 -1 -1 -1 -1 -1 -1 -1 -1 -1 -1 -1 -1 
177 75 2 2 7.6 2.4 7.55 2.35 0.707107 0.707107 175 74 177 74 0 244 7.6 2.4 7.55 2.35 0.707107 0.707107 176 74 176 75 1 245 -1 -1 -1 -1 -1 -1 -1 -1 -1 -1 -1 -1 
178 27 2 2 7.7 -2.3 7.65 -2.25 0.707107 -0.707107 176 27 178 28 0 198 7.7 -2.3 7.65 -2.25 0.707107 -0.707107 176 27 177 27 0 197 -1 -1 -1 -1 -1 -1 -1 -1 -1 -1 -1 -1 
178 74 2 2 7.7 2.3 7.65 2.25 0.707107 0.707107 176 73 178 73 0 243 7.7 2.3 7.65 2.25 0.707107 0.707107 176 73 177 74 0 244 -1 -1 -1 -1 -1 -1 -1 -1 -1 -1 -1 -1 
179 28 2 2 7.8 -2.2 7.75 -2.15 0.707107 -0.707107 177 29 179 29 0 199 7.8 -2.2 7.75 -2.15 0.707107 -0.707107 177 29 178 28 0 198 -1 -1 -1 -1 -1 -1 -1 -1 -1 -1 -1 -1 
179 73 2 2 7.8 2.2 7.75 2.15 0.707107 0.707107 177 71 179 72 0 242 7.8 2.2 7.75 2.15 0.707107 0.707107 177 71 178 73 0 243 -1 -1 -1 -1 -1 -1 -1 -1 -1 -1 -1 -1 
180 29 2 2 7.9 -2.1 7.85 -2.05 0.707107 -0.707107 179 30 180 30 0 200 7.9 -2.1 7.85 -2.05 0.707107 -0.707107 179 29 179 29 1 199 -1 -1 -1 -1 -1 -1 -1 -1 -1 -1 -1 -1 
180 72 2 2 7.9 2.1 7.85 2.05 0.707107 0.707107 179 71 180 71 1 241 7.9 2.1 7.85 2.05 0.707107 0.707107 179 70 179 72 0 242 -1 -1 -1 -1 -1 -1 -1 -1 -1 -1 -1 -1 
181 30 2 2 8 -2 7.95 -1.95 0.707107 -0.707107 180 30 181 31 1 201 8 -2 7.95 -1.95 0.707107 -0.707107 180 30 180 30 1 200 -1 -1 -1 -1 -1 -1 -1 -1 -1 -1 -1 -1 
181 71 2 2 8 2 7.95 1.95 0.707107 0.707107 180 70 181 70 1 240 8 2 7.95 1.95 0.707107 0.707107 180 70 180 71 1 241 -1 -1 -1 -1 -1 -1 -1 -1 -1 -1 -1 -1 
182 31 2 2 8.1 -1.9 8.05 -1.85 0.707107 -0.707107 180 31 182 32 0 202 8.1 -1.9 8.05 -1.85 0.707107 -0.707107 180 31 181 31 0 201 -1 -1 -1 -1 -1 -1 -1 -1 -1 -1 -1 -1 
182 70 2 2 8.1 1.9 8.05 1.85 0.707107 0.707107 180 69 182 69 0 239 8.1 1.9 8.05 1.85 0.707107 0.707107 180 69 181 70 0 240 -1 -1 -1 -1 -1 -1 -1 -1 -1 -1 -1 -1 
183 32 2 2 8.2 -1.8 8.15 -1.75 0.707107 -0.707107 181 33 183 33 0 203 8.2 -1.8 8.15 -1.75 0.707107 -0.707107 181 33 182 32 0 202 -1 -1 -1 -1 -1 -1 -1 -1 -1 -1 -1 -1 
183 69 2 2 8.2 1.8 8.15 1.75 0.707107 0.707107 181 67 183 68 0 238 8.2 1.8 8.15 1.75 0.707107 0.707107 181 67 182 69 0 239 -1 -1 -1 -1 -1 -1 -1 -1 -1 -1 -1 -1 
184 33 2 2 8.3 -1.7 8.25 -1.65 0.707107 -0.707107 182 34 184 34 0 204 8.3 -1.7 8.25 -1.65 0.707107 -0.707107 182 34 183 33 0 203 -1 -1 -1 -1 -1 -1 -1 -1 -1 -1 -1 -1 
184 68 2 2 8.3 1.7 8.25 1.65 0.707107 0.707107 182 66 184 67 0 237 8.3 1.7 8.25 1.65 0.707107 0.707107 182 66 183 68 0 238 -1 -1 -1 -1 -1 -1 -1 -1 -1 -1 -1 -1 
185 34 2 2 8.4 -1.6 8.35 -1.55 0.707107 -0.707107 184 35 185 35 0 205 8.4 -1.6 8.35 -1.55 0.707107 -0.707107 183 35 184 34 0 204 -1 -1 -1 -1 -1 -1 -1 -1 -1 -1 -1 -1 
185 67 2 2 8.4 1.6 8.35 1.55 0.707107 0.707107 184 65 185 66 0 236 8.4 1.6 8.35 1.55 0.707107 0.707107 183 65 184 67 0 237 -1 -1 -1 -1 -1 -1 -1 -1 -1 -1 -1 -1 
186 35 2 2 8.5 -1.5 8.45 -1.45 0.707107 -0.707107 185 35 186 36 1 206 8.5 -1.5 8.45 -1.45 0.707107 -0.707107 185 35 185 35 1 205 -1 -1 -1 -1 -1 -1 -1 -1 -1 -1 -1 -1 
186 66 2 2 8.5 1.5 8.45 1.45 0.707107 0.707107 185 65 186 65 1 235 8.5 1.5 8.45 1.45 0.707107 0.707107 185 65 185 66 1 236 -1 -1 -1 -1 -1 -1 -1 -1 -1 -1 -1 -1 
187 36 2 2 8.6 -1.4 8.55 -1.35 0.707107 -0.707107 185 36 187 37 0 207 8.6 -1.4 8.55 -1.35 0.707107 -0.707107 185 36 186 36 0 206 -1 -1 -1 -1 -1 -1 -1 -1 -1 -1 -1 -1 
187 65 2 2 8.6 1.4 8.55 1.35 0.707107 0.707107 185 64 187 64 0 234 8.6 1.4 8.55 1.35 0.707107 0.707107 185 64 186 65 0 235 -1 -1 -1 -1 -1 -1 -1 -1 -1 -1 -1 -1 
188 37 2 2 8.7 -1.3 8.65 -1.25 0.707107 -0.707107 186 38 188 38 0 208 8.7 -1.3 8.65 -1.25 0.707107 -0.707107 186 38 187 37 0 207 -1 -1 -1 -1 -1 -1 -1 -1 -1 -1 -1 -1 
188 64 2 2 8.7 1.3 8.65 1.25 0.707107 0.707107 186 62 188 63 0 233 8.7 1.3 8.65 1.25 0.707107 0.707107 186 62 187 64 0 234 -1 -1 -1 -1 -1 -1 -1 -1 -1 -1 -1 -1 
189 38 2 2 8.8 -1.2 8.75 -1.15 0.707107 -0.707107 187 39 189 39 0 209 8.8 -1.2 8.75 -1.15 0.707107 -0.707107 187 39 188 38 0 208 -1 -1 -1 -1 -1 -1 -1 -1 -1 -1 -1 -1 
189 63 2 2 8.8 1.2 8.75 1.15 0.707107 0.707107 187 61 189 62 0 232 8.8 1.2 8.75 1.15 0.707107 0.707107 187 61 188 63 0 233 -1 -1 -1 -1 -1 -1 -1 -1 -1 -1 -1 -1 
190 39 2 2 8.9 -1.1 8.85 -1.05 0.707107 -0.707107 189 40 190 40 0 210 8.9 -1.1 8.85 -1.05 0.707107 -0.707107 188 40 189 39 0 209 -1 -1 -1 -1 -1 -1 -1 -1 -1 -1 -1 -1 
190 62 2 2 8.9 1.1 8.85 1.05 0.707107 0.707107 189 60 190 61 0 231 8.9 1.1 8.85 1.05 0.707107 0.707107 188 60 189 62 0 232 -1 -1 -1 -1 -1 -1 -1 -1 -1 -1 -1 -1 
191 40 2 2 9 -1 8.95 -0.95 0.707107 -0.707107 190 40 191 41 1 211 9 -1 8.95 -0.95 0.707107 -0.707107 190 40 190 40 1 210 -1 -1 -1 -1 -1 -1 -1 -1 -1 -1 -1 -1 
191 61 2 2 9 1 8.95 0.95 0.707107 0.707107 190 60 191 60 1 230 9 1 8.95 0.95 0.707107 0.707107 190 60 190 61 1 231 -1 -1 -1 -1 -1 -1 -1 -1 -1 -1 -1 -1 
192 41 2 2 9.1 -0.9 9.05 -0.85 0.707107 -0.707107 190 41 192 42 0 212 9.1 -0.9 9.05 -0.85 0.707107 -0.707107 190 41 191 41 0 211 -1 -1 -1 -1 -1 -1 -1 -1 -1 -1 -1 -1 
192 60 2 2 9.1 0.9 9.05 0.85 0.707107 0.707107 190 59 192 59 0 229 9.1 0.9 9.05 0.85 0.707107 0.707107 190 59 191 60 0 230 -1 -1 -1 -1 -1 -1 -1 -1 -1 -1 -1 -1 
193 42 2 2 9.2 -0.8 9.15 -0.75 0.707107 -0.707107 191 43 193 43 0 213 9.2 -0.8 9.15 -0.75 0.707107 -0.707107 191 43 192 42 0 212 -1 -1 -1 -1 -1 -1 -1 -1 -1 -1 -1 -1 
193 59 2 2 9.2 0.8 9.15 0.75 0.707107 0.707107 191 57 193 58 0 228 9.2 0.8 9.15 0.75 0.707107 0.707107 191 57 192 59 0 229 -1 -1 -1 -1 -1 -1 -1 -1 -1 -1 -1 -1 
194 43 2 2 9.3 -0.7 9.25 -0.65 0.707107 -0.707107 192 44 194 44 0 214 9.3 -0.7 9.25 -0.65 0.707107 -0.707107 192 44 193 43 0 213 -1 -1 -1 -1 -1 -1 -1 -1 -1 -1 -1 -1 
194 58 2 2 9.3 0.7 9.25 0.65 0.707107 0.707107 192 56 194 57 0 227 9.3 0.7 9.25 0.65 0.707107 0.707107 192 56 193 58 0 228 -1 -1 -1 -1 -1 -1 -1 -1 -1 -1 -1 -1 
195 44 2 2 9.4 -0.6 9.35 -0.55 0.707107 -0.707107 194 45 195 45 0 215 9.4 -0.6 9.35 -0.55 0.707107 -0.707107 193 45 194 44 0 214 -1 -1 -1 -1 -1 -1 -1 -1 -1 -1 -1 -1 
195 57 2 2 9.4 0.6 9.35 0.55 0.707107 0.707107 194 55 195 56 0 226 9.4 0.6 9.35 0.55 0.707107 0.707107 193 55 194 57 0 227 -1 -1 -1 -1 -1 -1 -1 -1 -1 -1 -1 -1 
196 45 2 2 9.5 -0.5 9.45 -0.45 0.707107 -0.707107 195 45 196 46 1 216 9.5 -0.5 9.45 -0.45 0.707107 -0.707107 195 45 195 45 1 215 -1 -1 -1 -1 -1 -1 -1 -1 -1 -1 -1 -1 
196 56 2 2 9.5 0.5 9.45 0.45 0.707107 0.707107 195 55 196 55 1 225 9.5 0.5 9.45 0.45 0.707107 0.707107 195 55 195 56 1 226 -1 -1 -1 -1 -1 -1 -1 -1 -1 -1 -1 -1 
197 46 2 2 9.6 -0.4 9.55 -0.35 0.707107 -0.707107 195 46 197 47 0 217 9.6 -0.4 9.55 -0.35 0.707107 -0.707107 195 46 196 46 0 216 -1 -1 -1 -1 -1 -1 -1 -1 -1 -1 -1 -1 
197 55 2 2 9.6 0.4 9.55 0.35 0.707107 0.707107 195 54 197 54 0 224 9.6 0.4 9.55 0.35 0.707107 0.707107 195 54 196 55 0 225 -1 -1 -1 -1 -1 -1 -1 -1 -1 -1 -1 -1 
198 47 2 2 9.7 -0.3 9.65 -0.25 0.707107 -0.707107 196 48 198 48 0 218 9.7 -0.3 9.65 -0.25 0.707107 -0.707107 196 48 197 47 0 217 -1 -1 -1 -1 -1 -1 -1 -1 -1 -1 -1 -1 
198 54 2 2 9.7 0.3 9.65 0.25 0.707107 0.707107 196 52 198 53 0 223 9.7 0.3 9.65 0.25 0.707107 0.707107 196 52 197 54 0 224 -1 -1 -1 -1 -1 -1 -1 -1 -1 -1 -1 -1 
199 48 2 2 9.8 -0.2 9.75 -0.15 0.707107 -0.707107 197 49 199 49 0 219 9.8 -0.2 9.75 -0.15 0.707107 -0.707107 197 49 198 48 0 218 -1 -1 -1 -1 -1 -1 -1 -1 -1 -1 -1 -1 
199 53 2 2 9.8 0.2 9.75 0.15 0.707107 0.707107 197 51 199 52 0 222 9.8 0.2 9.75 0.15 0.707107 0.707107 197 51 198 53 0 223 -1 -1 -1 -1 -1 -1 -1 -1 -1 -1 -1 -1 
200 49 1 1 9.9 -0.1 9.85 -0.05 0.707107 -0.707107 198 50 199 49 0 219 -1 -1 -1 -1 -1 -1 -1 -1 -1 -1 -1 -1 -1 -1 -1 -1 -1 -1 -1 -1 -1 -1 -1 -1 
200 50 1 1 9.9 -0.05 9.85 -0.05 1 0 198 49 199 50 0 220 -1 -1 -1 -1 -1 -1 -1 -1 -1 -1 -1 -1 -1 -1 -1 -1 -1 -1 -1 -1 -1 -1 -1 -1 
200 51 1 1 9.9 0.05 9.85 0.05 1 0 198 50 199 51 0 221 -1 -1 -1 -1 -1 -1 -1 -1 -1 -1 -1 -1 -1 -1 -1 -1 -1 -1 -1 -1 -1 -1 -1 -1 
200 52 1 1 9.9 0.1 9.85 0.05 0.707107 0.707107 198 50 199 52 0 222 -1 -1 -1 -1 -1 -1 -1 -1 -1 -1 -1 -1 -1 -1 -1 -1 -1 -1 -1 -1 -1 -1 -1 -1 
