1 41
1 42
1 43
1 44
1 45
1 46
1 47
1 48
1 49
1 50
1 51
1 52
1 53
1 54
1 55
1 56
1 57
1 58
1 59
1 60
2 41
2 42
2 43
2 44
2 45
2 46
2 47
2 48
2 49
2 50
2 51
2 52
2 53
2 54
2 55
2 56
2 57
2 58
2 59
2 60
3 41
3 42
3 43
3 44
3 45
3 46
3 47
3 48
3 49
3 50
3 51
3 52
3 53
3 54
3 55
3 56
3 57
3 58
3 59
3 60
4 41
4 42
4 43
4 44
4 45
4 46
4 47
4 48
4 49
4 50
4 51
4 52
4 53
4 54
4 55
4 56
4 57
4 58
4 59
4 60
5 41
5 42
5 43
5 44
5 45
5 46
5 47
5 48
5 49
5 50
5 51
5 52
5 53
5 54
5 55
5 56
5 57
5 58
5 59
5 60
6 41
6 42
6 43
6 44
6 45
6 46
6 47
6 48
6 49
6 50
6 51
6 52
6 53
6 54
6 55
6 56
6 57
6 58
6 59
6 60
7 41
7 42
7 43
7 44
7 45
7 46
7 47
7 48
7 49
7 50
7 51
7 52
7 53
7 54
7 55
7 56
7 57
7 58
7 59
7 60
8 41
8 42
8 43
8 44
8 45
8 46
8 47
8 48
8 49
8 50
8 51
8 52
8 53
8 54
8 55
8 56
8 57
8 58
8 59
8 60
9 41
9 42
9 43
9 44
9 45
9 46
9 47
9 48
9 49
9 50
9 51
9 52
9 53
9 54
9 55
9 56
9 57
9 58
9 59
9 60
10 41
10 42
10 43
10 44
10 45
10 46
10 47
10 48
10 49
10 50
10 51
10 52
10 53
10 54
10 55
10 56
10 57
10 58
10 59
10 60
11 41
11 42
11 43
11 44
11 45
11 46
11 47
11 48
11 49
11 50
11 51
11 52
11 53
11 54
11 55
11 56
11 57
11 58
11 59
11 60
12 41
12 42
12 43
12 44
12 45
12 46
12 47
12 48
12 49
12 50
12 51
12 52
12 53
12 54
12 55
12 56
12 57
12 58
12 59
12 60
13 41
13 42
13 43
13 44
13 45
13 46
13 47
13 48
13 49
13 50
13 51
13 52
13 53
13 54
13 55
13 56
13 57
13 58
13 59
13 60
14 41
14 42
14 43
14 44
14 45
14 46
14 47
14 48
14 49
14 50
14 51
14 52
14 53
14 54
14 55
14 56
14 57
14 58
14 59
14 60
15 41
15 42
15 43
15 44
15 45
15 46
15 47
15 48
15 49
15 50
15 51
15 52
15 53
15 54
15 55
15 56
15 57
15 58
15 59
15 60
16 41
16 42
16 43
16 44
16 45
16 46
16 47
16 48
16 49
16 50
16 51
16 52
16 53
16 54
16 55
16 56
16 57
16 58
16 59
16 60
17 41
17 42
17 43
17 44
17 45
17 46
17 47
17 48
17 49
17 50
17 51
17 52
17 53
17 54
17 55
17 56
17 57
17 58
17 59
17 60
18 41
18 42
18 43
18 44
18 45
18 46
18 47
18 48
18 49
18 50
18 51
18 52
18 53
18 54
18 55
18 56
18 57
18 58
18 59
18 60
19 41
19 42
19 43
19 44
19 45
19 46
19 47
19 48
19 49
19 50
19 51
19 52
19 53
19 54
19 55
19 56
19 57
19 58
19 59
19 60
20 41
20 42
20 43
20 44
20 45
20 46
20 47
20 48
20 49
20 50
20 51
20 52
20 53
20 54
20 55
20 56
20 57
20 58
20 59
20 60
21 41
21 42
21 43
21 44
21 45
21 46
21 47
21 48
21 49
21 50
21 51
21 52
21 53
21 54
21 55
21 56
21 57
21 58
21 59
21 60
22 41
22 42
22 43
22 44
22 45
22 46
22 47
22 48
22 49
22 50
22 51
22 52
22 53
22 54
22 55
22 56
22 57
22 58
22 59
22 60
23 41
23 42
23 43
23 44
23 45
23 46
23 47
23 48
23 49
23 50
23 51
23 52
23 53
23 54
23 55
23 56
23 57
23 58
23 59
23 60
24 41
24 42
24 43
24 44
24 45
24 46
24 47
24 48
24 49
24 50
24 51
24 52
24 53
24 54
24 55
24 56
24 57
24 58
24 59
24 60
25 41
25 42
25 43
25 44
25 45
25 46
25 47
25 48
25 49
25 50
25 51
25 52
25 53
25 54
25 55
25 56
25 57
25 58
25 59
25 60
26 41
26 42
26 43
26 44
26 45
26 46
26 47
26 48
26 49
26 50
26 51
26 52
26 53
26 54
26 55
26 56
26 57
26 58
26 59
26 60
27 41
27 42
27 43
27 44
27 45
27 46
27 47
27 48
27 49
27 50
27 51
27 52
27 53
27 54
27 55
27 56
27 57
27 58
27 59
27 60
28 41
28 42
28 43
28 44
28 45
28 46
28 47
28 48
28 49
28 50
28 51
28 52
28 53
28 54
28 55
28 56
28 57
28 58
28 59
28 60
29 41
29 42
29 43
29 44
29 45
29 46
29 47
29 48
29 49
29 50
29 51
29 52
29 53
29 54
29 55
29 56
29 57
29 58
29 59
29 60
30 41
30 42
30 43
30 44
30 45
30 46
30 47
30 48
30 49
30 50
30 51
30 52
30 53
30 54
30 55
30 56
30 57
30 58
30 59
30 60
31 41
31 42
31 43
31 44
31 45
31 46
31 47
31 48
31 49
31 50
31 51
31 52
31 53
31 54
31 55
31 56
31 57
31 58
31 59
31 60
32 41
32 42
32 43
32 44
32 45
32 46
32 47
32 48
32 49
32 50
32 51
32 52
32 53
32 54
32 55
32 56
32 57
32 58
32 59
32 60
33 41
33 42
33 43
33 44
33 45
33 46
33 47
33 48
33 49
33 50
33 51
33 52
33 53
33 54
33 55
33 56
33 57
33 58
33 59
33 60
34 41
34 42
34 43
34 44
34 45
34 46
34 47
34 48
34 49
34 50
34 51
34 52
34 53
34 54
34 55
34 56
34 57
34 58
34 59
34 60
35 41
35 42
35 43
35 44
35 45
35 46
35 47
35 48
35 49
35 50
35 51
35 52
35 53
35 54
35 55
35 56
35 57
35 58
35 59
35 60
36 41
36 42
36 43
36 44
36 45
36 46
36 47
36 48
36 49
36 50
36 51
36 52
36 53
36 54
36 55
36 56
36 57
36 58
36 59
36 60
37 41
37 42
37 43
37 44
37 45
37 46
37 47
37 48
37 49
37 50
37 51
37 52
37 53
37 54
37 55
37 56
37 57
37 58
37 59
37 60
38 41
38 42
38 43
38 44
38 45
38 46
38 47
38 48
38 49
38 50
38 51
38 52
38 53
38 54
38 55
38 56
38 57
38 58
38 59
38 60
39 41
39 42
39 43
39 44
39 45
39 46
39 47
39 48
39 49
39 50
39 51
39 52
39 53
39 54
39 55
39 56
39 57
39 58
39 59
39 60
40 41
40 42
40 43
40 44
40 45
40 46
40 47
40 48
40 49
40 50
40 51
40 52
40 53
40 54
40 55
40 56
40 57
40 58
40 59
40 60
41 41
41 42
41 43
41 44
41 45
41 46
41 47
41 48
41 49
41 50
41 51
41 52
41 53
41 54
41 55
41 56
41 57
41 58
41 59
41 60
42 41
42 42
42 43
42 44
42 45
42 46
42 47
42 48
42 49
42 50
42 51
42 52
42 53
42 54
42 55
42 56
42 57
42 58
42 59
42 60
43 41
43 42
43 43
43 44
43 45
43 46
43 47
43 48
43 49
43 50
43 51
43 52
43 53
43 54
43 55
43 56
43 57
43 58
43 59
43 60
44 41
44 42
44 43
44 44
44 45
44 46
44 47
44 48
44 49
44 50
44 51
44 52
44 53
44 54
44 55
44 56
44 57
44 58
44 59
44 60
45 41
45 42
45 43
45 44
45 45
45 46
45 47
45 48
45 49
45 50
45 51
45 52
45 53
45 54
45 55
45 56
45 57
45 58
45 59
45 60
46 41
46 42
46 43
46 44
46 45
46 46
46 47
46 48
46 49
46 50
46 51
46 52
46 53
46 54
46 55
46 56
46 57
46 58
46 59
46 60
47 41
47 42
47 43
47 44
47 45
47 46
47 47
47 48
47 49
47 50
47 51
47 52
47 53
47 54
47 55
47 56
47 57
47 58
47 59
47 60
48 41
48 42
48 43
48 44
48 45
48 46
48 47
48 48
48 49
48 50
48 51
48 52
48 53
48 54
48 55
48 56
48 57
48 58
48 59
48 60
49 41
49 42
49 43
49 44
49 45
49 46
49 47
49 48
49 49
49 50
49 51
49 52
49 53
49 54
49 55
49 56
49 57
49 58
49 59
49 60
50 41
50 42
50 43
50 44
50 45
50 46
50 47
50 48
50 49
50 50
50 51
50 52
50 53
50 54
50 55
50 56
50 57
50 58
50 59
50 60
51 41
51 42
51 43
51 44
51 45
51 46
51 47
51 48
51 49
51 50
51 51
51 52
51 53
51 54
51 55
51 56
51 57
51 58
51 59
51 60
52 41
52 42
52 43
52 44
52 45
52 46
52 47
52 48
52 49
52 50
52 51
52 52
52 53
52 54
52 55
52 56
52 57
52 58
52 59
52 60
53 41
53 42
53 43
53 44
53 45
53 46
53 47
53 48
53 49
53 50
53 51
53 52
53 53
53 54
53 55
53 56
53 57
53 58
53 59
53 60
54 41
54 42
54 43
54 44
54 45
54 46
54 47
54 48
54 49
54 50
54 51
54 52
54 53
54 54
54 55
54 56
54 57
54 58
54 59
54 60
55 41
55 42
55 43
55 44
55 45
55 46
55 47
55 48
55 49
55 50
55 51
55 52
55 53
55 54
55 55
55 56
55 57
55 58
55 59
55 60
56 41
56 42
56 43
56 44
56 45
56 46
56 47
56 48
56 49
56 50
56 51
56 52
56 53
56 54
56 55
56 56
56 57
56 58
56 59
56 60
57 41
57 42
57 43
57 44
57 45
57 46
57 47
57 48
57 49
57 50
57 51
57 52
57 53
57 54
57 55
57 56
57 57
57 58
57 59
57 60
58 41
58 42
58 43
58 44
58 45
58 46
58 47
58 48
58 49
58 50
58 51
58 52
58 53
58 54
58 55
58 56
58 57
58 58
58 59
58 60
59 41
59 42
59 43
59 44
59 45
59 46
59 47
59 48
59 49
59 50
59 51
59 52
59 53
59 54
59 55
59 56
59 57
59 58
59 59
59 60
60 41
60 42
60 43
60 44
60 45
60 46
60 47
60 48
60 49
60 50
60 51
60 52
60 53
60 54
60 55
60 56
60 57
60 58
60 59
60 60
61 41
61 42
61 43
61 44
61 45
61 46
61 47
61 48
61 49
61 50
61 51
61 52
61 53
61 54
61 55
61 56
61 57
61 58
61 59
61 60
62 41
62 42
62 43
62 44
62 45
62 46
62 47
62 48
62 49
62 50
62 51
62 52
62 53
62 54
62 55
62 56
62 57
62 58
62 59
62 60
63 41
63 42
63 43
63 44
63 45
63 46
63 47
63 48
63 49
63 50
63 51
63 52
63 53
63 54
63 55
63 56
63 57
63 58
63 59
63 60
64 41
64 42
64 43
64 44
64 45
64 46
64 47
64 48
64 49
64 50
64 51
64 52
64 53
64 54
64 55
64 56
64 57
64 58
64 59
64 60
65 41
65 42
65 43
65 44
65 45
65 46
65 47
65 48
65 49
65 50
65 51
65 52
65 53
65 54
65 55
65 56
65 57
65 58
65 59
65 60
66 41
66 42
66 43
66 44
66 45
66 46
66 47
66 48
66 49
66 50
66 51
66 52
66 53
66 54
66 55
66 56
66 57
66 58
66 59
66 60
67 41
67 42
67 43
67 44
67 45
67 46
67 47
67 48
67 49
67 50
67 51
67 52
67 53
67 54
67 55
67 56
67 57
67 58
67 59
67 60
68 41
68 42
68 43
68 44
68 45
68 46
68 47
68 48
68 49
68 50
68 51
68 52
68 53
68 54
68 55
68 56
68 57
68 58
68 59
68 60
69 41
69 42
69 43
69 44
69 45
69 46
69 47
69 48
69 49
69 50
69 51
69 52
69 53
69 54
69 55
69 56
69 57
69 58
69 59
69 60
70 41
70 42
70 43
70 44
70 45
70 46
70 47
70 48
70 49
70 50
70 51
70 52
70 53
70 54
70 55
70 56
70 57
70 58
70 59
70 60
71 41
71 42
71 43
71 44
71 45
71 46
71 47
71 48
71 49
71 50
71 51
71 52
71 53
71 54
71 55
71 56
71 57
71 58
71 59
71 60
72 41
72 42
72 43
72 44
72 45
72 46
72 47
72 48
72 49
72 50
72 51
72 52
72 53
72 54
72 55
72 56
72 57
72 58
72 59
72 60
73 41
73 42
73 43
73 44
73 45
73 46
73 47
73 48
73 49
73 50
73 51
73 52
73 53
73 54
73 55
73 56
73 57
73 58
73 59
73 60
74 41
74 42
74 43
74 44
74 45
74 46
74 47
74 48
74 49
74 50
74 51
74 52
74 53
74 54
74 55
74 56
74 57
74 58
74 59
74 60
75 41
75 42
75 43
75 44
75 45
75 46
75 47
75 48
75 49
75 50
75 51
75 52
75 53
75 54
75 55
75 56
75 57
75 58
75 59
75 60
76 41
76 42
76 43
76 44
76 45
76 46
76 47
76 48
76 49
76 50
76 51
76 52
76 53
76 54
76 55
76 56
76 57
76 58
76 59
76 60
77 41
77 42
77 43
77 44
77 45
77 46
77 47
77 48
77 49
77 50
77 51
77 52
77 53
77 54
77 55
77 56
77 57
77 58
77 59
77 60
78 41
78 42
78 43
78 44
78 45
78 46
78 47
78 48
78 49
78 50
78 51
78 52
78 53
78 54
78 55
78 56
78 57
78 58
78 59
78 60
79 41
79 42
79 43
79 44
79 45
79 46
79 47
79 48
79 49
79 50
79 51
79 52
79 53
79 54
79 55
79 56
79 57
79 58
79 59
79 60
80 41
80 42
80 43
80 44
80 45
80 46
80 47
80 48
80 49
80 50
80 51
80 52
80 53
80 54
80 55
80 56
80 57
80 58
80 59
80 60
81 41
81 42
81 43
81 44
81 45
81 46
81 47
81 48
81 49
81 50
81 51
81 52
81 53
81 54
81 55
81 56
81 57
81 58
81 59
81 60
82 41
82 42
82 43
82 44
82 45
82 46
82 47
82 48
82 49
82 50
82 51
82 52
82 53
82 54
82 55
82 56
82 57
82 58
82 59
82 60
83 41
83 42
83 43
83 44
83 45
83 46
83 47
83 48
83 49
83 50
83 51
83 52
83 53
83 54
83 55
83 56
83 57
83 58
83 59
83 60
84 41
84 42
84 43
84 44
84 45
84 46
84 47
84 48
84 49
84 50
84 51
84 52
84 53
84 54
84 55
84 56
84 57
84 58
84 59
84 60
85 41
85 42
85 43
85 44
85 45
85 46
85 47
85 48
85 49
85 50
85 51
85 52
85 53
85 54
85 55
85 56
85 57
85 58
85 59
85 60
86 41
86 42
86 43
86 44
86 45
86 46
86 47
86 48
86 49
86 50
86 51
86 52
86 53
86 54
86 55
86 56
86 57
86 58
86 59
86 60
87 41
87 42
87 43
87 44
87 45
87 46
87 47
87 48
87 49
87 50
87 51
87 52
87 53
87 54
87 55
87 56
87 57
87 58
87 59
87 60
88 41
88 42
88 43
88 44
88 45
88 46
88 47
88 48
88 49
88 50
88 51
88 52
88 53
88 54
88 55
88 56
88 57
88 58
88 59
88 60
89 41
89 42
89 43
89 44
89 45
89 46
89 47
89 48
89 49
89 50
89 51
89 52
89 53
89 54
89 55
89 56
89 57
89 58
89 59
89 60
90 41
90 42
90 43
90 44
90 45
90 46
90 47
90 48
90 49
90 50
90 51
90 52
90 53
90 54
90 55
90 56
90 57
90 58
90 59
90 60
91 41
91 42
91 43
91 44
91 45
91 46
91 47
91 48
91 49
91 50
91 51
91 52
91 53
91 54
91 55
91 56
91 57
91 58
91 59
91 60
92 41
92 42
92 43
92 44
92 45
92 46
92 47
92 48
92 49
92 50
92 51
92 52
92 53
92 54
92 55
92 56
92 57
92 58
92 59
92 60
93 41
93 42
93 43
93 44
93 45
93 46
93 47
93 48
93 49
93 50
93 51
93 52
93 53
93 54
93 55
93 56
93 57
93 58
93 59
93 60
94 41
94 42
94 43
94 44
94 45
94 46
94 47
94 48
94 49
94 50
94 51
94 52
94 53
94 54
94 55
94 56
94 57
94 58
94 59
94 60
95 41
95 42
95 43
95 44
95 45
95 46
95 47
95 48
95 49
95 50
95 51
95 52
95 53
95 54
95 55
95 56
95 57
95 58
95 59
95 60
96 41
96 42
96 43
96 44
96 45
96 46
96 47
96 48
96 49
96 50
96 51
96 52
96 53
96 54
96 55
96 56
96 57
96 58
96 59
96 60
97 41
97 42
97 43
97 44
97 45
97 46
97 47
97 48
97 49
97 50
97 51
97 52
97 53
97 54
97 55
97 56
97 57
97 58
97 59
97 60
98 41
98 42
98 43
98 44
98 45
98 46
98 47
98 48
98 49
98 50
98 51
98 52
98 53
98 54
98 55
98 56
98 57
98 58
98 59
98 60
99 41
99 42
99 43
99 44
99 45
99 46
99 47
99 48
99 49
99 50
99 51
99 52
99 53
99 54
99 55
99 56
99 57
99 58
99 59
99 60
100 41
100 42
100 43
100 44
100 45
100 46
100 47
100 48
100 49
100 50
100 51
100 52
100 53
100 54
100 55
100 56
100 57
100 58
100 59
100 60
101 41
101 42
101 43
101 44
101 45
101 46
101 47
101 48
101 49
101 50
101 51
101 52
101 53
101 54
101 55
101 56
101 57
101 58
101 59
101 60
102 41
102 42
102 43
102 44
102 45
102 46
102 47
102 48
102 49
102 50
102 51
102 52
102 53
102 54
102 55
102 56
102 57
102 58
102 59
102 60
103 41
103 42
103 43
103 44
103 45
103 46
103 47
103 48
103 49
103 50
103 51
103 52
103 53
103 54
103 55
103 56
103 57
103 58
103 59
103 60
104 41
104 42
104 43
104 44
104 45
104 46
104 47
104 48
104 49
104 50
104 51
104 52
104 53
104 54
104 55
104 56
104 57
104 58
104 59
104 60
105 41
105 42
105 43
105 44
105 45
105 46
105 47
105 48
105 49
105 50
105 51
105 52
105 53
105 54
105 55
105 56
105 57
105 58
105 59
105 60
106 41
106 42
106 43
106 44
106 45
106 46
106 47
106 48
106 49
106 50
106 51
106 52
106 53
106 54
106 55
106 56
106 57
106 58
106 59
106 60
107 41
107 42
107 43
107 44
107 45
107 46
107 47
107 48
107 49
107 50
107 51
107 52
107 53
107 54
107 55
107 56
107 57
107 58
107 59
107 60
108 41
108 42
108 43
108 44
108 45
108 46
108 47
108 48
108 49
108 50
108 51
108 52
108 53
108 54
108 55
108 56
108 57
108 58
108 59
108 60
109 41
109 42
109 43
109 44
109 45
109 46
109 47
109 48
109 49
109 50
109 51
109 52
109 53
109 54
109 55
109 56
109 57
109 58
109 59
109 60
110 41
110 42
110 43
110 44
110 45
110 46
110 47
110 48
110 49
110 50
110 51
110 52
110 53
110 54
110 55
110 56
110 57
110 58
110 59
110 60
111 40
111 41
111 42
111 43
111 44
111 45
111 46
111 47
111 48
111 49
111 50
111 51
111 52
111 53
111 54
111 55
111 56
111 57
111 58
111 59
111 60
111 61
112 39
112 40
112 41
112 42
112 43
112 44
112 45
112 46
112 47
112 48
112 49
112 50
112 51
112 52
112 53
112 54
112 55
112 56
112 57
112 58
112 59
112 60
112 61
112 62
113 37
113 38
113 39
113 40
113 41
113 42
113 43
113 44
113 45
113 46
113 47
113 48
113 49
113 50
113 51
113 52
113 53
113 54
113 55
113 56
113 57
113 58
113 59
113 60
113 61
113 62
113 63
113 64
114 36
114 37
114 38
114 39
114 40
114 41
114 42
114 43
114 44
114 45
114 46
114 47
114 48
114 49
114 50
114 51
114 52
114 53
114 54
114 55
114 56
114 57
114 58
114 59
114 60
114 61
114 62
114 63
114 64
114 65
115 34
115 35
115 36
115 37
115 38
115 39
115 40
115 41
115 42
115 43
115 44
115 45
115 46
115 47
115 48
115 49
115 50
115 51
115 52
115 53
115 54
115 55
115 56
115 57
115 58
115 59
115 60
115 61
115 62
115 63
115 64
115 65
115 66
115 67
116 33
116 34
116 35
116 36
116 37
116 38
116 39
116 40
116 41
116 42
116 43
116 44
116 45
116 46
116 47
116 48
116 49
116 50
116 51
116 52
116 53
116 54
116 55
116 56
116 57
116 58
116 59
116 60
116 61
116 62
116 63
116 64
116 65
116 66
116 67
116 68
117 31
117 32
117 33
117 34
117 35
117 36
117 37
117 38
117 39
117 40
117 41
117 42
117 43
117 44
117 45
117 46
117 47
117 48
117 49
117 50
117 51
117 52
117 53
117 54
117 55
117 56
117 57
117 58
117 59
117 60
117 61
117 62
117 63
117 64
117 65
117 66
117 67
117 68
117 69
117 70
118 30
118 31
118 32
118 33
118 34
118 35
118 36
118 37
118 38
118 39
118 40
118 41
118 42
118 43
118 44
118 45
118 46
118 47
118 48
118 49
118 50
118 51
118 52
118 53
118 54
118 55
118 56
118 57
118 58
118 59
118 60
118 61
118 62
118 63
118 64
118 65
118 66
118 67
118 68
118 69
118 70
118 71
119 28
119 29
119 30
119 31
119 32
119 33
119 34
119 35
119 36
119 37
119 38
119 39
119 40
119 41
119 42
119 43
119 44
119 45
119 46
119 47
119 48
119 49
119 50
119 51
119 52
119 53
119 54
119 55
119 56
119 57
119 58
119 59
119 60
119 61
119 62
119 63
119 64
119 65
119 66
119 67
119 68
119 69
119 70
119 71
119 72
119 73
120 27
120 28
120 29
120 30
120 31
120 32
120 33
120 34
120 35
120 36
120 37
120 38
120 39
120 40
120 41
120 42
120 43
120 44
120 45
120 46
120 47
120 48
120 49
120 50
120 51
120 52
120 53
120 54
120 55
120 56
120 57
120 58
120 59
120 60
120 61
120 62
120 63
120 64
120 65
120 66
120 67
120 68
120 69
120 70
120 71
120 72
120 73
120 74
121 25
121 26
121 27
121 28
121 29
121 30
121 31
121 32
121 33
121 34
121 35
121 36
121 37
121 38
121 39
121 40
121 41
121 42
121 43
121 44
121 45
121 46
121 47
121 48
121 49
121 50
121 51
121 52
121 53
121 54
121 55
121 56
121 57
121 58
121 59
121 60
121 61
121 62
121 63
121 64
121 65
121 66
121 67
121 68
121 69
121 70
121 71
121 72
121 73
121 74
121 75
121 76
122 24
122 25
122 26
122 27
122 28
122 29
122 30
122 31
122 32
122 33
122 34
122 35
122 36
122 37
122 38
122 39
122 40
122 41
122 42
122 43
122 44
122 45
122 46
122 47
122 48
122 49
122 50
122 51
122 52
122 53
122 54
122 55
122 56
122 57
122 58
122 59
122 60
122 61
122 62
122 63
122 64
122 65
122 66
122 67
122 68
122 69
122 70
122 71
122 72
122 73
122 74
122 75
122 76
122 77
123 22
123 23
123 24
123 25
123 26
123 27
123 28
123 29
123 30
123 31
123 32
123 33
123 34
123 35
123 36
123 37
123 38
123 39
123 40
123 41
123 42
123 43
123 44
123 45
123 46
123 47
123 48
123 49
123 50
123 51
123 52
123 53
123 54
123 55
123 56
123 57
123 58
123 59
123 60
123 61
123 62
123 63
123 64
123 65
123 66
123 67
123 68
123 69
123 70
123 71
123 72
123 73
123 74
123 75
123 76
123 77
123 78
123 79
124 21
124 22
124 23
124 24
124 25
124 26
124 27
124 28
124 29
124 30
124 31
124 32
124 33
124 34
124 35
124 36
124 37
124 38
124 39
124 40
124 41
124 42
124 43
124 44
124 45
124 46
124 47
124 48
124 49
124 50
124 51
124 52
124 53
124 54
124 55
124 56
124 57
124 58
124 59
124 60
124 61
124 62
124 63
124 64
124 65
124 66
124 67
124 68
124 69
124 70
124 71
124 72
124 73
124 74
124 75
124 76
124 77
124 78
124 79
124 80
125 19
125 20
125 21
125 22
125 23
125 24
125 25
125 26
125 27
125 28
125 29
125 30
125 31
125 32
125 33
125 34
125 35
125 36
125 37
125 38
125 39
125 40
125 41
125 42
125 43
125 44
125 45
125 46
125 47
125 48
125 49
125 50
125 51
125 52
125 53
125 54
125 55
125 56
125 57
125 58
125 59
125 60
125 61
125 62
125 63
125 64
125 65
125 66
125 67
125 68
125 69
125 70
125 71
125 72
125 73
125 74
125 75
125 76
125 77
125 78
125 79
125 80
125 81
125 82
126 18
126 19
126 20
126 21
126 22
126 23
126 24
126 25
126 26
126 27
126 28
126 29
126 30
126 31
126 32
126 33
126 34
126 35
126 36
126 37
126 38
126 39
126 40
126 41
126 42
126 43
126 44
126 45
126 46
126 47
126 48
126 49
126 50
126 51
126 52
126 53
126 54
126 55
126 56
126 57
126 58
126 59
126 60
126 61
126 62
126 63
126 64
126 65
126 66
126 67
126 68
126 69
126 70
126 71
126 72
126 73
126 74
126 75
126 76
126 77
126 78
126 79
126 80
126 81
126 82
126 83
127 16
127 17
127 18
127 19
127 20
127 21
127 22
127 23
127 24
127 25
127 26
127 27
127 28
127 29
127 30
127 31
127 32
127 33
127 34
127 35
127 36
127 37
127 38
127 39
127 40
127 41
127 42
127 43
127 44
127 45
127 46
127 47
127 48
127 49
127 50
127 51
127 52
127 53
127 54
127 55
127 56
127 57
127 58
127 59
127 60
127 61
127 62
127 63
127 64
127 65
127 66
127 67
127 68
127 69
127 70
127 71
127 72
127 73
127 74
127 75
127 76
127 77
127 78
127 79
127 80
127 81
127 82
127 83
127 84
127 85
128 15
128 16
128 17
128 18
128 19
128 20
128 21
128 22
128 23
128 24
128 25
128 26
128 27
128 28
128 29
128 30
128 31
128 32
128 33
128 34
128 35
128 36
128 37
128 38
128 39
128 40
128 41
128 42
128 43
128 44
128 45
128 46
128 47
128 48
128 49
128 50
128 51
128 52
128 53
128 54
128 55
128 56
128 57
128 58
128 59
128 60
128 61
128 62
128 63
128 64
128 65
128 66
128 67
128 68
128 69
128 70
128 71
128 72
128 73
128 74
128 75
128 76
128 77
128 78
128 79
128 80
128 81
128 82
128 83
128 84
128 85
128 86
129 13
129 14
129 15
129 16
129 17
129 18
129 19
129 20
129 21
129 22
129 23
129 24
129 25
129 26
129 27
129 28
129 29
129 30
129 31
129 32
129 33
129 34
129 35
129 36
129 37
129 38
129 39
129 40
129 41
129 42
129 43
129 44
129 45
129 46
129 47
129 48
129 49
129 50
129 51
129 52
129 53
129 54
129 55
129 56
129 57
129 58
129 59
129 60
129 61
129 62
129 63
129 64
129 65
129 66
129 67
129 68
129 69
129 70
129 71
129 72
129 73
129 74
129 75
129 76
129 77
129 78
129 79
129 80
129 81
129 82
129 83
129 84
129 85
129 86
129 87
129 88
130 12
130 13
130 14
130 15
130 16
130 17
130 18
130 19
130 20
130 21
130 22
130 23
130 24
130 25
130 26
130 27
130 28
130 29
130 30
130 31
130 32
130 33
130 34
130 35
130 36
130 37
130 38
130 39
130 40
130 41
130 42
130 43
130 44
130 45
130 46
130 47
130 48
130 49
130 50
130 51
130 52
130 53
130 54
130 55
130 56
130 57
130 58
130 59
130 60
130 61
130 62
130 63
130 64
130 65
130 66
130 67
130 68
130 69
130 70
130 71
130 72
130 73
130 74
130 75
130 76
130 77
130 78
130 79
130 80
130 81
130 82
130 83
130 84
130 85
130 86
130 87
130 88
130 89
131 11
131 12
131 13
131 14
131 15
131 16
131 17
131 18
131 19
131 20
131 21
131 22
131 23
131 24
131 25
131 26
131 27
131 28
131 29
131 30
131 31
131 32
131 33
131 34
131 35
131 36
131 37
131 38
131 39
131 40
131 41
131 42
131 43
131 44
131 45
131 46
131 47
131 48
131 49
131 50
131 51
131 52
131 53
131 54
131 55
131 56
131 57
131 58
131 59
131 60
131 61
131 62
131 63
131 64
131 65
131 66
131 67
131 68
131 69
131 70
131 71
131 72
131 73
131 74
131 75
131 76
131 77
131 78
131 79
131 80
131 81
131 82
131 83
131 84
131 85
131 86
131 87
131 88
131 89
131 90
132 11
132 12
132 13
132 14
132 15
132 16
132 17
132 18
132 19
132 20
132 21
132 22
132 23
132 24
132 25
132 26
132 27
132 28
132 29
132 30
132 31
132 32
132 33
132 34
132 35
132 36
132 37
132 38
132 39
132 40
132 41
132 42
132 43
132 44
132 45
132 46
132 47
132 48
132 49
132 50
132 51
132 52
132 53
132 54
132 55
132 56
132 57
132 58
132 59
132 60
132 61
132 62
132 63
132 64
132 65
132 66
132 67
132 68
132 69
132 70
132 71
132 72
132 73
132 74
132 75
132 76
132 77
132 78
132 79
132 80
132 81
132 82
132 83
132 84
132 85
132 86
132 87
132 88
132 89
132 90
133 11
133 12
133 13
133 14
133 15
133 16
133 17
133 18
133 19
133 20
133 21
133 22
133 23
133 24
133 25
133 26
133 27
133 28
133 29
133 30
133 31
133 32
133 33
133 34
133 35
133 36
133 37
133 38
133 39
133 40
133 41
133 42
133 43
133 44
133 45
133 46
133 47
133 48
133 49
133 50
133 51
133 52
133 53
133 54
133 55
133 56
133 57
133 58
133 59
133 60
133 61
133 62
133 63
133 64
133 65
133 66
133 67
133 68
133 69
133 70
133 71
133 72
133 73
133 74
133 75
133 76
133 77
133 78
133 79
133 80
133 81
133 82
133 83
133 84
133 85
133 86
133 87
133 88
133 89
133 90
134 11
134 12
134 13
134 14
134 15
134 16
134 17
134 18
134 19
134 20
134 21
134 22
134 23
134 24
134 25
134 26
134 27
134 28
134 29
134 30
134 31
134 32
134 33
134 34
134 35
134 36
134 37
134 38
134 39
134 40
134 41
134 42
134 43
134 44
134 45
134 46
134 47
134 48
134 49
134 50
134 51
134 52
134 53
134 54
134 55
134 56
134 57
134 58
134 59
134 60
134 61
134 62
134 63
134 64
134 65
134 66
134 67
134 68
134 69
134 70
134 71
134 72
134 73
134 74
134 75
134 76
134 77
134 78
134 79
134 80
134 81
134 82
134 83
134 84
134 85
134 86
134 87
134 88
134 89
134 90
135 11
135 12
135 13
135 14
135 15
135 16
135 17
135 18
135 19
135 20
135 21
135 22
135 23
135 24
135 25
135 26
135 27
135 28
135 29
135 30
135 31
135 32
135 33
135 34
135 35
135 36
135 37
135 38
135 39
135 40
135 41
135 42
135 43
135 44
135 45
135 46
135 47
135 48
135 49
135 50
135 51
135 52
135 53
135 54
135 55
135 56
135 57
135 58
135 59
135 60
135 61
135 62
135 63
135 64
135 65
135 66
135 67
135 68
135 69
135 70
135 71
135 72
135 73
135 74
135 75
135 76
135 77
135 78
135 79
135 80
135 81
135 82
135 83
135 84
135 85
135 86
135 87
135 88
135 89
135 90
136 11
136 12
136 13
136 14
136 15
136 16
136 17
136 18
136 19
136 20
136 21
136 22
136 23
136 24
136 25
136 26
136 27
136 28
136 29
136 30
136 31
136 32
136 33
136 34
136 35
136 36
136 37
136 38
136 39
136 40
136 41
136 42
136 43
136 44
136 45
136 46
136 47
136 48
136 49
136 50
136 51
136 52
136 53
136 54
136 55
136 56
136 57
136 58
136 59
136 60
136 61
136 62
136 63
136 64
136 65
136 66
136 67
136 68
136 69
136 70
136 71
136 72
136 73
136 74
136 75
136 76
136 77
136 78
136 79
136 80
136 81
136 82
136 83
136 84
136 85
136 86
136 87
136 88
136 89
136 90
137 11
137 12
137 13
137 14
137 15
137 16
137 17
137 18
137 19
137 20
137 21
137 22
137 23
137 24
137 25
137 26
137 27
137 28
137 29
137 30
137 31
137 32
137 33
137 34
137 35
137 36
137 37
137 38
137 39
137 40
137 41
137 42
137 43
137 44
137 45
137 46
137 47
137 48
137 49
137 50
137 51
137 52
137 53
137 54
137 55
137 56
137 57
137 58
137 59
137 60
137 61
137 62
137 63
137 64
137 65
137 66
137 67
137 68
137 69
137 70
137 71
137 72
137 73
137 74
137 75
137 76
137 77
137 78
137 79
137 80
137 81
137 82
137 83
137 84
137 85
137 86
137 87
137 88
137 89
137 90
138 11
138 12
138 13
138 14
138 15
138 16
138 17
138 18
138 19
138 20
138 21
138 22
138 23
138 24
138 25
138 26
138 27
138 28
138 29
138 30
138 31
138 32
138 33
138 34
138 35
138 36
138 37
138 38
138 39
138 40
138 41
138 42
138 43
138 44
138 45
138 46
138 47
138 48
138 49
138 50
138 51
138 52
138 53
138 54
138 55
138 56
138 57
138 58
138 59
138 60
138 61
138 62
138 63
138 64
138 65
138 66
138 67
138 68
138 69
138 70
138 71
138 72
138 73
138 74
138 75
138 76
138 77
138 78
138 79
138 80
138 81
138 82
138 83
138 84
138 85
138 86
138 87
138 88
138 89
138 90
139 11
139 12
139 13
139 14
139 15
139 16
139 17
139 18
139 19
139 20
139 21
139 22
139 23
139 24
139 25
139 26
139 27
139 28
139 29
139 30
139 31
139 32
139 33
139 34
139 35
139 36
139 37
139 38
139 39
139 40
139 41
139 42
139 43
139 44
139 45
139 46
139 47
139 48
139 49
139 50
139 51
139 52
139 53
139 54
139 55
139 56
139 57
139 58
139 59
139 60
139 61
139 62
139 63
139 64
139 65
139 66
139 67
139 68
139 69
139 70
139 71
139 72
139 73
139 74
139 75
139 76
139 77
139 78
139 79
139 80
139 81
139 82
139 83
139 84
139 85
139 86
139 87
139 88
139 89
139 90
140 11
140 12
140 13
140 14
140 15
140 16
140 17
140 18
140 19
140 20
140 21
140 22
140 23
140 24
140 25
140 26
140 27
140 28
140 29
140 30
140 31
140 32
140 33
140 34
140 35
140 36
140 37
140 38
140 39
140 40
140 41
140 42
140 43
140 44
140 45
140 46
140 47
140 48
140 49
140 50
140 51
140 52
140 53
140 54
140 55
140 56
140 57
140 58
140 59
140 60
140 61
140 62
140 63
140 64
140 65
140 66
140 67
140 68
140 69
140 70
140 71
140 72
140 73
140 74
140 75
140 76
140 77
140 78
140 79
140 80
140 81
140 82
140 83
140 84
140 85
140 86
140 87
140 88
140 89
140 90
141 11
141 12
141 13
141 14
141 15
141 16
141 17
141 18
141 19
141 20
141 21
141 22
141 23
141 24
141 25
141 26
141 27
141 28
141 29
141 30
141 31
141 32
141 33
141 34
141 35
141 36
141 37
141 38
141 39
141 40
141 41
141 42
141 43
141 44
141 45
141 46
141 47
141 48
141 49
141 50
141 51
141 52
141 53
141 54
141 55
141 56
141 57
141 58
141 59
141 60
141 61
141 62
141 63
141 64
141 65
141 66
141 67
141 68
141 69
141 70
141 71
141 72
141 73
141 74
141 75
141 76
141 77
141 78
141 79
141 80
141 81
141 82
141 83
141 84
141 85
141 86
141 87
141 88
141 89
141 90
142 11
142 12
142 13
142 14
142 15
142 16
142 17
142 18
142 19
142 20
142 21
142 22
142 23
142 24
142 25
142 26
142 27
142 28
142 29
142 30
142 31
142 32
142 33
142 34
142 35
142 36
142 37
142 38
142 39
142 40
142 41
142 42
142 43
142 44
142 45
142 46
142 47
142 48
142 49
142 50
142 51
142 52
142 53
142 54
142 55
142 56
142 57
142 58
142 59
142 60
142 61
142 62
142 63
142 64
142 65
142 66
142 67
142 68
142 69
142 70
142 71
142 72
142 73
142 74
142 75
142 76
142 77
142 78
142 79
142 80
142 81
142 82
142 83
142 84
142 85
142 86
142 87
142 88
142 89
142 90
143 11
143 12
143 13
143 14
143 15
143 16
143 17
143 18
143 19
143 20
143 21
143 22
143 23
143 24
143 25
143 26
143 27
143 28
143 29
143 30
143 31
143 32
143 33
143 34
143 35
143 36
143 37
143 38
143 39
143 40
143 41
143 42
143 43
143 44
143 45
143 46
143 47
143 48
143 49
143 50
143 51
143 52
143 53
143 54
143 55
143 56
143 57
143 58
143 59
143 60
143 61
143 62
143 63
143 64
143 65
143 66
143 67
143 68
143 69
143 70
143 71
143 72
143 73
143 74
143 75
143 76
143 77
143 78
143 79
143 80
143 81
143 82
143 83
143 84
143 85
143 86
143 87
143 88
143 89
143 90
144 11
144 12
144 13
144 14
144 15
144 16
144 17
144 18
144 19
144 20
144 21
144 22
144 23
144 24
144 25
144 26
144 27
144 28
144 29
144 30
144 31
144 32
144 33
144 34
144 35
144 36
144 37
144 38
144 39
144 40
144 41
144 42
144 43
144 44
144 45
144 46
144 47
144 48
144 49
144 50
144 51
144 52
144 53
144 54
144 55
144 56
144 57
144 58
144 59
144 60
144 61
144 62
144 63
144 64
144 65
144 66
144 67
144 68
144 69
144 70
144 71
144 72
144 73
144 74
144 75
144 76
144 77
144 78
144 79
144 80
144 81
144 82
144 83
144 84
144 85
144 86
144 87
144 88
144 89
144 90
145 11
145 12
145 13
145 14
145 15
145 16
145 17
145 18
145 19
145 20
145 21
145 22
145 23
145 24
145 25
145 26
145 27
145 28
145 29
145 30
145 31
145 32
145 33
145 34
145 35
145 36
145 37
145 38
145 39
145 40
145 41
145 42
145 43
145 44
145 45
145 46
145 47
145 48
145 49
145 50
145 51
145 52
145 53
145 54
145 55
145 56
145 57
145 58
145 59
145 60
145 61
145 62
145 63
145 64
145 65
145 66
145 67
145 68
145 69
145 70
145 71
145 72
145 73
145 74
145 75
145 76
145 77
145 78
145 79
145 80
145 81
145 82
145 83
145 84
145 85
145 86
145 87
145 88
145 89
145 90
146 11
146 12
146 13
146 14
146 15
146 16
146 17
146 18
146 19
146 20
146 21
146 22
146 23
146 24
146 25
146 26
146 27
146 28
146 29
146 30
146 31
146 32
146 33
146 34
146 35
146 36
146 37
146 38
146 39
146 40
146 41
146 42
146 43
146 44
146 45
146 46
146 47
146 48
146 49
146 50
146 51
146 52
146 53
146 54
146 55
146 56
146 57
146 58
146 59
146 60
146 61
146 62
146 63
146 64
146 65
146 66
146 67
146 68
146 69
146 70
146 71
146 72
146 73
146 74
146 75
146 76
146 77
146 78
146 79
146 80
146 81
146 82
146 83
146 84
146 85
146 86
146 87
146 88
146 89
146 90
147 11
147 12
147 13
147 14
147 15
147 16
147 17
147 18
147 19
147 20
147 21
147 22
147 23
147 24
147 25
147 26
147 27
147 28
147 29
147 30
147 31
147 32
147 33
147 34
147 35
147 36
147 37
147 38
147 39
147 40
147 41
147 42
147 43
147 44
147 45
147 46
147 47
147 48
147 49
147 50
147 51
147 52
147 53
147 54
147 55
147 56
147 57
147 58
147 59
147 60
147 61
147 62
147 63
147 64
147 65
147 66
147 67
147 68
147 69
147 70
147 71
147 72
147 73
147 74
147 75
147 76
147 77
147 78
147 79
147 80
147 81
147 82
147 83
147 84
147 85
147 86
147 87
147 88
147 89
147 90
148 11
148 12
148 13
148 14
148 15
148 16
148 17
148 18
148 19
148 20
148 21
148 22
148 23
148 24
148 25
148 26
148 27
148 28
148 29
148 30
148 31
148 32
148 33
148 34
148 35
148 36
148 37
148 38
148 39
148 40
148 41
148 42
148 43
148 44
148 45
148 46
148 47
148 48
148 49
148 50
148 51
148 52
148 53
148 54
148 55
148 56
148 57
148 58
148 59
148 60
148 61
148 62
148 63
148 64
148 65
148 66
148 67
148 68
148 69
148 70
148 71
148 72
148 73
148 74
148 75
148 76
148 77
148 78
148 79
148 80
148 81
148 82
148 83
148 84
148 85
148 86
148 87
148 88
148 89
148 90
149 11
149 12
149 13
149 14
149 15
149 16
149 17
149 18
149 19
149 20
149 21
149 22
149 23
149 24
149 25
149 26
149 27
149 28
149 29
149 30
149 31
149 32
149 33
149 34
149 35
149 36
149 37
149 38
149 39
149 40
149 41
149 42
149 43
149 44
149 45
149 46
149 47
149 48
149 49
149 50
149 51
149 52
149 53
149 54
149 55
149 56
149 57
149 58
149 59
149 60
149 61
149 62
149 63
149 64
149 65
149 66
149 67
149 68
149 69
149 70
149 71
149 72
149 73
149 74
149 75
149 76
149 77
149 78
149 79
149 80
149 81
149 82
149 83
149 84
149 85
149 86
149 87
149 88
149 89
149 90
150 11
150 12
150 13
150 14
150 15
150 16
150 17
150 18
150 19
150 20
150 21
150 22
150 23
150 24
150 25
150 26
150 27
150 28
150 29
150 30
150 31
150 32
150 33
150 34
150 35
150 36
150 37
150 38
150 39
150 40
150 41
150 42
150 43
150 44
150 45
150 46
150 47
150 48
150 49
150 50
150 51
150 52
150 53
150 54
150 55
150 56
150 57
150 58
150 59
150 60
150 61
150 62
150 63
150 64
150 65
150 66
150 67
150 68
150 69
150 70
150 71
150 72
150 73
150 74
150 75
150 76
150 77
150 78
150 79
150 80
150 81
150 82
150 83
150 84
150 85
150 86
150 87
150 88
150 89
150 90
151 11
151 12
151 13
151 14
151 15
151 16
151 17
151 18
151 19
151 20
151 21
151 22
151 23
151 24
151 25
151 26
151 27
151 28
151 29
151 30
151 31
151 32
151 33
151 34
151 35
151 36
151 37
151 38
151 39
151 40
151 41
151 42
151 43
151 44
151 45
151 46
151 47
151 48
151 49
151 50
151 51
151 52
151 53
151 54
151 55
151 56
151 57
151 58
151 59
151 60
151 61
151 62
151 63
151 64
151 65
151 66
151 67
151 68
151 69
151 70
151 71
151 72
151 73
151 74
151 75
151 76
151 77
151 78
151 79
151 80
151 81
151 82
151 83
151 84
151 85
151 86
151 87
151 88
151 89
151 90
152 11
152 12
152 13
152 14
152 15
152 16
152 17
152 18
152 19
152 20
152 21
152 22
152 23
152 24
152 25
152 26
152 27
152 28
152 29
152 30
152 31
152 32
152 33
152 34
152 35
152 36
152 37
152 38
152 39
152 40
152 41
152 42
152 43
152 44
152 45
152 46
152 47
152 48
152 49
152 50
152 51
152 52
152 53
152 54
152 55
152 56
152 57
152 58
152 59
152 60
152 61
152 62
152 63
152 64
152 65
152 66
152 67
152 68
152 69
152 70
152 71
152 72
152 73
152 74
152 75
152 76
152 77
152 78
152 79
152 80
152 81
152 82
152 83
152 84
152 85
152 86
152 87
152 88
152 89
152 90
153 11
153 12
153 13
153 14
153 15
153 16
153 17
153 18
153 19
153 20
153 21
153 22
153 23
153 24
153 25
153 26
153 27
153 28
153 29
153 30
153 31
153 32
153 33
153 34
153 35
153 36
153 37
153 38
153 39
153 40
153 41
153 42
153 43
153 44
153 45
153 46
153 47
153 48
153 49
153 50
153 51
153 52
153 53
153 54
153 55
153 56
153 57
153 58
153 59
153 60
153 61
153 62
153 63
153 64
153 65
153 66
153 67
153 68
153 69
153 70
153 71
153 72
153 73
153 74
153 75
153 76
153 77
153 78
153 79
153 80
153 81
153 82
153 83
153 84
153 85
153 86
153 87
153 88
153 89
153 90
154 11
154 12
154 13
154 14
154 15
154 16
154 17
154 18
154 19
154 20
154 21
154 22
154 23
154 24
154 25
154 26
154 27
154 28
154 29
154 30
154 31
154 32
154 33
154 34
154 35
154 36
154 37
154 38
154 39
154 40
154 41
154 42
154 43
154 44
154 45
154 46
154 47
154 48
154 49
154 50
154 51
154 52
154 53
154 54
154 55
154 56
154 57
154 58
154 59
154 60
154 61
154 62
154 63
154 64
154 65
154 66
154 67
154 68
154 69
154 70
154 71
154 72
154 73
154 74
154 75
154 76
154 77
154 78
154 79
154 80
154 81
154 82
154 83
154 84
154 85
154 86
154 87
154 88
154 89
154 90
155 11
155 12
155 13
155 14
155 15
155 16
155 17
155 18
155 19
155 20
155 21
155 22
155 23
155 24
155 25
155 26
155 27
155 28
155 29
155 30
155 31
155 32
155 33
155 34
155 35
155 36
155 37
155 38
155 39
155 40
155 41
155 42
155 43
155 44
155 45
155 46
155 47
155 48
155 49
155 50
155 51
155 52
155 53
155 54
155 55
155 56
155 57
155 58
155 59
155 60
155 61
155 62
155 63
155 64
155 65
155 66
155 67
155 68
155 69
155 70
155 71
155 72
155 73
155 74
155 75
155 76
155 77
155 78
155 79
155 80
155 81
155 82
155 83
155 84
155 85
155 86
155 87
155 88
155 89
155 90
156 11
156 12
156 13
156 14
156 15
156 16
156 17
156 18
156 19
156 20
156 21
156 22
156 23
156 24
156 25
156 26
156 27
156 28
156 29
156 30
156 31
156 32
156 33
156 34
156 35
156 36
156 37
156 38
156 39
156 40
156 41
156 42
156 43
156 44
156 45
156 46
156 47
156 48
156 49
156 50
156 51
156 52
156 53
156 54
156 55
156 56
156 57
156 58
156 59
156 60
156 61
156 62
156 63
156 64
156 65
156 66
156 67
156 68
156 69
156 70
156 71
156 72
156 73
156 74
156 75
156 76
156 77
156 78
156 79
156 80
156 81
156 82
156 83
156 84
156 85
156 86
156 87
156 88
156 89
156 90
157 11
157 12
157 13
157 14
157 15
157 16
157 17
157 18
157 19
157 20
157 21
157 22
157 23
157 24
157 25
157 26
157 27
157 28
157 29
157 30
157 31
157 32
157 33
157 34
157 35
157 36
157 37
157 38
157 39
157 40
157 41
157 42
157 43
157 44
157 45
157 46
157 47
157 48
157 49
157 50
157 51
157 52
157 53
157 54
157 55
157 56
157 57
157 58
157 59
157 60
157 61
157 62
157 63
157 64
157 65
157 66
157 67
157 68
157 69
157 70
157 71
157 72
157 73
157 74
157 75
157 76
157 77
157 78
157 79
157 80
157 81
157 82
157 83
157 84
157 85
157 86
157 87
157 88
157 89
157 90
158 11
158 12
158 13
158 14
158 15
158 16
158 17
158 18
158 19
158 20
158 21
158 22
158 23
158 24
158 25
158 26
158 27
158 28
158 29
158 30
158 31
158 32
158 33
158 34
158 35
158 36
158 37
158 38
158 39
158 40
158 41
158 42
158 43
158 44
158 45
158 46
158 47
158 48
158 49
158 50
158 51
158 52
158 53
158 54
158 55
158 56
158 57
158 58
158 59
158 60
158 61
158 62
158 63
158 64
158 65
158 66
158 67
158 68
158 69
158 70
158 71
158 72
158 73
158 74
158 75
158 76
158 77
158 78
158 79
158 80
158 81
158 82
158 83
158 84
158 85
158 86
158 87
158 88
158 89
158 90
159 11
159 12
159 13
159 14
159 15
159 16
159 17
159 18
159 19
159 20
159 21
159 22
159 23
159 24
159 25
159 26
159 27
159 28
159 29
159 30
159 31
159 32
159 33
159 34
159 35
159 36
159 37
159 38
159 39
159 40
159 41
159 42
159 43
159 44
159 45
159 46
159 47
159 48
159 49
159 50
159 51
159 52
159 53
159 54
159 55
159 56
159 57
159 58
159 59
159 60
159 61
159 62
159 63
159 64
159 65
159 66
159 67
159 68
159 69
159 70
159 71
159 72
159 73
159 74
159 75
159 76
159 77
159 78
159 79
159 80
159 81
159 82
159 83
159 84
159 85
159 86
159 87
159 88
159 89
159 90
160 11
160 12
160 13
160 14
160 15
160 16
160 17
160 18
160 19
160 20
160 21
160 22
160 23
160 24
160 25
160 26
160 27
160 28
160 29
160 30
160 31
160 32
160 33
160 34
160 35
160 36
160 37
160 38
160 39
160 40
160 41
160 42
160 43
160 44
160 45
160 46
160 47
160 48
160 49
160 50
160 51
160 52
160 53
160 54
160 55
160 56
160 57
160 58
160 59
160 60
160 61
160 62
160 63
160 64
160 65
160 66
160 67
160 68
160 69
160 70
160 71
160 72
160 73
160 74
160 75
160 76
160 77
160 78
160 79
160 80
160 81
160 82
160 83
160 84
160 85
160 86
160 87
160 88
160 89
160 90
161 11
161 12
161 13
161 14
161 15
161 16
161 17
161 18
161 19
161 20
161 21
161 22
161 23
161 24
161 25
161 26
161 27
161 28
161 29
161 30
161 31
161 32
161 33
161 34
161 35
161 36
161 37
161 38
161 39
161 40
161 41
161 42
161 43
161 44
161 45
161 46
161 47
161 48
161 49
161 50
161 51
161 52
161 53
161 54
161 55
161 56
161 57
161 58
161 59
161 60
161 61
161 62
161 63
161 64
161 65
161 66
161 67
161 68
161 69
161 70
161 71
161 72
161 73
161 74
161 75
161 76
161 77
161 78
161 79
161 80
161 81
161 82
161 83
161 84
161 85
161 86
161 87
161 88
161 89
161 90
162 12
162 13
162 14
162 15
162 16
162 17
162 18
162 19
162 20
162 21
162 22
162 23
162 24
162 25
162 26
162 27
162 28
162 29
162 30
162 31
162 32
162 33
162 34
162 35
162 36
162 37
162 38
162 39
162 40
162 41
162 42
162 43
162 44
162 45
162 46
162 47
162 48
162 49
162 50
162 51
162 52
162 53
162 54
162 55
162 56
162 57
162 58
162 59
162 60
162 61
162 62
162 63
162 64
162 65
162 66
162 67
162 68
162 69
162 70
162 71
162 72
162 73
162 74
162 75
162 76
162 77
162 78
162 79
162 80
162 81
162 82
162 83
162 84
162 85
162 86
162 87
162 88
162 89
163 13
163 14
163 15
163 16
163 17
163 18
163 19
163 20
163 21
163 22
163 23
163 24
163 25
163 26
163 27
163 28
163 29
163 30
163 31
163 32
163 33
163 34
163 35
163 36
163 37
163 38
163 39
163 40
163 41
163 42
163 43
163 44
163 45
163 46
163 47
163 48
163 49
163 50
163 51
163 52
163 53
163 54
163 55
163 56
163 57
163 58
163 59
163 60
163 61
163 62
163 63
163 64
163 65
163 66
163 67
163 68
163 69
163 70
163 71
163 72
163 73
163 74
163 75
163 76
163 77
163 78
163 79
163 80
163 81
163 82
163 83
163 84
163 85
163 86
163 87
163 88
164 14
164 15
164 16
164 17
164 18
164 19
164 20
164 21
164 22
164 23
164 24
164 25
164 26
164 27
164 28
164 29
164 30
164 31
164 32
164 33
164 34
164 35
164 36
164 37
164 38
164 39
164 40
164 41
164 42
164 43
164 44
164 45
164 46
164 47
164 48
164 49
164 50
164 51
164 52
164 53
164 54
164 55
164 56
164 57
164 58
164 59
164 60
164 61
164 62
164 63
164 64
164 65
164 66
164 67
164 68
164 69
164 70
164 71
164 72
164 73
164 74
164 75
164 76
164 77
164 78
164 79
164 80
164 81
164 82
164 83
164 84
164 85
164 86
164 87
165 15
165 16
165 17
165 18
165 19
165 20
165 21
165 22
165 23
165 24
165 25
165 26
165 27
165 28
165 29
165 30
165 31
165 32
165 33
165 34
165 35
165 36
165 37
165 38
165 39
165 40
165 41
165 42
165 43
165 44
165 45
165 46
165 47
165 48
165 49
165 50
165 51
165 52
165 53
165 54
165 55
165 56
165 57
165 58
165 59
165 60
165 61
165 62
165 63
165 64
165 65
165 66
165 67
165 68
165 69
165 70
165 71
165 72
165 73
165 74
165 75
165 76
165 77
165 78
165 79
165 80
165 81
165 82
165 83
165 84
165 85
165 86
166 16
166 17
166 18
166 19
166 20
166 21
166 22
166 23
166 24
166 25
166 26
166 27
166 28
166 29
166 30
166 31
166 32
166 33
166 34
166 35
166 36
166 37
166 38
166 39
166 40
166 41
166 42
166 43
166 44
166 45
166 46
166 47
166 48
166 49
166 50
166 51
166 52
166 53
166 54
166 55
166 56
166 57
166 58
166 59
166 60
166 61
166 62
166 63
166 64
166 65
166 66
166 67
166 68
166 69
166 70
166 71
166 72
166 73
166 74
166 75
166 76
166 77
166 78
166 79
166 80
166 81
166 82
166 83
166 84
166 85
167 17
167 18
167 19
167 20
167 21
167 22
167 23
167 24
167 25
167 26
167 27
167 28
167 29
167 30
167 31
167 32
167 33
167 34
167 35
167 36
167 37
167 38
167 39
167 40
167 41
167 42
167 43
167 44
167 45
167 46
167 47
167 48
167 49
167 50
167 51
167 52
167 53
167 54
167 55
167 56
167 57
167 58
167 59
167 60
167 61
167 62
167 63
167 64
167 65
167 66
167 67
167 68
167 69
167 70
167 71
167 72
167 73
167 74
167 75
167 76
167 77
167 78
167 79
167 80
167 81
167 82
167 83
167 84
168 18
168 19
168 20
168 21
168 22
168 23
168 24
168 25
168 26
168 27
168 28
168 29
168 30
168 31
168 32
168 33
168 34
168 35
168 36
168 37
168 38
168 39
168 40
168 41
168 42
168 43
168 44
168 45
168 46
168 47
168 48
168 49
168 50
168 51
168 52
168 53
168 54
168 55
168 56
168 57
168 58
168 59
168 60
168 61
168 62
168 63
168 64
168 65
168 66
168 67
168 68
168 69
168 70
168 71
168 72
168 73
168 74
168 75
168 76
168 77
168 78
168 79
168 80
168 81
168 82
168 83
169 19
169 20
169 21
169 22
169 23
169 24
169 25
169 26
169 27
169 28
169 29
169 30
169 31
169 32
169 33
169 34
169 35
169 36
169 37
169 38
169 39
169 40
169 41
169 42
169 43
169 44
169 45
169 46
169 47
169 48
169 49
169 50
169 51
169 52
169 53
169 54
169 55
169 56
169 57
169 58
169 59
169 60
169 61
169 62
169 63
169 64
169 65
169 66
169 67
169 68
169 69
169 70
169 71
169 72
169 73
169 74
169 75
169 76
169 77
169 78
169 79
169 80
169 81
169 82
170 20
170 21
170 22
170 23
170 24
170 25
170 26
170 27
170 28
170 29
170 30
170 31
170 32
170 33
170 34
170 35
170 36
170 37
170 38
170 39
170 40
170 41
170 42
170 43
170 44
170 45
170 46
170 47
170 48
170 49
170 50
170 51
170 52
170 53
170 54
170 55
170 56
170 57
170 58
170 59
170 60
170 61
170 62
170 63
170 64
170 65
170 66
170 67
170 68
170 69
170 70
170 71
170 72
170 73
170 74
170 75
170 76
170 77
170 78
170 79
170 80
170 81
171 21
171 22
171 23
171 24
171 25
171 26
171 27
171 28
171 29
171 30
171 31
171 32
171 33
171 34
171 35
171 36
171 37
171 38
171 39
171 40
171 41
171 42
171 43
171 44
171 45
171 46
171 47
171 48
171 49
171 50
171 51
171 52
171 53
171 54
171 55
171 56
171 57
171 58
171 59
171 60
171 61
171 62
171 63
171 64
171 65
171 66
171 67
171 68
171 69
171 70
171 71
171 72
171 73
171 74
171 75
171 76
171 77
171 78
171 79
171 80
172 22
172 23
172 24
172 25
172 26
172 27
172 28
172 29
172 30
172 31
172 32
172 33
172 34
172 35
172 36
172 37
172 38
172 39
172 40
172 41
172 42
172 43
172 44
172 45
172 46
172 47
172 48
172 49
172 50
172 51
172 52
172 53
172 54
172 55
172 56
172 57
172 58
172 59
172 60
172 61
172 62
172 63
172 64
172 65
172 66
172 67
172 68
172 69
172 70
172 71
172 72
172 73
172 74
172 75
172 76
172 77
172 78
172 79
173 23
173 24
173 25
173 26
173 27
173 28
173 29
173 30
173 31
173 32
173 33
173 34
173 35
173 36
173 37
173 38
173 39
173 40
173 41
173 42
173 43
173 44
173 45
173 46
173 47
173 48
173 49
173 50
173 51
173 52
173 53
173 54
173 55
173 56
173 57
173 58
173 59
173 60
173 61
173 62
173 63
173 64
173 65
173 66
173 67
173 68
173 69
173 70
173 71
173 72
173 73
173 74
173 75
173 76
173 77
173 78
174 24
174 25
174 26
174 27
174 28
174 29
174 30
174 31
174 32
174 33
174 34
174 35
174 36
174 37
174 38
174 39
174 40
174 41
174 42
174 43
174 44
174 45
174 46
174 47
174 48
174 49
174 50
174 51
174 52
174 53
174 54
174 55
174 56
174 57
174 58
174 59
174 60
174 61
174 62
174 63
174 64
174 65
174 66
174 67
174 68
174 69
174 70
174 71
174 72
174 73
174 74
174 75
174 76
174 77
175 25
175 26
175 27
175 28
175 29
175 30
175 31
175 32
175 33
175 34
175 35
175 36
175 37
175 38
175 39
175 40
175 41
175 42
175 43
175 44
175 45
175 46
175 47
175 48
175 49
175 50
175 51
175 52
175 53
175 54
175 55
175 56
175 57
175 58
175 59
175 60
175 61
175 62
175 63
175 64
175 65
175 66
175 67
175 68
175 69
175 70
175 71
175 72
175 73
175 74
175 75
175 76
176 26
176 27
176 28
176 29
176 30
176 31
176 32
176 33
176 34
176 35
176 36
176 37
176 38
176 39
176 40
176 41
176 42
176 43
176 44
176 45
176 46
176 47
176 48
176 49
176 50
176 51
176 52
176 53
176 54
176 55
176 56
176 57
176 58
176 59
176 60
176 61
176 62
176 63
176 64
176 65
176 66
176 67
176 68
176 69
176 70
176 71
176 72
176 73
176 74
176 75
177 27
177 28
177 29
177 30
177 31
177 32
177 33
177 34
177 35
177 36
177 37
177 38
177 39
177 40
177 41
177 42
177 43
177 44
177 45
177 46
177 47
177 48
177 49
177 50
177 51
177 52
177 53
177 54
177 55
177 56
177 57
177 58
177 59
177 60
177 61
177 62
177 63
177 64
177 65
177 66
177 67
177 68
177 69
177 70
177 71
177 72
177 73
177 74
178 28
178 29
178 30
178 31
178 32
178 33
178 34
178 35
178 36
178 37
178 38
178 39
178 40
178 41
178 42
178 43
178 44
178 45
178 46
178 47
178 48
178 49
178 50
178 51
178 52
178 53
178 54
178 55
178 56
178 57
178 58
178 59
178 60
178 61
178 62
178 63
178 64
178 65
178 66
178 67
178 68
178 69
178 70
178 71
178 72
178 73
179 29
179 30
179 31
179 32
179 33
179 34
179 35
179 36
179 37
179 38
179 39
179 40
179 41
179 42
179 43
179 44
179 45
179 46
179 47
179 48
179 49
179 50
179 51
179 52
179 53
179 54
179 55
179 56
179 57
179 58
179 59
179 60
179 61
179 62
179 63
179 64
179 65
179 66
179 67
179 68
179 69
179 70
179 71
179 72
180 30
180 31
180 32
180 33
180 34
180 35
180 36
180 37
180 38
180 39
180 40
180 41
180 42
180 43
180 44
180 45
180 46
180 47
180 48
180 49
180 50
180 51
180 52
180 53
180 54
180 55
180 56
180 57
180 58
180 59
180 60
180 61
180 62
180 63
180 64
180 65
180 66
180 67
180 68
180 69
180 70
180 71
181 31
181 32
181 33
181 34
181 35
181 36
181 37
181 38
181 39
181 40
181 41
181 42
181 43
181 44
181 45
181 46
181 47
181 48
181 49
181 50
181 51
181 52
181 53
181 54
181 55
181 56
181 57
181 58
181 59
181 60
181 61
181 62
181 63
181 64
181 65
181 66
181 67
181 68
181 69
181 70
182 32
182 33
182 34
182 35
182 36
182 37
182 38
182 39
182 40
182 41
182 42
182 43
182 44
182 45
182 46
182 47
182 48
182 49
182 50
182 51
182 52
182 53
182 54
182 55
182 56
182 57
182 58
182 59
182 60
182 61
182 62
182 63
182 64
182 65
182 66
182 67
182 68
182 69
183 33
183 34
183 35
183 36
183 37
183 38
183 39
183 40
183 41
183 42
183 43
183 44
183 45
183 46
183 47
183 48
183 49
183 50
183 51
183 52
183 53
183 54
183 55
183 56
183 57
183 58
183 59
183 60
183 61
183 62
183 63
183 64
183 65
183 66
183 67
183 68
184 34
184 35
184 36
184 37
184 38
184 39
184 40
184 41
184 42
184 43
184 44
184 45
184 46
184 47
184 48
184 49
184 50
184 51
184 52
184 53
184 54
184 55
184 56
184 57
184 58
184 59
184 60
184 61
184 62
184 63
184 64
184 65
184 66
184 67
185 35
185 36
185 37
185 38
185 39
185 40
185 41
185 42
185 43
185 44
185 45
185 46
185 47
185 48
185 49
185 50
185 51
185 52
185 53
185 54
185 55
185 56
185 57
185 58
185 59
185 60
185 61
185 62
185 63
185 64
185 65
185 66
186 36
186 37
186 38
186 39
186 40
186 41
186 42
186 43
186 44
186 45
186 46
186 47
186 48
186 49
186 50
186 51
186 52
186 53
186 54
186 55
186 56
186 57
186 58
186 59
186 60
186 61
186 62
186 63
186 64
186 65
187 37
187 38
187 39
187 40
187 41
187 42
187 43
187 44
187 45
187 46
187 47
187 48
187 49
187 50
187 51
187 52
187 53
187 54
187 55
187 56
187 57
187 58
187 59
187 60
187 61
187 62
187 63
187 64
188 38
188 39
188 40
188 41
188 42
188 43
188 44
188 45
188 46
188 47
188 48
188 49
188 50
188 51
188 52
188 53
188 54
188 55
188 56
188 57
188 58
188 59
188 60
188 61
188 62
188 63
189 39
189 40
189 41
189 42
189 43
189 44
189 45
189 46
189 47
189 48
189 49
189 50
189 51
189 52
189 53
189 54
189 55
189 56
189 57
189 58
189 59
189 60
189 61
189 62
190 40
190 41
190 42
190 43
190 44
190 45
190 46
190 47
190 48
190 49
190 50
190 51
190 52
190 53
190 54
190 55
190 56
190 57
190 58
190 59
190 60
190 61
191 41
191 42
191 43
191 44
191 45
191 46
191 47
191 48
191 49
191 50
191 51
191 52
191 53
191 54
191 55
191 56
191 57
191 58
191 59
191 60
192 42
192 43
192 44
192 45
192 46
192 47
192 48
192 49
192 50
192 51
192 52
192 53
192 54
192 55
192 56
192 57
192 58
192 59
193 43
193 44
193 45
193 46
193 47
193 48
193 49
193 50
193 51
193 52
193 53
193 54
193 55
193 56
193 57
193 58
194 44
194 45
194 46
194 47
194 48
194 49
194 50
194 51
194 52
194 53
194 54
194 55
194 56
194 57
195 45
195 46
195 47
195 48
195 49
195 50
195 51
195 52
195 53
195 54
195 55
195 56
196 46
196 47
196 48
196 49
196 50
196 51
196 52
196 53
196 54
196 55
197 47
197 48
197 49
197 50
197 51
197 52
197 53
197 54
198 48
198 49
198 50
198 51
198 52
198 53
199 49
199 50
199 51
199 52
