2 0 0 
2 0 0 
2 0 0 
2 0 0 
2 0 0 
2 0 0 
2 0 0 
2 0 0 
2 0 0 
2 0 0 
2 0 0 
2 0 0 
2 0 0 
2 0 0 
2 0 0 
2 0 0 
2 0 0 
2 0 0 
2 0 0 
2 0 0 
2 0 0 
2 0 0 
2 0 0 
2 0 0 
2 0 0 
2 0 0 
2 0 0 
2 0 0 
2 0 0 
2 0 0 
2 0 0 
2 0 0 
2 0 0 
2 0 0 
2 0 0 
2 0 0 
2 0 0 
2 0 0 
2 0 0 
2 0 0 
2 0 0 
2 0 0 
2 0 0 
2 0 0 
2 0 0 
2 0 0 
2 0 0 
2 0 0 
2 0 0 
2 0 0 
2 0 0 
2 0 0 
2 0 0 
2 0 0 
2 0 0 
2 0 0 
2 0 0 
2 0 0 
2 0 0 
2 0 0 
2 0 0 
2 0 0 
2 0 0 
2 0 0 
2 0 0 
2 0 0 
2 0 0 
2 0 0 
2 0 0 
2 0 0 
2 0 0 
2 0 0 
2 0 0 
2 0 0 
2 0 0 
2 0 0 
2 0 0 
2 0 0 
2 0 0 
2 0 0 
2 0 0 
2 0 0 
2 0 0 
2 0 0 
2 0 0 
2 0 0 
2 0 0 
2 0 0 
2 0 0 
2 0 0 
2 0 0 
2 0 0 
2 0 0 
2 0 0 
2 0 0 
2 0 0 
2 0 0 
2 0 0 
2 0 0 
2 0 0 
2 0 0 
2 0 0 
2 0 0 
2 0 0 
2 0 0 
2 0 0 
2 0 0 
2 0 0 
2 0 0 
2 0 0 
2 0 0 
2 0 0 
2 0 0 
2 0 0 
2 0 0 
2 0 0 
2 0 0 
2 0 0 
2 0 0 
2 0 0 
2 0 0 
2 0 0 
2 0 0 
2 0 0 
2 0 0 
2 0 0 
2 0 0 
2 0 0 
2 0 0 
2 0 0 
2 0 0 
2 0 0 
2 0 0 
2 0 0 
2 0 0 
2 0 0 
2 0 0 
2 0 0 
2 0 0 
2 0 0 
2 0 0 
2 0 0 
2 0 0 
2 0 0 
2 0 0 
2 0 0 
2 0 0 
2 0 0 
2 0 0 
2 0 0 
2 0 0 
2 0 0 
2 0 0 
2 0 0 
2 0 0 
2 0 0 
2 0 0 
2 0 0 
2 0 0 
2 0 0 
2 0 0 
2 0 0 
2 0 0 
2 0 0 
2 0 0 
2 0 0 
2 0 0 
2 0 0 
2 0 0 
2 0 0 
2 0 0 
2 0 0 
2 0 0 
2 0 0 
2 0 0 
2 0 0 
2 0 0 
2 0 0 
2 0 0 
2 0 0 
2 0 0 
2 0 0 
2 0 0 
2 0 0 
2 0 0 
2 0 0 
2 0 0 
2 0 0 
2 0 0 
2 0 0 
2 0 0 
2 0 0 
2 0 0 
2 0 0 
2 0 0 
2 0 0 
2 0 0 
2 0 0 
2 0 0 
2 0 0 
2 0 0 
2 0 0 
2 0 0 
2 0 0 
2 0 0 
2 0 0 
2 0 0 
2 0 0 
2 0 0 
2 0 0 
2 0 0 
2 0 0 
2 0 0 
2 0 0 
2 0 0 
2 0 0 
2 0 0 
2 0 0 
2 0 0 
2 0 0 
2 0 0 
2 0 0 
2 0 0 
2 0 0 
2 0 0 
2 0 0 
2 0 0 
2 0 0 
2 0 0 
2 0 0 
2 0 0 
2 0 0 
2 0 0 
2 0 0 
2 0 0 
2 0 0 
2 0 0 
2 0 0 
2 0 0 
2 0 0 
2 0 0 
2 0 0 
2 0 0 
2 0 0 
2 0 0 
2 0 0 
2 0 0 
2 0 0 
2 0 0 
2 0 0 
2 0 0 
2 0 0 
2 0 0 
2 0 0 
2 0 0 
2 0 0 
2 0 0 
2 0 0 
2 0 0 
2 0 0 
2 0 0 
2 0 0 
2 0 0 
2 0 0 
2 0 0 
2 0 0 
2 0 0 
2 0 0 
2 0 0 
2 0 0 
2 0 0 
2 0 0 
2 0 0 
2 0 0 
2 0 0 
2 0 0 
2 0 0 
2 0 0 
2 0 0 
2 0 0 
2 0 0 
2 0 0 
2 0 0 
2 0 0 
2 0 0 
2 0 0 
2 0 0 
2 0 0 
2 0 0 
2 0 0 
2 0 0 
2 0 0 
2 0 0 
2 0 0 
2 0 0 
2 0 0 
2 0 0 
2 0 0 
2 0 0 
2 0 0 
2 0 0 
2 0 0 
2 0 0 
2 0 0 
2 0 0 
2 0 0 
2 0 0 
2 0 0 
2 0 0 
2 0 0 
2 0 0 
2 0 0 
2 0 0 
2 0 0 
2 0 0 
2 0 0 
2 0 0 
2 0 0 
2 0 0 
2 0 0 
2 0 0 
2 0 0 
2 0 0 
2 0 0 
2 0 0 
2 0 0 
2 0 0 
2 0 0 
2 0 0 
2 0 0 
2 0 0 
2 0 0 
2 0 0 
2 0 0 
2 0 0 
2 0 0 
2 0 0 
2 0 0 
2 0 0 
2 0 0 
2 0 0 
2 0 0 
2 0 0 
2 0 0 
2 0 0 
2 0 0 
2 0 0 
2 0 0 
2 0 0 
2 0 0 
2 0 0 
2 0 0 
2 0 0 
2 0 0 
2 0 0 
2 0 0 
2 0 0 
2 0 0 
2 0 0 
2 0 0 
2 0 0 
2 0 0 
2 0 0 
2 0 0 
2 0 0 
2 0 0 
2 0 0 
2 0 0 
2 0 0 
2 0 0 
2 0 0 
2 0 0 
2 0 0 
2 0 0 
2 0 0 
2 0 0 
2 0 0 
2 0 0 
2 0 0 
2 0 0 
2 0 0 
2 0 0 
2 0 0 
2 0 0 
2 0 0 
2 0 0 
2 0 0 
2 0 0 
2 0 0 
2 0 0 
2 0 0 
2 0 0 
2 0 0 
2 0 0 
2 0 0 
2 0 0 
2 0 0 
2 0 0 
2 0 0 
2 0 0 
2 0 0 
2 0 0 
2 0 0 
2 0 0 
2 0 0 
2 0 0 
2 0 0 
2 0 0 
2 0 0 
2 0 0 
2 0 0 
2 0 0 
2 0 0 
2 0 0 
2 0 0 
2 0 0 
2 0 0 
2 0 0 
2 0 0 
2 0 0 
2 0 0 
2 0 0 
2 0 0 
2 0 0 
2 0 0 
2 0 0 
2 0 0 
2 0 0 
2 0 0 
2 0 0 
2 0 0 
2 0 0 
2 0 0 
2 0 0 
2 0 0 
2 0 0 
2 0 0 
2 0 0 
2 0 0 
2 0 0 
2 0 0 
2 0 0 
2 0 0 
2 0 0 
2 0 0 
2 0 0 
2 0 0 
2 0 0 
2 0 0 
2 0 0 
2 0 0 
2 0 0 
2 0 0 
2 0 0 
2 0 0 
2 0 0 
2 0 0 
2 0 0 
2 0 0 
2 0 0 
2 0 0 
2 0 0 
2 0 0 
2 0 0 
2 0 0 
2 0 0 
2 0 0 
2 0 0 
2 0 0 
2 0 0 
2 0 0 
2 0 0 
2 0 0 
2 0 0 
2 0 0 
2 0 0 
2 0 0 
2 0 0 
2 0 0 
2 0 0 
2 0 0 
2 0 0 
2 0 0 
2 0 0 
2 0 0 
2 0 0 
2 0 0 
2 0 0 
2 0 0 
2 0 0 
2 0 0 
2 0 0 
2 0 0 
2 0 0 
2 0 0 
2 0 0 
2 0 0 
2 0 0 
2 0 0 
2 0 0 
2 0 -7.78553e-38 
2 0 0 
2 0 0 
2 0 0 
2 0 0 
2 0 0 
2 0 0 
2 0 0 
2 0 0 
2 0 0 
2 0 0 
2 0 0 
2 0 0 
2 0 0 
2 0 0 
2 0 0 
2 0 0 
2 0 0 
2 0 0 
2 0 7.78553e-38 
2 0 -1.34376e-34 
2 0 -2.53996e-54 
2 0 0 
2 0 0 
2 0 0 
2 0 0 
2 0 0 
2 0 0 
2 0 0 
2 0 0 
2 0 0 
2 0 0 
2 0 0 
2 0 0 
2 0 0 
2 0 0 
2 0 0 
2 0 0 
2 0 6.34991e-55 
2 0 1.34376e-34 
2 0 -1.55587e-30 
2 0 -1.51977e-50 
2 0 0 
2 0 0 
2 0 0 
2 0 0 
2 0 0 
2 0 0 
2 0 0 
2 0 0 
2 0 0 
2 0 0 
2 0 0 
2 0 0 
2 0 0 
2 0 0 
2 0 0 
2 0 0 
2 0 6.44291e-51 
2 0 1.55587e-30 
2 0 2.2526e-27 
2 0 -4.36384e-47 
2 0 2.41059e-52 
2 0 0 
2 0 0 
2 0 0 
2 0 0 
2 0 0 
2 0 0 
2 0 0 
2 0 0 
2 0 0 
2 0 0 
2 0 0 
2 0 0 
2 0 0 
2 0 0 
2 0 0 
2 0 1.8187e-47 
2 0 -2.2526e-27 
2 0 4.02078e-24 
2 0 -5.77578e-44 
2 0 9.00362e-49 
2 0 0 
2 0 0 
2 0 0 
2 0 0 
2 0 0 
2 0 0 
2 0 0 
2 0 0 
2 0 0 
2 0 0 
2 0 0 
2 0 0 
2 0 0 
2 0 0 
2 0 0 
2 0 2.19763e-44 
2 0 -4.02078e-24 
2 0 4.29881e-22 
2 0 -4.26913e-41 
2 0 1.48383e-45 
2 0 2.02955e-48 
2 0 0 
2 0 0 
2 0 0 
2 0 0 
2 0 0 
2 0 0 
2 0 0 
2 0 0 
2 0 0 
2 0 0 
2 0 0 
2 0 0 
2 0 0 
2 0 -1.71019e-53 
2 0 2.00739e-41 
2 0 -4.29881e-22 
2 6.35037e-16 -4.69005e-20 
2 6.35037e-16 -1.97449e-38 
2 6.35037e-16 1.43782e-42 
2 6.35037e-16 5.66408e-45 
2 6.35037e-16 0 
2 6.35037e-16 0 
2 6.35037e-16 0 
2 6.35037e-16 0 
2 6.35037e-16 0 
2 6.35037e-16 0 
2 6.35037e-16 0 
2 6.35037e-16 0 
2 6.35037e-16 0 
2 6.35037e-16 0 
2 6.35037e-16 0 
2 6.35037e-16 0 
2 6.35037e-16 0 
2 6.35037e-16 -7.33931e-45 
2 6.35037e-16 1.2502e-38 
2 6.35037e-16 4.69005e-20 
2 6.69601e-14 -8.0611e-18 
2 6.69601e-14 -6.10762e-36 
2 6.69601e-14 9.16483e-40 
2 6.69601e-14 7.12101e-42 
2 6.69601e-14 0 
2 6.69601e-14 0 
2 6.69601e-14 0 
2 6.69601e-14 0 
2 6.69601e-14 0 
2 6.69601e-14 0 
2 6.69601e-14 0 
2 6.69601e-14 0 
2 6.69601e-14 0 
2 6.69601e-14 0 
2 6.69601e-14 0 
2 6.69601e-14 0 
2 6.69601e-14 0 
2 6.69601e-14 -1.78874e-41 
2 6.69601e-14 4.83201e-36 
2 6.69601e-14 8.0611e-18 
2 4.57184e-12 -9.19891e-17 
2 4.57184e-12 -1.34556e-33 
2 4.57184e-12 4.05921e-37 
2 4.57184e-12 5.31786e-39 
2 4.57184e-12 0 
2 4.57184e-12 0 
2 4.57184e-12 0 
2 4.57184e-12 0 
2 4.57184e-12 0 
2 4.57184e-12 0 
2 4.57184e-12 0 
2 4.57184e-12 0 
2 4.57184e-12 0 
2 4.57184e-12 0 
2 4.57184e-12 0 
2 4.57184e-12 0 
2 4.57184e-12 -1.62552e-41 
2 4.57184e-12 -1.94439e-38 
2 4.57184e-12 2.94901e-34 
2 4.57184e-12 8.16275e-17 
2 2.2669e-10 -1.53438e-16 
2 2.2669e-10 -5.81661e-32 
2 2.2669e-10 -1.03617e-17 
2 2.2669e-10 2.61746e-36 
2 2.2669e-10 0 
2 2.2669e-10 0 
2 2.2669e-10 0 
2 2.2669e-10 0 
2 2.2669e-10 0 
2 2.2669e-10 0 
2 2.2669e-10 0 
2 2.2669e-10 0 
2 2.2669e-10 0 
2 2.2669e-10 0 
2 2.2669e-10 0 
2 2.2669e-10 0 
2 2.2669e-10 -5.3932e-38 
2 2.2669e-10 1.03617e-17 
2 2.2669e-10 -4.35021e-32 
2 2.2669e-10 1.43076e-16 
2 8.0903e-09 -8.29017e-17 
2 8.0903e-09 9.07559e-30 
2 8.0903e-09 2.93396e-32 
2 8.0903e-09 8.90089e-34 
2 8.0903e-09 0 
2 8.0903e-09 0 
2 8.0903e-09 0 
2 8.0903e-09 0 
2 8.0903e-09 0 
2 8.0903e-09 0 
2 8.0903e-09 0 
2 8.0903e-09 0 
2 8.0903e-09 0 
2 8.0903e-09 0 
2 8.0903e-09 0 
2 8.0903e-09 0 
2 8.0903e-09 -1.58838e-34 
2 8.0903e-09 -5.16942e-33 
2 8.0903e-09 -9.35131e-30 
2 8.0903e-09 8.29017e-17 
2 2.07215e-07 -1.1374e-17 
2 2.07215e-07 1.24579e-27 
2 2.07215e-07 4.93753e-30 
2 2.07215e-07 2.13139e-31 
2 2.07215e-07 7.67873e-36 
2 2.07215e-07 0 
2 2.07215e-07 0 
2 2.07215e-07 0 
2 2.07215e-07 0 
2 2.07215e-07 0 
2 2.07215e-07 0 
2 2.07215e-07 0 
2 2.07215e-07 0 
2 2.07215e-07 0 
2 2.07215e-07 0 
2 2.07215e-07 -4.71872e-35 
2 2.07215e-07 -1.80386e-31 
2 2.07215e-07 -1.52108e-30 
2 2.07215e-07 -1.16123e-27 
2 2.07215e-07 1.13742e-17 
2 3.86258e-06 -4.3151e-18 
2 3.86258e-06 1.01555e-25 
2 3.86258e-06 6.50192e-28 
2 3.86258e-06 3.63301e-29 
2 3.86258e-06 1.31234e-32 
2 3.86258e-06 0 
2 3.86258e-06 0 
2 3.86258e-06 0 
2 3.86258e-06 0 
2 3.86258e-06 0 
2 3.86258e-06 0 
2 3.86258e-06 0 
2 3.86258e-06 0 
2 3.86258e-06 0 
2 3.86258e-06 0 
2 3.86258e-06 -1.12327e-31 
2 3.86258e-06 -9.97026e-29 
2 3.86258e-06 -3.63058e-28 
2 3.86258e-06 -9.35542e-26 
2 3.86258e-06 4.31523e-18 
1.99999 5.34382e-05 -3.52912e-18 
1.99999 5.34382e-05 5.308e-24 
1.99999 5.34382e-05 7.59942e-26 
1.99999 5.34382e-05 4.79677e-27 
1.99999 5.34382e-05 9.47227e-30 
1.99999 5.34382e-05 0 
1.99999 5.34382e-05 0 
1.99999 5.34382e-05 0 
1.99999 5.34382e-05 0 
1.99999 5.34382e-05 0 
1.99999 5.34382e-05 0 
1.99999 5.34382e-05 0 
1.99999 5.34382e-05 0 
1.99999 5.34382e-05 0 
1.99999 5.34382e-05 0 
1.99999 5.34382e-05 -1.03688e-28 
1.99999 5.34382e-05 -3.01214e-26 
1.99999 5.34382e-05 -8.16336e-26 
1.99999 5.34382e-05 -4.74794e-24 
1.99999 5.34382e-05 3.52797e-18 
1.99987 0.000557998 -2.78683e-18 
1.99987 0.000557998 1.9194e-22 
1.99987 0.000557998 8.14733e-24 
1.99987 0.000557998 7.51704e-25 
1.99987 0.000557998 4.00068e-27 
1.99987 0.000557998 1.59594e-38 
1.99987 0.000557998 0 
1.99987 0.000557998 0 
1.99987 0.000557998 0 
1.99987 0.000557998 0 
1.99987 0.000557998 0 
1.99987 0.000557998 0 
1.99987 0.000557998 0 
1.99987 0.000557998 0 
1.99987 0.000557998 0 
1.99987 0.000557998 -4.90433e-26 
1.99987 0.000557998 -5.14063e-24 
1.99987 0.000557998 -1.5991e-23 
1.99987 0.000557998 -1.49176e-22 
1.99987 0.000557998 2.78724e-18 
1.999 0.00444124 -6.87384e-18 
1.999 0.00444124 6.90091e-21 
1.999 0.00444124 6.40457e-22 
1.999 0.00444124 1.78215e-22 
1.999 0.00444124 1.26631e-24 
1.999 0.00444124 3.06909e-35 
1.999 0.00444124 0 
1.999 0.00444124 0 
1.999 0.00444124 0 
1.999 0.00444124 0 
1.999 0.00444124 0 
1.999 0.00444124 0 
1.999 0.00444124 0 
1.999 0.00444124 0 
1.999 0.00444124 0 
1.999 0.00444124 -1.28111e-23 
1.999 0.00444124 -4.97059e-22 
1.999 0.00444124 -2.09788e-21 
1.999 0.00444124 -3.7653e-21 
1.999 0.00444124 6.79675e-18 
1.99389 0.0269915 -5.34845e-17 
1.99389 0.0269915 1.64658e-19 
1.99389 0.0269915 2.64269e-20 
1.99389 0.0269915 3.25403e-20 
1.99389 0.0269915 3.35147e-22 
1.99389 0.0269915 2.53229e-32 
1.99389 0.0269915 0 
1.99389 0.0269915 0 
1.99389 0.0269915 0 
1.99389 0.0269915 0 
1.99389 0.0269915 0 
1.99389 0.0269915 0 
1.99389 0.0269915 0 
1.99389 0.0269915 0 
1.99389 0.0269915 0 
1.99389 0.0269915 -1.80399e-21 
1.99389 0.0269915 -2.98369e-20 
1.99389 0.0269915 -1.38158e-19 
1.99389 0.0269915 -1.22623e-19 
1.99389 0.0269915 4.64258e-17 
1.97154 0.124492 -6.18713e-17 
1.97154 0.124492 -1.13556e-18 
1.97154 0.124492 4.13528e-19 
1.97154 0.124492 2.64938e-18 
1.97154 0.124492 6.03728e-20 
1.97154 0.124492 3.22354e-28 
1.97154 0.124492 0 
1.97154 0.124492 0 
1.97154 0.124492 0 
1.97154 0.124492 0 
1.97154 0.124492 0 
1.97154 0.124492 0 
1.97154 0.124492 0 
1.97154 0.124492 0 
1.97154 0.124492 0 
1.97154 0.124492 -1.17842e-19 
1.97154 0.124492 -1.38184e-18 
1.97154 0.124492 -2.67317e-18 
1.97154 0.124492 -1.3701e-18 
1.97154 0.124492 5.98655e-17 
1.89947 0.426291 6.65649e-16 
1.89947 0.426291 -6.89615e-17 
1.89947 0.426291 3.71156e-19 
1.89947 0.426291 2.03957e-17 
1.89947 0.426291 5.05184e-18 
1.89947 0.426291 3.72504e-25 
1.89947 0.426291 0 
1.89947 0.426291 0 
1.89947 0.426291 0 
1.89947 0.426291 0 
1.89947 0.426291 0 
1.89947 0.426291 0 
1.89947 0.426291 0 
1.89947 0.426291 0 
1.89947 0.426291 0 
1.89947 0.426291 -2.06546e-18 
1.89947 0.426291 -1.72668e-17 
1.89947 0.426291 -2.17237e-17 
1.89947 0.426291 1.31216e-16 
1.89947 0.426291 -9.95261e-17 
1.74612 1.0059 5.91119e-16 
1.74612 1.0059 -5.34452e-16 
1.74612 1.0059 -3.55992e-16 
1.74612 1.0059 4.98604e-17 
1.74612 1.0059 4.97568e-17 
1.74612 1.0059 5.18101e-18 
1.74612 1.0059 0 
1.74612 1.0059 0 
1.74612 1.0059 0 
1.74612 1.0059 0 
1.74612 1.0059 0 
1.74612 1.0059 0 
1.74612 1.0059 0 
1.74612 1.0059 0 
1.74612 1.0059 -5.18084e-18 
1.74612 1.0059 -2.13423e-17 
1.74612 1.0059 -9.29931e-17 
1.74612 1.0059 3.15768e-16 
1.74612 1.0059 5.62445e-17 
1.74612 1.0059 -2.41961e-17 
1.63188 1.45399 3.88749e-16 
1.63188 1.45399 -4.38067e-17 
1.63188 1.45399 1.49128e-17 
1.63188 1.45399 1.09612e-16 
1.63188 1.45399 1.16625e-16 
1.63188 1.45399 3.72122e-20 
1.63188 1.45399 2.09807e-28 
1.63188 1.45399 0 
1.63188 1.45399 0 
1.63188 1.45399 0 
1.63188 1.45399 0 
1.63188 1.45399 0 
1.63188 1.45399 0 
1.63188 1.45399 0 
1.63188 1.45399 -6.78983e-25 
1.63188 1.45399 -6.58193e-17 
1.63188 1.45399 -5.09641e-17 
1.63188 1.45399 1.38397e-16 
1.63188 1.45399 3.12654e-16 
1.63188 1.45399 -5.00311e-16 
1.52905 1.61393 3.21673e-16 
1.52905 1.61393 1.31949e-16 
1.52905 1.61393 4.17775e-16 
1.52905 1.61393 6.09043e-17 
1.52905 1.61393 1.38635e-16 
1.52905 1.61393 3.2634e-18 
1.52905 1.61393 2.8011e-25 
1.52905 1.61393 0 
1.52905 1.61393 0 
1.52905 1.61393 0 
1.52905 1.61393 0 
1.52905 1.61393 0 
1.52905 1.61393 0 
1.52905 1.61393 0 
1.52905 1.61393 -6.88614e-22 
1.52905 1.61393 -1.32602e-16 
1.52905 1.61393 -9.58511e-17 
1.52905 1.61393 -3.14722e-16 
1.52905 1.61393 -5.91834e-16 
1.52905 1.61393 -3.91044e-16 
1.48606 1.8144 -3.96577e-16 
1.48606 1.8144 -4.24769e-17 
1.48606 1.8144 3.91463e-16 
1.48606 1.8144 4.85503e-16 
1.48606 1.8144 1.47246e-16 
1.48606 1.8144 2.07877e-17 
1.48606 1.8144 -5.18069e-18 
1.48606 1.8144 0 
1.48606 1.8144 0 
1.48606 1.8144 0 
1.48606 1.8144 0 
1.48606 1.8144 0 
1.48606 1.8144 0 
1.48606 1.8144 0 
1.48606 1.8144 -2.76614e-19 
1.48606 1.8144 -2.81157e-16 
1.48606 1.8144 -2.75846e-16 
1.48606 1.8144 -3.43679e-16 
1.48606 1.8144 -4.36307e-16 
1.48606 1.8144 -3.70675e-16 
1.471 1.95274 -2.68134e-16 
1.471 1.95274 -1.82598e-16 
1.471 1.95274 2.64816e-16 
1.471 1.95274 3.57408e-16 
1.471 1.95274 1.88522e-16 
1.471 1.95274 9.52946e-17 
1.471 1.95274 3.39524e-20 
1.471 1.95274 0 
1.471 1.95274 0 
1.471 1.95274 0 
1.471 1.95274 0 
1.471 1.95274 0 
1.471 1.95274 0 
1.471 1.95274 0 
1.471 1.95274 -3.32648e-17 
1.471 1.95274 -7.16617e-17 
1.471 1.95274 1.18458e-16 
1.471 1.95274 -3.95443e-17 
1.471 1.95274 -1.88165e-16 
1.471 1.95274 -1.92422e-16 
1.45433 1.94125 -7.61109e-17 
1.45433 1.94125 -2.13766e-16 
1.45433 1.94125 2.40432e-16 
1.45433 1.94125 2.57817e-16 
1.45433 1.94125 4.01069e-16 
1.45433 1.94125 1.36024e-16 
1.45433 1.94125 3.22099e-18 
1.45433 1.94125 0 
1.45433 1.94125 0 
1.45433 1.94125 0 
1.45433 1.94125 0 
1.45433 1.94125 0 
1.45433 1.94125 0 
1.45433 1.94125 0 
1.45433 1.94125 -1.16423e-16 
1.45433 1.94125 -1.49597e-16 
1.45433 1.94125 8.99182e-17 
1.45433 1.94125 6.24514e-17 
1.45433 1.94125 -1.32288e-16 
1.45433 1.94125 -1.33442e-16 
1.43783 1.85835 -5.63614e-17 
1.43783 1.85835 1.58306e-16 
1.43783 1.85835 4.50331e-16 
1.43783 1.85835 4.77512e-16 
1.43783 1.85835 1.25388e-16 
1.43783 1.85835 4.43439e-17 
1.43783 1.85835 2.87614e-17 
1.43783 1.85835 0 
1.43783 1.85835 0 
1.43783 1.85835 0 
1.43783 1.85835 0 
1.43783 1.85835 0 
1.43783 1.85835 0 
1.43783 1.85835 0 
1.43783 1.85835 -1.58656e-16 
1.43783 1.85835 -4.3127e-16 
1.43783 1.85835 8.26366e-20 
1.43783 1.85835 1.71146e-16 
1.43783 1.85835 -1.43791e-16 
1.43783 1.85835 -1.72076e-16 
1.43753 1.82723 2.78406e-16 
1.43753 1.82723 2.86724e-16 
1.43753 1.82723 4.24475e-16 
1.43753 1.82723 2.07133e-16 
1.43753 1.82723 -3.56738e-18 
1.43753 1.82723 -1.29485e-17 
1.43753 1.82723 -1.05821e-16 
1.43753 1.82723 -5.18084e-18 
1.43753 1.82723 0 
1.43753 1.82723 0 
1.43753 1.82723 0 
1.43753 1.82723 0 
1.43753 1.82723 0 
1.43753 1.82723 0 
1.43753 1.82723 -1.48207e-16 
1.43753 1.82723 -1.91647e-16 
1.43753 1.82723 1.92675e-16 
1.43753 1.82723 2.78545e-17 
1.43753 1.82723 -1.42358e-16 
1.43753 1.82723 3.3771e-17 
1.45046 1.87707 -1.41263e-16 
1.45046 1.87707 2.04536e-17 
1.45046 1.87707 1.69271e-16 
1.45046 1.87707 9.81763e-17 
1.45046 1.87707 -2.89839e-17 
1.45046 1.87707 2.6597e-17 
1.45046 1.87707 5.41487e-17 
1.45046 1.87707 0 
1.45046 1.87707 0 
1.45046 1.87707 0 
1.45046 1.87707 0 
1.45046 1.87707 0 
1.45046 1.87707 0 
1.45046 1.87707 0 
1.45046 1.87707 -2.45647e-16 
1.45046 1.87707 -6.27914e-17 
1.45046 1.87707 1.78021e-16 
1.45046 1.87707 -1.37713e-16 
1.45046 1.87707 4.43138e-17 
1.45046 1.87707 -3.35742e-17 
1.47016 1.97563 -9.61601e-17 
1.47016 1.97563 5.46533e-17 
1.47016 1.97563 2.9084e-16 
1.47016 1.97563 -1.78041e-16 
1.47016 1.97563 -2.61982e-16 
1.47016 1.97563 -4.52921e-20 
1.47016 1.97563 1.42918e-17 
1.47016 1.97563 0 
1.47016 1.97563 0 
1.47016 1.97563 0 
1.47016 1.97563 0 
1.47016 1.97563 0 
1.47016 1.97563 0 
1.47016 1.97563 0 
1.47016 1.97563 -3.70033e-18 
1.47016 1.97563 5.71183e-17 
1.47016 1.97563 1.34894e-17 
1.47016 1.97563 -3.2472e-17 
1.47016 1.97563 -1.7228e-16 
1.47016 1.97563 6.84755e-17 
1.46674 1.972 1.19298e-16 
1.46674 1.972 1.45144e-16 
1.46674 1.972 1.08661e-17 
1.46674 1.972 -2.89609e-16 
1.46674 1.972 2.10497e-17 
1.46674 1.972 -5.84468e-17 
1.46674 1.972 2.14899e-19 
1.46674 1.972 0 
1.46674 1.972 0 
1.46674 1.972 0 
1.46674 1.972 0 
1.46674 1.972 0 
1.46674 1.972 0 
1.46674 1.972 0 
1.46674 1.972 -7.83879e-21 
1.46674 1.972 1.45139e-16 
1.46674 1.972 8.5041e-17 
1.46674 1.972 -1.68149e-16 
1.46674 1.972 -1.85544e-16 
1.46674 1.972 -3.31404e-17 
1.40615 1.66739 5.76743e-16 
1.40615 1.66739 1.4461e-16 
1.40615 1.66739 3.86492e-17 
1.40615 1.66739 -2.1638e-16 
1.40615 1.66739 -2.43486e-16 
1.40615 1.66739 -5.7454e-17 
1.40615 1.66739 1.34295e-21 
1.40615 1.66739 0 
1.40615 1.66739 0 
1.40615 1.66739 0 
1.40615 1.66739 0 
1.40615 1.66739 0 
1.40615 1.66739 0 
1.40615 1.66739 0 
1.40615 1.66739 -7.12585e-24 
1.40615 1.66739 1.17884e-16 
1.40615 1.66739 8.95011e-17 
1.40615 1.66739 -1.7329e-17 
1.40615 1.66739 -1.20142e-16 
1.40615 1.66739 8.46627e-17 
1.13304 0.479061 3.23275e-16 
1.13304 0.479061 9.10366e-17 
1.13304 0.479061 -4.81779e-17 
1.13304 0.479061 -4.53994e-17 
1.13304 0.479061 -1.75291e-17 
1.13304 0.479061 -1.16324e-17 
1.13304 0.479061 3.51279e-24 
1.13304 0.479061 0 
1.13304 0.479061 0 
1.13304 0.479061 0 
1.13304 0.479061 0 
1.13304 0.479061 0 
1.13304 0.479061 0 
1.13304 0.479061 0 
1.13304 0.479061 2.59042e-18 
1.13304 0.479061 2.76481e-17 
1.13304 0.479061 2.66598e-17 
1.13304 0.479061 7.97075e-18 
1.13304 0.479061 -2.96687e-17 
1.13304 0.479061 -9.57341e-17 
1.01442 0.0460899 1.34457e-16 
1.01442 0.0460899 -1.33315e-17 
1.01442 0.0460899 -1.88095e-18 
1.01442 0.0460899 -2.42294e-18 
1.01442 0.0460899 -1.00199e-18 
1.01442 0.0460899 -6.76717e-20 
1.01442 0.0460899 2.13683e-27 
1.01442 0.0460899 0 
1.01442 0.0460899 0 
1.01442 0.0460899 0 
1.01442 0.0460899 0 
1.01442 0.0460899 0 
1.01442 0.0460899 0 
1.01442 0.0460899 0 
1.01442 0.0460899 0 
1.01442 0.0460899 5.25592e-19 
1.01442 0.0460899 1.49291e-18 
1.01442 0.0460899 5.63009e-18 
1.01442 0.0460899 -4.37933e-18 
1.01442 0.0460899 -1.08825e-16 
1.00135 0.00423223 -8.45632e-18 
1.00135 0.00423223 -1.16583e-18 
1.00135 0.00423223 -7.5641e-20 
1.00135 0.00423223 -7.50635e-20 
1.00135 0.00423223 -2.15259e-20 
1.00135 0.00423223 -1.82359e-22 
1.00135 0.00423223 0 
1.00135 0.00423223 0 
1.00135 0.00423223 0 
1.00135 0.00423223 0 
1.00135 0.00423223 0 
1.00135 0.00423223 0 
1.00135 0.00423223 0 
1.00135 0.00423223 0 
1.00135 0.00423223 0 
1.00135 0.00423223 3.98845e-21 
1.00135 0.00423223 5.29431e-20 
1.00135 0.00423223 1.77847e-19 
1.00135 0.00423223 -3.89962e-20 
1.00135 0.00423223 9.32543e-19 
1.00012 0.000361475 -7.19939e-20 
1.00012 0.000361475 -6.48958e-20 
1.00012 0.000361475 -2.07414e-21 
1.00012 0.000361475 -1.22239e-21 
1.00012 0.000361475 -1.94435e-22 
1.00012 0.000361475 -2.22772e-25 
1.00012 0.000361475 0 
1.00012 0.000361475 0 
1.00012 0.000361475 0 
1.00012 0.000361475 0 
1.00012 0.000361475 0 
1.00012 0.000361475 0 
1.00012 0.000361475 0 
1.00012 0.000361475 0 
1.00012 0.000361475 0 
1.00012 0.000361475 1.4413e-23 
1.00012 0.000361475 1.19009e-21 
1.00012 0.000361475 3.00825e-21 
1.00012 0.000361475 4.32346e-21 
1.00012 0.000361475 -1.46135e-21 
1.00001 2.65503e-05 3.80203e-21 
1.00001 2.65503e-05 -2.42278e-21 
1.00001 2.65503e-05 -2.15254e-23 
1.00001 2.65503e-05 -1.16089e-23 
1.00001 2.65503e-05 -9.34741e-25 
1.00001 2.65503e-05 3.56918e-29 
1.00001 2.65503e-05 0 
1.00001 2.65503e-05 0 
1.00001 2.65503e-05 0 
1.00001 2.65503e-05 0 
1.00001 2.65503e-05 0 
1.00001 2.65503e-05 0 
1.00001 2.65503e-05 0 
1.00001 2.65503e-05 0 
1.00001 2.65503e-05 0 
1.00001 2.65503e-05 2.7172e-26 
1.00001 2.65503e-05 1.34021e-23 
1.00001 2.65503e-05 2.5925e-23 
1.00001 2.65503e-05 3.6149e-22 
1.00001 2.65503e-05 -4.85299e-22 
1 1.5987e-06 8.0258e-22 
1 1.5987e-06 -5.28886e-23 
1 1.5987e-06 -4.14889e-26 
1 1.5987e-06 -6.85833e-26 
1 1.5987e-06 -2.62211e-27 
1 1.5987e-06 6.0563e-31 
1 1.5987e-06 0 
1 1.5987e-06 0 
1 1.5987e-06 0 
1 1.5987e-06 0 
1 1.5987e-06 0 
1 1.5987e-06 0 
1 1.5987e-06 0 
1 1.5987e-06 0 
1 1.5987e-06 0 
1 1.5987e-06 2.56929e-29 
1 1.5987e-06 8.45439e-26 
1 1.5987e-06 -3.44527e-27 
1 1.5987e-06 6.93888e-24 
1 1.5987e-06 1.36025e-23 
1 7.60676e-08 1.21199e-23 
1 7.60676e-08 -6.2664e-25 
1 7.60676e-08 1.56546e-27 
1 7.60676e-08 -2.60773e-28 
1 7.60676e-08 -4.40181e-30 
1 7.60676e-08 1.9259e-35 
1 7.60676e-08 0 
1 7.60676e-08 0 
1 7.60676e-08 0 
1 7.60676e-08 0 
1 7.60676e-08 0 
1 7.60676e-08 0 
1 7.60676e-08 0 
1 7.60676e-08 0 
1 7.60676e-08 0 
1 7.60676e-08 9.56577e-33 
1 7.60676e-08 3.23305e-28 
1 7.60676e-08 -1.38965e-27 
1 7.60676e-08 1.19069e-25 
1 7.60676e-08 5.13189e-24 
1 2.7638e-09 1.30723e-25 
1 2.7638e-09 -4.6497e-27 
1 2.7638e-09 1.19856e-29 
1 2.7638e-09 -6.4422e-31 
1 2.7638e-09 -4.31539e-33 
1 2.7638e-09 6.56982e-39 
1 2.7638e-09 0 
1 2.7638e-09 0 
1 2.7638e-09 0 
1 2.7638e-09 0 
1 2.7638e-09 0 
1 2.7638e-09 0 
1 2.7638e-09 0 
1 2.7638e-09 0 
1 2.7638e-09 0 
1 2.7638e-09 0 
1 2.7638e-09 7.71083e-31 
1 2.7638e-09 -8.34173e-30 
1 2.7638e-09 1.50219e-27 
1 2.7638e-09 1.52862e-25 
1 7.43603e-11 8.0112e-28 
1 7.43603e-11 -2.45565e-29 
1 7.43603e-11 2.83936e-32 
1 7.43603e-11 -1.01616e-33 
1 7.43603e-11 -2.26402e-36 
1 7.43603e-11 0 
1 7.43603e-11 0 
1 7.43603e-11 0 
1 7.43603e-11 0 
1 7.43603e-11 0 
1 7.43603e-11 0 
1 7.43603e-11 0 
1 7.43603e-11 0 
1 7.43603e-11 0 
1 7.43603e-11 0 
1 7.43603e-11 0 
1 7.43603e-11 1.12601e-33 
1 7.43603e-11 -3.20083e-32 
1 7.43603e-11 1.2675e-29 
1 7.43603e-11 1.59573e-27 
1 1.45082e-12 -1.20497e-29 
1 1.45082e-12 -1.00898e-31 
1 1.45082e-12 9.01971e-35 
1 1.45082e-12 -9.6538e-37 
1 1.45082e-12 -4.98742e-40 
1 1.45082e-12 0 
1 1.45082e-12 0 
1 1.45082e-12 0 
1 1.45082e-12 0 
1 1.45082e-12 0 
1 1.45082e-12 0 
1 1.45082e-12 0 
1 1.45082e-12 0 
1 1.45082e-12 0 
1 1.45082e-12 0 
1 1.45082e-12 0 
1 1.45082e-12 9.24305e-37 
1 1.45082e-12 -9.57084e-35 
1 1.45082e-12 7.28172e-32 
1 1.45082e-12 9.3304e-30 
1 2.04755e-14 -1.5542e-31 
1 2.04755e-14 -3.33776e-34 
1 2.04755e-14 2.32266e-37 
1 2.04755e-14 -4.62317e-40 
1 2.04755e-14 0 
1 2.04755e-14 0 
1 2.04755e-14 0 
1 2.04755e-14 0 
1 2.04755e-14 0 
1 2.04755e-14 0 
1 2.04755e-14 0 
1 2.04755e-14 0 
1 2.04755e-14 0 
1 2.04755e-14 0 
1 2.04755e-14 0 
1 2.04755e-14 0 
1 2.04755e-14 3.27551e-40 
1 2.04755e-14 -2.3801e-37 
1 2.04755e-14 2.92994e-34 
1 2.04755e-14 3.99107e-32 
1 1.53578e-16 -5.76552e-34 
1 1.53578e-16 -8.73737e-37 
1 1.53578e-16 4.74663e-40 
1 1.53578e-16 9.22963e-44 
1 1.53578e-16 0 
1 1.53578e-16 0 
1 1.53578e-16 0 
1 1.53578e-16 0 
1 1.53578e-16 0 
1 1.53578e-16 0 
1 1.53578e-16 0 
1 1.53578e-16 0 
1 1.53578e-16 0 
1 1.53578e-16 0 
1 1.53578e-16 0 
1 1.53578e-16 0 
1 1.53578e-16 0 
1 1.53578e-16 -4.78769e-40 
1 1.53578e-16 8.40233e-37 
1 1.53578e-16 1.45664e-34 
1 0 -1.95671e-36 
1 0 -1.73805e-39 
1 0 7.25539e-43 
1 0 6.29883e-46 
1 0 0 
1 0 0 
1 0 0 
1 0 0 
1 0 0 
1 0 0 
1 0 0 
1 0 0 
1 0 0 
1 0 0 
1 0 0 
1 0 0 
1 0 0 
1 0 -7.27746e-43 
1 0 1.7258e-39 
1 0 4.57484e-37 
1 0 -5.19492e-39 
1 0 -2.51904e-42 
1 0 7.80323e-46 
1 0 0 
1 0 0 
1 0 0 
1 0 0 
1 0 0 
1 0 0 
1 0 0 
1 0 0 
1 0 0 
1 0 0 
1 0 0 
1 0 0 
1 0 0 
1 0 0 
1 0 -7.81207e-46 
1 0 2.51844e-42 
1 0 1.16527e-39 
1 0 -1.00845e-41 
1 0 -2.55024e-45 
1 0 5.51316e-49 
1 0 0 
1 0 0 
1 0 0 
1 0 0 
1 0 0 
1 0 0 
1 0 0 
1 0 0 
1 0 0 
1 0 0 
1 0 0 
1 0 0 
1 0 0 
1 0 0 
1 0 -5.51448e-49 
1 0 2.54985e-45 
1 0 2.29393e-42 
1 0 -1.37021e-44 
1 0 -1.70795e-48 
1 0 2.28144e-52 
1 0 0 
1 0 0 
1 0 0 
1 0 0 
1 0 0 
1 0 0 
1 0 0 
1 0 0 
1 0 0 
1 0 0 
1 0 0 
1 0 0 
1 0 0 
1 0 0 
1 0 -2.28144e-52 
1 0 1.70782e-48 
1 0 3.36641e-45 
1 0 -1.2372e-47 
1 0 -6.86743e-52 
1 0 4.13279e-56 
1 0 0 
1 0 0 
1 0 0 
1 0 0 
1 0 0 
1 0 0 
1 0 0 
1 0 0 
1 0 0 
1 0 0 
1 0 0 
1 0 0 
1 0 0 
1 0 0 
1 0 -4.13279e-56 
1 0 6.86731e-52 
1 0 3.53044e-48 
1 0 -6.81406e-51 
1 0 -1.28194e-55 
1 0 0 
1 0 0 
1 0 0 
1 0 0 
1 0 0 
1 0 0 
1 0 0 
1 0 0 
1 0 0 
1 0 0 
1 0 0 
1 0 0 
1 0 0 
1 0 0 
1 0 0 
1 0 0 
1 0 1.28194e-55 
1 0 2.48025e-51 
1 0 -1.94081e-54 
1 0 0 
1 0 0 
1 0 0 
1 0 0 
1 0 0 
1 0 0 
1 0 0 
1 0 0 
1 0 0 
1 0 0 
1 0 0 
1 0 0 
1 0 0 
1 0 0 
1 0 0 
1 0 0 
1 0 0 
1 0 0 
1 0 1.03624e-54 
1 0 -1.92154e-58 
1 0 0 
1 0 0 
1 0 0 
1 0 0 
1 0 0 
1 0 0 
1 0 0 
1 0 0 
1 0 0 
1 0 0 
1 0 0 
1 0 0 
1 0 0 
1 0 0 
1 0 0 
1 0 0 
1 0 0 
1 0 0 
1 0 1.92154e-58 
1 0 0 
1 0 0 
1 0 0 
1 0 0 
1 0 0 
1 0 0 
1 0 0 
1 0 0 
1 0 0 
1 0 0 
1 0 0 
1 0 0 
1 0 0 
1 0 0 
1 0 0 
1 0 0 
1 0 0 
1 0 0 
1 0 0 
1 0 0 
1 0 0 
1 0 0 
1 0 0 
1 0 0 
1 0 0 
1 0 0 
1 0 0 
1 0 0 
1 0 0 
1 0 0 
1 0 0 
1 0 0 
1 0 0 
1 0 0 
1 0 0 
1 0 0 
1 0 0 
1 0 0 
1 0 0 
1 0 0 
1 0 0 
1 0 0 
1 0 0 
1 0 0 
1 0 0 
1 0 0 
1 0 0 
1 0 0 
1 0 0 
1 0 0 
1 0 0 
1 0 0 
1 0 0 
1 0 0 
1 0 0 
1 0 0 
1 0 0 
1 0 0 
1 0 0 
1 0 0 
1 0 0 
1 0 0 
1 0 0 
1 0 0 
1 0 0 
1 0 0 
1 0 0 
1 0 0 
1 0 0 
1 0 0 
1 0 0 
1 0 0 
1 0 0 
1 0 0 
1 0 0 
1 0 0 
1 0 0 
1 0 0 
1 0 0 
1 0 0 
1 0 0 
1 0 0 
1 0 0 
1 0 0 
1 0 0 
1 0 0 
1 0 0 
1 0 0 
1 0 0 
1 0 0 
1 0 0 
1 0 0 
1 0 0 
1 0 0 
1 0 0 
1 0 0 
1 0 0 
1 0 0 
1 0 0 
1 0 0 
1 0 0 
1 0 0 
1 0 0 
1 0 0 
1 0 0 
1 0 0 
1 0 0 
1 0 0 
1 0 0 
1 0 0 
1 0 0 
1 0 0 
1 0 0 
1 0 0 
1 0 0 
1 0 0 
1 0 0 
1 0 0 
1 0 0 
1 0 0 
1 0 0 
1 0 0 
1 0 0 
1 0 0 
1 0 0 
1 0 0 
1 0 0 
1 0 0 
1 0 0 
1 0 0 
1 0 0 
1 0 0 
1 0 0 
1 0 0 
1 0 0 
1 0 0 
1 0 0 
1 0 0 
1 0 0 
1 0 0 
1 0 0 
1 0 0 
1 0 0 
1 0 0 
1 0 0 
1 0 0 
1 0 0 
1 0 0 
1 0 0 
1 0 0 
1 0 0 
1 0 0 
1 0 0 
1 0 0 
1 0 0 
1 0 0 
1 0 0 
1 0 0 
1 0 0 
1 0 0 
1 0 0 
1 0 0 
1 0 0 
1 0 0 
1 0 0 
1 0 0 
1 0 0 
1 0 0 
1 0 0 
1 0 0 
1 0 0 
1 0 0 
1 0 0 
1 0 0 
1 0 0 
1 0 0 
1 0 0 
1 0 0 
1 0 0 
1 0 0 
1 0 0 
1 0 0 
1 0 0 
1 0 0 
1 0 0 
1 0 0 
1 0 0 
1 0 0 
1 0 0 
1 0 0 
1 0 0 
1 0 0 
1 0 0 
1 0 0 
1 0 0 
1 0 0 
1 0 0 
1 0 0 
1 0 0 
1 0 0 
1 0 0 
1 0 0 
1 0 0 
1 0 0 
1 0 0 
1 0 0 
1 0 0 
1 0 0 
1 0 0 
1 0 0 
1 0 0 
1 0 0 
1 0 0 
1 0 0 
1 0 0 
1 0 0 
1 0 0 
1 0 0 
1 0 0 
1 0 0 
1 0 0 
1 0 0 
1 0 0 
1 0 0 
1 0 0 
1 0 0 
1 0 0 
1 0 0 
1 0 0 
1 0 0 
1 0 0 
1 0 0 
1 0 0 
1 0 0 
1 0 0 
1 0 0 
1 0 0 
1 0 0 
1 0 0 
1 0 0 
1 0 0 
1 0 0 
1 0 0 
1 0 0 
1 0 0 
1 0 0 
1 0 0 
1 0 0 
1 0 0 
1 0 0 
1 0 0 
1 0 0 
1 0 0 
1 0 0 
1 0 0 
1 0 0 
1 0 0 
1 0 0 
1 0 0 
1 0 0 
1 0 0 
1 0 0 
1 0 0 
1 0 0 
1 0 0 
1 0 0 
1 0 0 
1 0 0 
1 0 0 
1 0 0 
1 0 0 
1 0 0 
1 0 0 
1 0 0 
1 0 0 
1 0 0 
1 0 0 
1 0 0 
1 0 0 
1 0 0 
1 0 0 
1 0 0 
1 0 0 
1 0 0 
1 0 0 
1 0 0 
1 0 0 
1 0 0 
1 0 0 
1 0 0 
1 0 0 
1 0 0 
1 0 0 
1 0 0 
1 0 0 
1 0 0 
1 0 0 
1 0 0 
1 0 0 
1 0 0 
1 0 0 
1 0 0 
1 0 0 
1 0 0 
1 0 0 
1 0 0 
1 0 0 
1 0 0 
1 0 0 
1 0 0 
1 0 0 
1 0 0 
1 0 0 
1 0 0 
1 0 0 
1 0 0 
1 0 0 
1 0 0 
1 0 0 
1 0 0 
1 0 0 
1 0 0 
1 0 0 
1 0 0 
1 0 0 
1 0 0 
1 0 0 
1 0 0 
1 0 0 
1 0 0 
1 0 0 
1 0 0 
1 0 0 
1 0 0 
1 0 0 
1 0 0 
1 0 0 
1 0 0 
1 0 0 
1 0 0 
1 0 0 
1 0 0 
1 0 0 
1 0 0 
1 0 0 
1 0 0 
1 0 0 
1 0 0 
1 0 0 
1 0 0 
1 0 0 
1 0 0 
1 0 0 
1 0 0 
1 0 0 
1 0 0 
1 0 0 
1 0 0 
1 0 0 
1 0 0 
1 0 0 
1 0 0 
1 0 0 
1 0 0 
1 0 0 
1 0 0 
1 0 0 
1 0 0 
1 0 0 
1 0 0 
1 0 0 
1 0 0 
1 0 0 
1 0 0 
1 0 0 
1 0 0 
1 0 0 
1 0 0 
1 0 0 
1 0 0 
1 0 0 
1 0 0 
1 0 0 
1 0 0 
1 0 0 
1 0 0 
1 0 0 
1 0 0 
1 0 0 
1 0 0 
1 0 0 
1 0 0 
1 0 0 
1 0 0 
1 0 0 
1 0 0 
1 0 0 
1 0 0 
1 0 0 
1 0 0 
1 0 0 
1 0 0 
1 0 0 
1 0 0 
1 0 0 
1 0 0 
1 0 0 
1 0 0 
1 0 0 
1 0 0 
1 0 0 
1 0 0 
1 0 0 
1 0 0 
1 0 0 
1 0 0 
1 0 0 
1 0 0 
1 0 0 
1 0 0 
1 0 0 
1 0 0 
1 0 0 
1 0 0 
1 0 0 
1 0 0 
1 0 0 
1 0 0 
1 0 0 
1 0 0 
1 0 0 
1 0 0 
1 0 0 
1 0 0 
1 0 0 
1 0 0 
1 0 0 
1 0 0 
1 0 0 
1 0 0 
1 0 0 
1 0 0 
1 0 0 
1 0 0 
1 0 0 
1 0 0 
1 0 0 
1 0 0 
1 0 0 
1 0 0 
1 0 0 
1 0 0 
1 0 0 
1 0 0 
1 0 0 
1 0 0 
1 0 0 
1 0 0 
1 0 0 
1 0 0 
1 0 0 
1 0 0 
1 0 0 
1 0 0 
1 0 0 
1 0 0 
1 0 0 
1 0 0 
1 0 0 
1 0 0 
1 0 0 
1 0 0 
1 0 0 
1 0 0 
1 0 0 
1 0 0 
1 0 0 
1 0 0 
1 0 0 
1 0 0 
1 0 0 
1 0 0 
1 0 0 
1 0 0 
1 0 0 
1 0 0 
1 0 0 
1 0 0 
1 0 0 
1 0 0 
1 0 0 
1 0 0 
1 0 0 
1 0 0 
1 0 0 
1 0 0 
1 0 0 
1 0 0 
1 0 0 
1 0 0 
1 0 0 
1 0 0 
1 0 0 
1 0 0 
1 0 0 
1 0 0 
1 0 0 
1 0 0 
1 0 0 
1 0 0 
1 0 0 
1 0 0 
1 0 0 
1 0 0 
1 0 0 
1 0 0 
1 0 0 
1 0 0 
1 0 0 
1 0 0 
1 0 0 
1 0 0 
1 0 0 
1 0 0 
1 0 0 
1 0 0 
1 0 0 
1 0 0 
1 0 0 
1 0 0 
1 0 0 
1 0 0 
1 0 0 
1 0 0 
1 0 0 
1 0 0 
1 0 0 
1 0 0 
1 0 0 
1 0 0 
1 0 0 
1 0 0 
1 0 0 
1 0 0 
1 0 0 
1 0 0 
1 0 0 
1 0 0 
1 0 0 
1 0 0 
1 0 0 
1 0 0 
1 0 0 
1 0 0 
1 0 0 
1 0 0 
1 0 0 
1 0 0 
1 0 0 
1 0 0 
1 0 0 
1 0 0 
1 0 0 
1 0 0 
1 0 0 
1 0 0 
1 0 0 
1 0 0 
1 0 0 
1 0 0 
1 0 0 
1 0 0 
1 0 0 
1 0 0 
1 0 0 
1 0 0 
1 0 0 
1 0 0 
1 0 0 
1 0 0 
1 0 0 
1 0 0 
1 0 0 
1 0 0 
1 0 0 
1 0 0 
1 0 0 
1 0 0 
1 0 0 
1 0 0 
1 0 0 
1 0 0 
1 0 0 
1 0 0 
1 0 0 
1 0 0 
1 0 0 
1 0 0 
1 0 0 
1 0 0 
1 0 0 
1 0 0 
1 0 0 
1 0 0 
1 0 0 
1 0 0 
1 0 0 
1 0 0 
1 0 0 
1 0 0 
1 0 0 
1 0 0 
1 0 0 
1 0 0 
1 0 0 
1 0 0 
1 0 0 
1 0 0 
1 0 0 
1 0 0 
1 0 0 
1 0 0 
1 0 0 
1 0 0 
1 0 0 
1 0 0 
1 0 0 
1 0 0 
1 0 0 
1 0 0 
1 0 0 
1 0 0 
1 0 0 
1 0 0 
1 0 0 
1 0 0 
1 0 0 
1 0 0 
1 0 0 
1 0 0 
1 1.53778e-72 0 
1 6.73421e-75 0 
1 1.42898e-72 0 
1 6.82342e-70 0 
1 2.39373e-67 0 
1 6.17891e-65 0 
1 1.16376e-62 0 
1 1.57127e-60 0 
1 1.48263e-58 0 
1 9.52405e-57 0 
1 4.14007e-55 0 
1 1.26724e-53 0 
1 2.87645e-52 0 
1 4.96179e-51 0 
1 6.26504e-50 0 
1 5.68932e-49 0 
1 2.49945e-48 0 
1 2.81881e-48 0 
1 -1.0858e-47 0 
1 2.1458e-47 0 
1 9.85061e-60 0 
1 3.076e-56 0 
1 1.05783e-53 0 
1 2.66791e-51 0 
1 4.90393e-49 0 
1 6.49145e-47 0 
1 6.119e-45 0 
1 4.11696e-43 0 
1 2.02492e-41 0 
1 7.36575e-40 0 
1 2.01134e-38 0 
1 4.18304e-37 0 
1 6.66813e-36 0 
1 7.91666e-35 0 
1 7.78837e-34 0 
1 2.60655e-33 0 
1 4.92924e-35 0 
1 -5.50457e-32 0 
1 -3.38972e-31 0 
1 -7.00659e-31 0 
1 -6.44181e-48 7.7334e-48 
1 -4.19679e-45 0 
1 -1.97294e-42 0 
1 -6.78055e-40 0 
1 -1.70632e-37 0 
1 -3.1195e-35 0 
1 -4.08113e-33 0 
1 -3.75616e-31 0 
1 -2.41931e-29 0 
1 -1.11766e-27 0 
1 -3.82474e-26 0 
1 -9.972e-25 0 
1 -2.02305e-23 0 
1 -3.23942e-22 0 
1 -4.12858e-21 0 
1 -4.20493e-20 0 
1 -3.42346e-19 0 
1 -2.22495e-18 0 
1 -1.14467e-17 0 
1 -4.7223e-17 0 
1 -1.3425e-16 0 
1 -2.55466e-16 -6.75445e-17 
1 -8.91743e-55 2.42103e-51 
1 -4.67684e-58 8.31242e-51 
1 -2.2186e-55 0 
1 -3.12059e-52 0 
1 -2.90417e-49 0 
1 -1.89281e-46 0 
1 -8.89971e-44 0 
1 -3.0593e-41 0 
1 -7.70101e-39 0 
1 -1.40851e-36 0 
1 -1.84387e-34 0 
1 -1.69869e-32 0 
1 -1.09569e-30 0 
1 -5.07202e-29 0 
1 -1.7403e-27 0 
1 -4.55297e-26 0 
1 -9.27775e-25 0 
1 -1.49412e-23 0 
1 -1.91838e-22 0 
1 -1.97179e-21 0 
1 -1.62288e-20 0 
1 -1.06722e-19 0 
1 -5.58448e-19 -1.93513e-17 
1 -2.32663e-18 -2.02115e-17 
1 -2.5495e-63 3.8902e-59 
1 0 3.70177e-55 
1 0 1.72132e-54 
1 0 5.91129e-54 
1 0 0 
1 2.2005e-63 0 
1 1.18322e-59 0 
1 2.81629e-56 0 
1 3.95806e-53 0 
1 3.6798e-50 0 
1 2.39522e-47 0 
1 1.12431e-44 0 
1 3.85625e-42 0 
1 9.67757e-40 0 
1 1.76239e-37 0 
1 2.29249e-35 0 
1 2.09178e-33 0 
1 1.33009e-31 0 
1 6.03767e-30 0 
1 2.01934e-28 0 
1 5.11248e-27 0 
1 9.98686e-26 0 
1 1.52198e-24 0 
1 1.81625e-23 0 
1 1.69697e-22 -4.32772e-18 
1 1.32753e-21 -6.22832e-18 
1 8.74932e-21 -1.65252e-18 
1 2.3168e-20 -1.33785e-19 
1 0 6.46585e-64 
1 0 7.22948e-63 
1 0 1.55388e-58 
1 0 7.22735e-58 
1 0 2.48242e-57 
1 0 0 
1 -3.67515e-62 0 
1 -1.97787e-58 0 
1 -4.7129e-55 0 
1 -6.63265e-52 0 
1 -6.17691e-49 0 
1 -4.02934e-46 0 
1 -1.89665e-43 0 
1 -6.52937e-41 0 
1 -1.64687e-38 0 
1 -3.02048e-36 0 
1 -3.96988e-34 0 
1 -3.67864e-32 0 
1 -2.39241e-30 0 
1 -1.11908e-28 0 
1 -3.88746e-27 0 
1 -1.03148e-25 0 
1 -2.13542e-24 0 
1 -3.50058e-23 0 
1 -4.58743e-22 0 
1 -4.83242e-21 -7.66002e-19 
1 -4.10512e-20 -1.50112e-18 
1 -2.81143e-19 -3.82568e-19 
1 -1.55094e-18 -2.30102e-20 
1 -6.71175e-18 -1.62402e-18 
1 0 0 
1 0 0 
1 0 0 
1 0 0 
1 0 2.88785e-62 
1 0 1.34346e-61 
1 0 4.61509e-61 
1 0 0 
1 -3.84066e-61 0 
1 -2.06611e-57 0 
1 -4.92065e-54 0 
1 -6.92064e-51 0 
1 -6.44003e-48 0 
1 -4.19679e-45 0 
1 -1.97294e-42 0 
1 -6.78055e-40 0 
1 -1.70632e-37 0 
1 -3.1195e-35 0 
1 -4.08113e-33 0 
1 -3.75616e-31 0 
1 -2.41931e-29 0 
1 -1.11766e-27 0 
1 -3.82474e-26 0 
1 -9.97199e-25 0 
1 -2.02306e-23 0 
1 -3.23977e-22 0 
1 -4.13239e-21 0 
1 -4.21866e-20 -1.08094e-19 
1 -3.4562e-19 -2.8749e-19 
1 -2.27032e-18 -7.09066e-20 
1 -1.19548e-17 -3.22205e-21 
1 -4.87606e-17 -2.93463e-19 
1 -1.46162e-16 -2.7175e-17 
1 -2.15035e-16 -7.38096e-17 
1 0 0 
1 0 0 
1 0 0 
1 0 0 
1 0 0 
1 0 0 
1 0 0 
1 0 0 
1 0 0 
1 0 0 
1 0 0 
1 0 0 
1 -1.73146e-62 0 
1 -9.31496e-59 0 
1 -2.2186e-55 0 
1 -3.12059e-52 0 
1 -2.90417e-49 0 
1 -1.89281e-46 0 
1 -8.89971e-44 0 
1 -3.0593e-41 0 
1 -7.70101e-39 0 
1 -1.40851e-36 0 
1 -1.84387e-34 0 
1 -1.69869e-32 0 
1 -1.09569e-30 0 
1 -5.07203e-29 0 
1 -1.7403e-27 0 
1 -4.55302e-26 0 
1 -9.27817e-25 -1.22408e-20 
1 -1.49452e-23 -4.37602e-20 
1 -1.92108e-22 -1.05154e-20 
1 -1.98137e-21 -3.66978e-22 
1 -1.64318e-20 -4.27504e-20 
1 -1.094e-19 -6.81636e-18 
1 -5.81969e-19 -2.0653e-17 
1 -2.44753e-18 -2.18729e-17 
1 0 0 
1 0 0 
1 0 0 
1 0 0 
1 0 0 
1 0 0 
1 0 0 
1 0 0 
1 0 0 
1 0 0 
1 0 0 
1 0 0 
1 0 0 
1 0 0 
1 0 0 
1 0 0 
1 0 0 
1 0 0 
1 -8.83098e-64 0 
1 -4.75381e-60 0 
1 -1.13311e-56 0 
1 -1.5953e-53 0 
1 -1.48642e-50 0 
1 -9.70227e-48 0 
1 -4.5706e-45 0 
1 -1.57511e-42 0 
1 -3.97844e-40 0 
1 -7.3111e-38 0 
1 -9.63624e-36 0 
1 -8.96594e-34 0 
1 -5.86485e-32 -1.11601e-21 
1 -2.76376e-30 -5.31841e-21 
1 -9.68806e-29 -1.25159e-21 
1 -2.59881e-27 -3.39197e-23 
1 -5.45205e-26 -5.02371e-21 
1 -9.08466e-25 -1.33072e-18 
1 -1.21501e-23 -4.53306e-18 
1 -1.31307e-22 -6.55032e-18 
1 -1.15085e-21 -1.7357e-18 
1 -8.18486e-21 -1.04582e-19 
1 0 0 
1 0 0 
1 0 0 
1 0 0 
1 0 0 
1 0 0 
1 0 0 
1 0 0 
1 0 0 
1 0 0 
1 0 0 
1 0 0 
1 0 0 
1 0 0 
1 0 0 
1 0 0 
1 0 0 
1 0 0 
1 0 0 
1 0 0 
1 0 0 
1 -1.16042e-64 0 
1 -6.2474e-61 0 
1 -1.48933e-57 0 
1 -2.0972e-54 0 
1 -1.9545e-51 0 
1 -1.27612e-48 0 
1 -6.01384e-46 0 
1 -2.07348e-43 0 
1 -5.24067e-41 0 
1 -9.6396e-39 0 
1 -1.27224e-36 -8.19002e-23 
1 -1.1861e-34 -5.17395e-22 
1 -7.78099e-33 -1.19722e-22 
1 -3.68076e-31 -2.5351e-24 
1 -1.29645e-29 -4.76271e-22 
1 -3.4981e-28 -2.05461e-19 
1 -7.39084e-27 -7.87829e-19 
1 -1.24217e-25 -1.56415e-18 
1 -1.6789e-24 -3.97713e-19 
1 -1.8381e-23 -1.8892e-20 
1 -1.63725e-22 -2.37364e-21 
1 0 0 
1 0 0 
1 0 0 
1 0 0 
1 0 0 
1 0 0 
1 0 0 
1 0 0 
1 0 0 
1 0 0 
1 0 0 
1 0 0 
1 0 0 
1 0 0 
1 0 0 
1 0 0 
1 0 0 
1 0 0 
1 0 0 
1 0 0 
1 0 0 
1 0 0 
1 0 0 
1 0 0 
1 0 0 
1 0 0 
1 0 0 
1 -4.25022e-66 0 
1 -2.28964e-62 0 
1 -5.46263e-59 0 
1 -7.69976e-56 0 
1 -7.18465e-53 0 
1 -4.69821e-50 0 
1 -2.21848e-47 -4.81697e-24 
1 -7.669e-45 -4.02857e-23 
1 -1.9452e-42 -9.19401e-24 
1 -3.59569e-40 -1.52214e-25 
1 -4.77948e-38 -3.63062e-23 
1 -4.50242e-36 -2.52902e-20 
1 -2.99755e-34 -1.09762e-19 
1 -1.44518e-32 -2.94674e-19 
1 -5.20867e-31 -7.2575e-20 
1 -1.44384e-29 -2.74772e-21 
1 -3.14737e-28 -3.25378e-22 
1 -5.48409e-27 -7.83453e-23 
1 -7.72785e-26 -2.19946e-24 
1 0 0 
1 0 0 
1 0 0 
1 0 0 
1 0 0 
1 0 0 
1 0 0 
1 0 0 
1 0 0 
1 0 0 
1 0 0 
1 0 0 
1 0 0 
1 0 0 
1 0 0 
1 0 0 
1 0 0 
1 0 0 
1 0 0 
1 0 0 
1 0 0 
1 0 0 
1 0 0 
1 0 0 
1 0 0 
1 0 0 
1 0 0 
1 0 0 
1 0 0 
1 0 0 
1 -5.58494e-67 0 
1 -3.00901e-63 0 
1 -7.17995e-60 0 
1 -1.01222e-56 0 
1 -9.44714e-54 -2.25006e-25 
1 -6.17946e-51 -2.50057e-24 
1 -2.91898e-48 -5.64171e-25 
1 -1.00954e-45 -7.26562e-27 
1 -2.56232e-43 -2.21298e-24 
1 -4.74078e-41 -2.49104e-21 
1 -6.30991e-39 -1.23348e-20 
1 -5.95573e-37 -4.43042e-20 
1 -3.97623e-35 -1.06386e-20 
1 -1.9241e-33 -3.22728e-22 
1 -6.96663e-32 -3.63638e-23 
1 -1.9419e-30 -8.58231e-24 
1 -4.26141e-29 -1.9584e-25 
1 -7.48491e-28 -2.09635e-26 
1 0 0 
1 0 0 
1 0 0 
1 0 0 
1 0 0 
1 0 0 
1 0 0 
1 0 0 
1 0 0 
1 0 0 
1 0 0 
1 0 0 
1 0 0 
1 0 0 
1 0 0 
1 0 0 
1 0 0 
1 0 0 
1 0 0 
1 0 0 
1 0 0 
1 0 0 
1 0 0 
1 0 0 
1 0 0 
1 0 0 
1 0 0 
1 0 0 
1 0 0 
1 0 0 
1 0 0 
1 0 0 
1 0 0 
1 0 0 
1 0 0 
1 0 0 
1 -2.04556e-68 -8.2257e-27 
1 -1.10278e-64 -1.2266e-25 
1 -2.63349e-61 -2.74075e-26 
1 -3.7163e-58 -2.71395e-28 
1 -3.4727e-55 -1.06826e-25 
1 -2.27503e-52 -1.96196e-22 
1 -1.07678e-49 -1.12027e-21 
1 -3.7338e-47 -5.34401e-21 
1 -9.51011e-45 -1.2573e-21 
1 -1.76818e-42 -3.06183e-23 
1 -2.36998e-40 -3.30795e-24 
1 -2.25981e-38 -7.67603e-25 
1 -1.53049e-36 -1.41779e-26 
1 -7.54318e-35 -1.46845e-27 
1 -2.79217e-33 -3.35014e-28 
1 -7.98601e-32 -4.76124e-30 
1 0 0 
1 0 0 
1 0 0 
1 0 0 
1 0 0 
1 0 0 
1 0 0 
1 0 0 
1 0 0 
1 0 0 
1 0 0 
1 0 0 
1 0 0 
1 0 0 
1 0 0 
1 0 0 
1 0 0 
1 0 0 
1 0 0 
1 0 0 
1 0 0 
1 0 0 
1 0 0 
1 0 0 
1 0 0 
1 0 0 
1 0 0 
1 0 0 
1 0 0 
1 0 0 
1 0 0 
1 0 0 
1 0 0 
1 0 0 
1 0 0 
1 0 0 
1 0 0 
1 0 -2.30441e-28 
1 0 -4.6864e-27 
1 -2.68795e-69 -1.0385e-27 
1 -1.44927e-65 -7.76002e-30 
1 -3.46139e-62 -4.02405e-27 
1 -4.88549e-59 -1.23e-23 
1 -4.56627e-56 -8.20695e-23 
1 -2.99229e-53 -5.18111e-22 
1 -1.41678e-50 -1.19881e-22 
1 -4.91512e-48 -2.33926e-24 
1 -1.25271e-45 -2.43863e-25 
1 -2.33124e-43 -5.57785e-26 
1 -3.12874e-41 -8.28021e-28 
1 -2.98901e-39 -8.33538e-29 
1 -2.02985e-37 -1.87985e-29 
1 -1.004e-35 -2.13714e-31 
1 -3.73277e-34 -2.09314e-32 
1 0 0 
1 0 0 
1 0 0 
1 0 0 
1 0 0 
1 0 0 
1 0 0 
1 0 0 
1 0 0 
1 0 0 
1 0 0 
1 0 0 
1 0 0 
1 0 0 
1 0 0 
1 0 0 
1 0 0 
1 0 0 
1 0 0 
1 0 0 
1 0 0 
1 0 0 
1 0 0 
1 0 0 
1 0 0 
1 0 0 
1 0 0 
1 0 0 
1 0 0 
1 0 0 
1 0 0 
1 0 0 
1 0 0 
1 0 0 
1 0 0 
1 0 0 
1 0 0 
1 0 0 
1 0 0 
1 0 -4.81265e-30 
1 0 -1.36525e-28 
1 0 -3.00384e-29 
1 0 -1.65052e-31 
1 0 -1.15793e-28 
1 0 -6.08377e-25 
1 -9.84498e-71 -4.82301e-24 
1 -5.31147e-67 -4.02961e-23 
1 -1.26958e-63 -9.19639e-24 
1 -1.79367e-60 -1.43032e-25 
1 -1.67852e-57 -1.44635e-26 
1 -1.10163e-54 -3.26777e-27 
1 -5.22627e-52 -3.85696e-29 
1 -1.81781e-49 -3.7883e-30 
1 -4.64922e-47 -8.45893e-31 
1 -8.69398e-45 -7.56769e-33 
1 -1.1749e-42 -7.26336e-34 
1 -1.13366e-40 -1.60677e-34 
1 -7.80667e-39 -1.07779e-36 
1 0 0 
1 0 0 
1 0 0 
1 0 0 
1 0 0 
1 0 0 
1 0 0 
1 0 0 
1 0 0 
1 0 0 
1 0 0 
1 0 0 
1 0 0 
1 0 0 
1 0 0 
1 0 0 
1 0 0 
1 0 0 
1 0 0 
1 0 0 
1 0 0 
1 0 0 
1 0 0 
1 0 0 
1 0 0 
1 0 0 
1 0 0 
1 0 0 
1 0 0 
1 0 0 
1 0 0 
1 0 0 
1 0 0 
1 0 0 
1 0 0 
1 0 0 
1 0 0 
1 0 0 
1 0 0 
1 0 0 
1 0 -7.26281e-32 
1 0 -2.94817e-30 
1 0 -6.44739e-31 
1 0 -2.52836e-33 
1 0 -2.47468e-30 
1 0 -2.34038e-26 
1 0 -2.2518e-25 
1 0 -2.50067e-24 
1 -1.29367e-71 -5.64197e-25 
1 -6.98027e-68 -6.92887e-27 
1 -1.66871e-64 -6.82644e-28 
1 -2.35798e-61 -1.52615e-28 
1 -2.20709e-58 -1.41003e-30 
1 -1.44895e-55 -1.35588e-31 
1 -6.87648e-53 -3.00168e-32 
1 -2.39292e-50 -2.067e-34 
1 -6.12408e-48 -1.9498e-35 
1 -1.14622e-45 -4.28307e-36 
1 -1.55099e-43 -2.15979e-38 
1 -1.49935e-41 -2.00698e-39 
1 0 0 
1 0 0 
1 0 0 
1 0 0 
1 0 0 
1 0 0 
1 0 0 
1 0 0 
1 0 0 
1 0 0 
1 0 0 
1 0 0 
1 0 0 
1 0 0 
1 0 0 
1 0 0 
1 0 0 
1 0 0 
1 0 0 
1 0 0 
1 0 0 
1 0 0 
1 0 0 
1 0 0 
1 0 0 
1 0 0 
1 0 0 
1 0 0 
1 0 0 
1 0 0 
1 0 0 
1 0 0 
1 0 0 
1 0 0 
1 0 0 
1 0 0 
1 0 0 
1 0 0 
1 0 0 
1 0 0 
1 0 0 
1 0 0 
1 0 -7.73326e-34 
1 0 -4.56917e-32 
1 0 -9.94381e-33 
1 0 -2.72153e-35 
1 0 -3.80424e-32 
1 0 -6.8565e-28 
1 0 -8.22945e-27 
1 0 -1.22661e-25 
1 0 -2.74078e-26 
1 0 -2.61928e-28 
1 0 -2.52377e-29 
1 0 -5.5917e-30 
1 -4.73824e-73 -3.95715e-32 
1 -2.55823e-69 -3.73717e-33 
1 -6.12053e-66 -8.21321e-34 
1 -8.65712e-63 -4.2325e-36 
1 -8.11301e-60 -3.93557e-37 
1 -5.33434e-57 -8.59493e-38 
1 -2.53657e-54 -3.15838e-40 
1 -8.84971e-52 -2.90313e-41 
1 -2.27272e-49 -6.31057e-42 
1 -4.27422e-47 -1.63064e-44 
1 0 0 
1 0 0 
1 0 0 
1 0 0 
1 0 0 
1 0 0 
1 0 0 
1 0 0 
1 0 0 
1 0 0 
1 0 0 
1 0 0 
1 0 0 
1 0 0 
1 0 0 
1 0 0 
1 0 0 
1 0 0 
1 0 0 
1 0 0 
1 0 0 
1 0 0 
1 0 0 
1 0 0 
1 0 0 
1 0 0 
1 0 0 
1 0 0 
1 0 0 
1 0 0 
1 0 0 
1 0 0 
1 0 0 
1 0 0 
1 0 0 
1 0 0 
1 0 0 
1 0 0 
1 0 0 
1 0 0 
1 0 0 
1 0 0 
1 0 0 
1 0 -5.82937e-36 
1 0 -4.95854e-34 
1 0 -1.07534e-34 
1 0 -2.06708e-37 
1 0 -4.10478e-34 
1 0 -1.4873e-29 
1 0 -2.305e-28 
1 0 -4.68641e-27 
1 0 -1.0385e-27 
1 0 -7.56158e-30 
1 0 -7.15015e-31 
1 0 -1.57218e-31 
1 0 -8.28605e-34 
1 0 -7.70989e-35 
1 -6.22622e-74 -1.68422e-35 
1 -3.36199e-70 -6.29452e-38 
1 -8.04467e-67 -5.7877e-39 
1 -1.13807e-63 -1.25825e-39 
1 -1.06678e-60 -3.28974e-42 
1 -7.01612e-58 -3.00039e-43 
1 -3.33749e-55 -6.50134e-44 
1 -1.16495e-52 -1.20103e-46 
1 -2.99366e-50 -1.0894e-47 
1 0 0 
1 0 0 
1 0 0 
1 0 0 
1 0 0 
1 0 0 
1 0 0 
1 0 0 
1 0 0 
1 0 0 
1 0 0 
1 0 0 
1 0 0 
1 0 0 
1 0 0 
1 0 0 
1 0 0 
1 0 0 
1 0 0 
1 0 0 
1 0 0 
1 0 0 
1 0 0 
1 0 0 
1 0 0 
1 0 0 
1 0 0 
1 0 0 
1 0 0 
1 0 0 
1 0 0 
1 0 0 
1 0 0 
1 0 0 
1 0 0 
1 0 0 
1 0 0 
1 0 0 
1 0 0 
1 0 0 
1 0 0 
1 0 0 
1 0 0 
1 0 0 
1 0 0 
1 0 -3.15774e-38 
1 0 -3.78715e-36 
1 0 -8.19307e-37 
1 0 -1.1257e-39 
1 0 -3.12278e-36 
1 0 -2.31293e-31 
1 0 -4.81328e-30 
1 0 -1.36525e-28 
1 0 -3.00384e-29 
1 0 -1.62047e-31 
1 0 -1.50885e-32 
1 0 -3.29702e-33 
1 0 -1.25384e-35 
1 0 -1.15327e-36 
1 0 -2.50756e-37 
1 0 -6.63528e-40 
1 0 -6.05265e-41 
1 0 -1.31159e-41 
1 -2.28044e-75 -2.44284e-44 
1 -1.23215e-71 -2.21595e-45 
1 -2.95064e-68 -4.79101e-46 
1 -4.17833e-65 -6.40174e-49 
1 -3.92135e-62 -5.78491e-50 
1 -2.58298e-59 -1.24877e-50 
1 -1.2311e-56 -1.21567e-53 
1 0 0 
1 0 0 
1 0 0 
1 0 0 
1 0 0 
1 0 0 
1 0 0 
1 0 0 
1 0 0 
1 0 0 
1 0 0 
1 0 0 
1 0 0 
1 0 0 
1 0 0 
1 0 0 
1 0 0 
1 0 0 
1 0 0 
1 0 0 
1 0 0 
1 0 0 
1 0 0 
1 0 0 
1 0 0 
1 0 0 
1 0 0 
1 0 0 
1 0 0 
1 0 0 
1 0 0 
1 0 0 
1 0 0 
1 0 0 
1 0 0 
1 0 0 
1 0 0 
1 0 0 
1 0 0 
1 0 0 
1 0 0 
1 0 0 
1 0 0 
1 0 0 
1 0 0 
1 0 0 
1 0 -1.24609e-40 
1 0 -2.07038e-38 
1 0 -4.47138e-39 
1 0 -4.45931e-42 
1 0 -1.70252e-38 
1 0 -2.51591e-33 
1 0 -7.2633e-32 
1 0 -2.94817e-30 
1 0 -6.4474e-31 
1 0 -2.49628e-33 
1 0 -2.29686e-34 
1 0 -4.99477e-35 
1 0 -1.33798e-37 
1 0 -1.2207e-38 
1 0 -2.64539e-39 
1 0 -4.96798e-42 
1 0 -4.50694e-43 
1 0 -9.74457e-44 
1 0 -1.30954e-46 
1 0 -1.18342e-47 
1 -2.99658e-76 -2.55464e-48 
1 -1.61927e-72 -2.49715e-51 
1 -3.87825e-69 -2.25042e-52 
1 -5.49288e-66 -4.85249e-53 
1 -5.1562e-63 -3.47842e-56 
1 -3.39732e-60 -3.12836e-57 
1 0 0 
1 0 0 
1 0 0 
1 0 0 
1 0 0 
1 0 0 
1 0 0 
1 0 0 
1 0 0 
1 0 0 
1 0 0 
1 0 0 
1 0 0 
1 0 0 
1 0 0 
1 0 0 
1 0 0 
1 0 0 
1 0 0 
1 0 0 
1 0 0 
1 0 0 
1 0 0 
1 0 0 
1 0 0 
1 0 0 
1 0 0 
1 0 0 
1 0 0 
1 0 0 
1 0 0 
1 0 0 
1 0 0 
1 0 0 
1 0 0 
1 0 0 
1 0 0 
1 0 0 
1 0 0 
1 0 0 
1 0 0 
1 0 0 
1 0 0 
1 0 0 
1 0 0 
1 0 0 
1 0 0 
1 0 0 
1 0 -3.60707e-43 
1 0 -8.22409e-41 
1 0 -1.77396e-41 
1 0 -1.29453e-44 
1 0 -6.74966e-41 
1 0 -1.92459e-35 
1 0 -7.73353e-34 
1 0 -4.56917e-32 
1 0 -9.94381e-33 
1 0 -2.6973e-35 
1 0 -2.46128e-36 
1 0 -5.33424e-37 
1 0 -1.01021e-39 
1 0 -9.16536e-41 
1 0 -1.98173e-41 
1 0 -2.67864e-44 
1 0 -2.42075e-45 
1 0 -5.22577e-46 
1 0 -5.12928e-49 
1 0 -4.62258e-50 
1 0 -9.96762e-51 
1 0 -7.16689e-54 
1 0 -6.44572e-55 
1 0 -1.38872e-55 
1 -1.09754e-77 -7.30532e-59 
1 -5.93453e-74 -6.56005e-60 
1 -1.42247e-70 -1.41246e-60 
1 -2.01665e-67 -5.36468e-64 
1 0 0 
1 0 0 
1 0 0 
1 0 0 
1 0 0 
1 0 0 
1 0 0 
1 0 0 
1 0 0 
1 0 0 
1 0 0 
1 0 0 
1 0 0 
1 0 0 
1 0 0 
1 0 0 
1 0 0 
1 0 0 
1 0 0 
1 0 0 
1 0 0 
1 0 0 
1 0 0 
1 0 0 
1 0 0 
1 0 0 
1 0 0 
1 0 0 
1 0 0 
1 0 0 
1 0 0 
1 0 0 
1 0 0 
1 0 0 
1 0 0 
1 0 0 
1 0 0 
1 0 0 
1 0 0 
1 0 0 
1 0 0 
1 0 0 
1 0 0 
1 0 0 
1 0 0 
1 0 0 
1 0 0 
1 0 0 
1 0 0 
1 0 -7.64272e-46 
1 0 -2.3923e-43 
1 0 -5.15552e-44 
1 0 -2.74886e-47 
1 0 -1.96057e-43 
1 0 -1.05329e-37 
1 0 -5.82948e-36 
1 0 -4.95854e-34 
1 0 -1.07534e-34 
1 0 -2.05394e-37 
1 0 -1.86364e-38 
1 0 -4.02971e-39 
1 0 -5.47873e-42 
1 0 -4.95147e-43 
1 0 -1.06891e-43 
1 0 -1.05355e-46 
1 0 -9.49493e-48 
1 0 -2.0474e-48 
1 0 -1.47663e-51 
1 0 -1.32806e-52 
1 0 -2.8613e-53 
1 0 -1.50868e-56 
1 0 -1.35478e-57 
1 0 -2.91701e-58 
1 0 -1.10992e-61 
1 0 -9.95494e-63 
1 -1.44221e-78 -2.14236e-63 
1 -7.79926e-75 -5.71157e-67 
1 -1.86976e-71 -5.11785e-68 
1 0 0 
1 0 0 
1 0 0 
1 0 0 
1 0 0 
1 0 0 
1 0 0 
1 0 0 
1 0 0 
1 0 0 
1 0 0 
1 0 0 
1 0 0 
1 0 0 
1 0 0 
1 0 0 
1 0 0 
1 0 0 
1 0 0 
1 0 0 
1 0 0 
1 0 0 
1 0 0 
1 0 0 
1 0 0 
1 0 0 
1 0 0 
1 0 0 
1 0 0 
1 0 0 
1 0 0 
1 0 0 
1 0 0 
1 0 0 
1 0 0 
1 0 0 
1 0 0 
1 0 0 
1 0 0 
1 0 0 
1 0 0 
1 0 0 
1 0 0 
1 0 0 
1 0 0 
1 0 0 
1 0 0 
1 0 0 
1 0 0 
1 0 0 
1 0 -1.16919e-48 
1 0 -5.08775e-46 
1 0 -1.09566e-46 
1 0 -4.21242e-50 
1 0 -4.165e-46 
1 0 -4.18715e-40 
1 0 -3.15777e-38 
1 0 -3.78715e-36 
1 0 -8.19307e-37 
1 0 -1.12051e-39 
1 0 -1.01272e-40 
1 0 -2.18628e-41 
1 0 -2.16389e-44 
1 0 -1.95022e-45 
1 0 -4.20531e-46 
1 0 -3.04231e-49 
1 0 -2.73625e-50 
1 0 -5.89526e-51 
1 0 -3.11566e-54 
1 0 -2.79785e-55 
1 0 -6.02414e-56 
1 0 -2.29635e-59 
1 0 -2.05961e-60 
1 0 -4.43242e-61 
1 0 -1.18339e-64 
1 0 -1.06038e-65 
1 0 -2.2811e-66 
1 0 -4.03073e-70 
1 -5.73136e-93 -3.60897e-71 
1 -2.69178e-89 -7.76125e-72 
1 0 0 
1 0 0 
1 0 0 
1 0 0 
1 0 0 
1 0 0 
1 0 0 
1 0 0 
1 0 0 
1 0 0 
1 0 0 
1 0 0 
1 0 0 
1 0 0 
1 0 0 
1 0 0 
1 0 0 
1 0 0 
1 0 0 
1 0 0 
1 0 0 
1 0 0 
1 0 0 
1 0 0 
1 0 0 
1 0 0 
1 0 0 
1 0 0 
1 0 0 
1 0 0 
1 0 0 
1 0 0 
1 0 0 
1 0 0 
1 0 0 
1 0 0 
1 0 0 
1 0 0 
1 0 0 
1 0 0 
1 0 0 
1 0 0 
1 0 0 
1 0 0 
1 0 0 
1 0 0 
1 0 0 
1 0 0 
1 0 0 
1 0 0 
1 0 -1.25339e-51 
1 0 -7.80594e-49 
1 0 -1.68011e-49 
1 0 -4.52189e-53 
1 0 -6.38474e-49 
1 0 -1.21868e-42 
1 0 -1.2461e-40 
1 0 -2.07038e-38 
1 0 -4.47138e-39 
1 0 -4.44427e-42 
1 0 -4.00553e-43 
1 0 -8.63732e-44 
1 0 -6.26797e-47 
1 0 -5.63747e-48 
1 0 -1.2146e-48 
1 0 -6.43427e-52 
1 0 -5.77798e-53 
1 0 -1.24408e-53 
1 0 -4.75094e-57 
1 0 -4.26118e-58 
1 0 -9.17034e-59 
1 0 -2.45187e-62 
1 0 -2.197e-63 
1 0 -4.72624e-64 
1 0 -8.36097e-68 
1 0 -7.48611e-69 
1 0 -1.60992e-69 
1 0 -1.68229e-73 
1 0 -1.50533e-74 
1 0 -3.23646e-75 
1 0 0 
1 0 0 
1 0 0 
1 0 0 
1 0 0 
1 0 0 
1 0 0 
1 0 0 
1 0 0 
1 0 0 
1 0 0 
1 0 0 
1 0 0 
1 0 0 
1 0 0 
1 0 0 
1 0 0 
1 0 0 
1 0 0 
1 0 0 
1 0 0 
1 0 0 
1 0 0 
1 0 0 
1 0 0 
1 0 0 
1 0 0 
1 0 0 
1 0 0 
1 0 0 
1 0 0 
1 0 0 
1 0 0 
1 0 0 
1 0 0 
1 0 0 
1 0 0 
1 0 0 
1 0 0 
1 0 0 
1 0 0 
1 0 0 
1 0 0 
1 0 0 
1 0 0 
1 0 0 
1 0 0 
1 0 0 
1 0 0 
1 0 0 
1 0 -8.89436e-55 
1 0 -8.3874e-52 
1 0 -1.80448e-52 
1 0 -3.21233e-56 
1 0 -6.85569e-52 
1 0 -2.5929e-45 
1 0 -3.60708e-43 
1 0 -8.22409e-41 
1 0 -1.77396e-41 
1 0 -1.29134e-44 
1 0 -1.16146e-45 
1 0 -2.50241e-46 
1 0 -1.32875e-49 
1 0 -1.19323e-50 
1 0 -2.56919e-51 
1 0 -9.82924e-55 
1 0 -8.816e-56 
1 0 -1.89726e-56 
1 0 -5.08003e-60 
1 0 -4.55198e-61 
1 0 -9.79232e-62 
1 0 -1.73432e-65 
1 0 -1.55285e-66 
1 0 -3.33947e-67 
1 0 -3.49282e-71 
1 0 -3.12542e-72 
1 0 -6.71965e-73 
1 0 -3.11224e-77 
1 0 -2.7835e-78 
1 0 -5.98332e-79 
1 0 0 
1 0 0 
1 0 0 
1 0 0 
1 0 0 
1 0 0 
1 0 0 
1 0 0 
1 0 0 
1 0 0 
1 0 0 
1 0 0 
1 0 0 
1 0 0 
1 0 0 
1 0 0 
1 0 0 
1 0 0 
1 0 0 
1 0 0 
1 0 0 
1 0 0 
1 0 0 
1 0 0 
1 0 0 
1 0 0 
1 0 0 
1 0 0 
1 0 0 
1 0 0 
1 0 0 
1 0 0 
1 0 0 
1 0 0 
1 0 0 
1 0 0 
1 0 0 
1 0 0 
1 0 0 
1 0 0 
1 0 0 
1 0 0 
1 0 0 
1 0 0 
1 0 0 
1 0 0 
1 0 0 
1 0 0 
1 0 0 
1 0 0 
1 0 -3.72874e-58 
1 0 -5.9629e-55 
1 0 -1.28242e-55 
1 0 -1.34787e-59 
1 0 -4.87131e-55 
1 0 -3.97951e-48 
1 0 -7.64273e-46 
1 0 -2.3923e-43 
1 0 -5.15552e-44 
1 0 -2.74398e-47 
1 0 -2.46414e-48 
1 0 -5.30566e-49 
1 0 -2.03356e-52 
1 0 -1.82394e-53 
1 0 -3.92525e-54 
1 0 -1.05253e-57 
1 0 -9.43123e-59 
1 0 -2.02887e-59 
1 0 -3.59749e-63 
1 0 -3.22107e-64 
1 0 -6.92706e-65 
1 0 -7.25191e-69 
1 0 -6.4891e-70 
1 0 -1.39516e-70 
1 0 -6.46653e-75 
1 0 -5.78348e-76 
1 0 -1.2432e-76 
1 0 0 
1 0 0 
1 0 0 
1 0 0 
1 0 0 
1 0 0 
1 0 0 
1 0 0 
1 0 0 
1 0 0 
1 0 0 
1 0 0 
1 0 0 
1 0 0 
1 0 0 
1 0 0 
1 0 0 
1 0 0 
1 0 0 
1 0 0 
1 0 0 
1 0 0 
1 0 0 
1 0 0 
1 0 0 
1 0 0 
1 0 0 
1 0 0 
1 0 0 
1 0 0 
1 0 0 
1 0 0 
1 0 0 
1 0 0 
1 0 0 
1 0 0 
1 0 0 
1 0 0 
1 0 0 
1 0 0 
1 0 0 
1 0 0 
1 0 0 
1 0 0 
1 0 0 
1 0 0 
1 0 0 
1 0 0 
1 0 0 
1 0 0 
1 0 0 
1 0 0 
1 0 0 
1 0 -6.92263e-62 
1 0 -2.50353e-58 
1 0 -5.38271e-59 
1 0 -2.50415e-63 
1 0 -2.04433e-58 
1 0 -4.27706e-51 
1 0 -1.16919e-48 
1 0 -5.08775e-46 
1 0 -1.09566e-46 
1 0 -4.20718e-50 
1 0 -3.77352e-51 
1 0 -8.12091e-52 
1 0 -2.18072e-55 
1 0 -1.95405e-56 
1 0 -4.2036e-57 
1 0 -7.46226e-61 
1 0 -6.68146e-62 
1 0 -1.43688e-62 
1 0 -1.50566e-66 
1 0 -1.34729e-67 
1 0 -2.89667e-68 
1 0 -1.3436e-72 
1 0 -1.20168e-73 
1 0 -2.58308e-74 
1 0 0 
1 0 0 
1 0 0 
1 0 0 
1 0 0 
1 0 0 
1 0 0 
1 0 0 
1 0 0 
1 0 0 
1 0 0 
1 0 0 
1 0 0 
1 0 0 
1 0 0 
1 0 0 
1 0 0 
1 0 0 
1 0 0 
1 0 0 
1 0 0 
1 0 0 
1 0 0 
1 0 0 
1 0 0 
1 0 0 
1 0 0 
1 0 0 
1 0 0 
1 0 0 
1 0 0 
1 0 0 
1 0 0 
1 0 0 
1 0 0 
1 0 0 
1 0 0 
1 0 0 
1 0 0 
1 0 0 
1 0 0 
1 0 0 
1 0 0 
1 0 0 
1 0 0 
1 0 0 
1 0 0 
1 0 0 
1 0 0 
1 0 0 
1 0 0 
1 0 0 
1 0 0 
1 0 0 
1 0 0 
1 0 0 
1 0 0 
1 0 -4.65347e-62 
1 0 -1.0003e-62 
1 0 0 
1 0 -3.79861e-62 
1 0 -3.04136e-54 
1 0 -1.25339e-51 
1 0 -7.80594e-49 
1 0 -1.68011e-49 
1 0 -4.51818e-53 
1 0 -4.04856e-54 
1 0 -8.70938e-55 
1 0 -1.54789e-58 
1 0 -1.38593e-59 
1 0 -2.98051e-60 
1 0 -3.12611e-64 
1 0 -2.79728e-65 
1 0 -6.01416e-66 
1 0 -2.79169e-70 
1 0 -2.49681e-71 
1 0 -5.36706e-72 
1 0 0 
1 0 0 
1 0 0 
1 0 0 
1 0 0 
1 0 0 
1 0 0 
1 0 0 
1 0 0 
1 0 0 
1 0 0 
1 0 0 
1 0 0 
1 0 0 
1 0 0 
1 0 0 
1 0 0 
1 0 0 
1 0 0 
1 0 0 
1 0 0 
1 0 0 
1 0 0 
1 0 0 
1 0 0 
1 0 0 
1 0 0 
1 0 0 
1 0 0 
1 0 0 
1 0 0 
1 0 0 
1 0 0 
1 0 0 
1 0 0 
1 0 0 
1 0 0 
1 0 0 
1 0 0 
1 0 0 
1 0 0 
1 0 0 
1 0 0 
1 0 0 
1 0 0 
1 0 0 
1 0 0 
1 0 0 
1 0 0 
1 0 0 
1 0 0 
1 0 0 
1 0 0 
1 0 0 
1 0 0 
1 0 0 
1 0 0 
1 0 0 
1 0 0 
1 0 0 
1 0 0 
1 0 0 
1 0 0 
1 0 0 
1 0 -1.27713e-57 
1 0 -8.89436e-55 
1 0 -8.3874e-52 
1 0 -1.80448e-52 
1 0 -3.21077e-56 
1 0 -2.87483e-57 
1 0 -6.18245e-58 
1 0 -6.49052e-62 
1 0 -5.8078e-63 
1 0 -1.24868e-63 
1 0 -5.80049e-68 
1 0 -5.1878e-69 
1 0 -1.11515e-69 
1 0 0 
1 0 0 
1 0 0 
1 0 0 
1 0 0 
1 0 0 
1 0 0 
1 0 0 
1 0 0 
1 0 0 
1 0 0 
1 0 0 
1 0 0 
1 0 0 
1 0 0 
1 0 0 
1 0 0 
1 0 0 
1 0 0 
1 0 0 
1 0 0 
1 0 0 
1 0 0 
1 0 0 
1 0 0 
1 0 0 
1 0 0 
1 0 0 
1 0 0 
1 0 0 
1 0 0 
1 0 0 
1 0 0 
1 0 0 
1 0 0 
1 0 0 
1 0 0 
1 0 0 
1 0 0 
1 0 0 
1 0 0 
1 0 0 
1 0 0 
1 0 0 
1 0 0 
1 0 0 
1 0 0 
1 0 0 
1 0 0 
1 0 0 
1 0 0 
1 0 0 
1 0 0 
1 0 0 
1 0 0 
1 0 0 
1 0 0 
1 0 0 
1 0 0 
1 0 0 
1 0 0 
1 0 0 
1 0 0 
1 0 0 
1 0 0 
1 0 0 
1 0 0 
1 0 -2.3742e-61 
1 0 -3.72874e-58 
1 0 -5.9629e-55 
1 0 -1.28242e-55 
1 0 -1.34758e-59 
1 0 -1.20583e-60 
1 0 -2.59254e-61 
1 0 -1.20521e-65 
1 0 -1.07791e-66 
1 0 -2.31703e-67 
1 0 0 
1 0 0 
1 0 0 
1 0 0 
1 0 0 
1 0 0 
1 0 0 
1 0 0 
1 0 0 
1 0 0 
1 0 0 
1 0 0 
1 0 0 
1 0 0 
1 0 0 
1 0 0 
1 0 0 
1 0 0 
1 0 0 
1 0 0 
1 0 0 
1 0 0 
1 0 0 
1 0 0 
1 0 0 
1 0 0 
1 0 0 
1 0 0 
1 0 0 
1 0 0 
1 0 0 
1 0 0 
1 0 0 
1 0 0 
1 0 0 
1 0 0 
1 0 0 
1 0 0 
1 0 0 
1 0 0 
1 0 0 
1 0 0 
1 0 0 
1 0 0 
1 0 0 
1 0 0 
1 0 0 
1 0 0 
1 0 0 
1 0 0 
1 0 0 
1 0 0 
1 0 0 
1 0 0 
1 0 0 
1 0 0 
1 0 0 
1 0 0 
1 0 0 
1 0 0 
1 0 0 
1 0 0 
1 0 0 
1 0 0 
1 0 0 
1 0 0 
1 0 0 
1 0 0 
1 0 0 
1 0 0 
1 0 0 
1 0 -6.92263e-62 
1 0 -2.50353e-58 
1 0 -5.38271e-59 
1 0 -2.50415e-63 
1 0 -2.23965e-64 
1 0 -4.81427e-65 
1 0 0 
1 0 0 
1 0 0 
1 0 0 
1 0 0 
1 0 0 
1 0 0 
1 0 0 
1 0 0 
1 0 0 
1 0 0 
1 0 0 
1 0 0 
1 0 0 
1 0 0 
1 0 0 
1 0 0 
1 0 0 
1 0 0 
1 0 0 
1 0 0 
1 0 0 
1 0 0 
1 0 0 
1 0 0 
1 0 0 
1 0 0 
1 0 0 
1 0 0 
1 0 0 
1 0 0 
1 0 0 
1 0 0 
1 0 0 
1 0 0 
1 0 0 
1 0 0 
1 0 0 
1 0 0 
1 0 0 
1 0 0 
1 0 0 
1 0 0 
1 0 0 
1 0 0 
1 0 0 
1 0 0 
1 0 0 
1 0 0 
1 0 0 
1 0 0 
1 0 0 
1 0 0 
1 0 0 
1 0 0 
1 0 0 
1 0 0 
1 0 0 
1 0 0 
1 0 0 
1 0 0 
1 0 0 
1 0 0 
1 0 0 
1 0 0 
1 0 0 
1 0 0 
1 0 0 
1 0 0 
1 0 0 
1 0 0 
1 0 0 
1 0 0 
1 0 0 
1 0 0 
1 0 -4.65347e-62 
1 0 -1.0003e-62 
1 0 0 
1 0 0 
1 0 0 
1 0 0 
1 0 0 
1 0 0 
1 0 0 
1 0 0 
1 0 0 
1 0 0 
1 0 0 
1 0 0 
1 0 0 
1 0 0 
1 0 0 
1 0 0 
1 0 0 
1 0 0 
1 0 0 
1 0 0 
1 0 0 
1 0 0 
1 0 0 
1 0 0 
1 0 0 
1 0 0 
1 0 0 
1 0 0 
1 0 0 
1 0 0 
1 0 0 
1 0 0 
1 0 0 
1 0 0 
1 0 0 
1 0 0 
1 0 0 
1 0 0 
1 0 0 
1 0 0 
1 0 0 
1 0 0 
1 0 0 
1 0 0 
1 0 0 
1 0 0 
1 0 0 
1 0 0 
1 0 0 
1 0 0 
1 0 0 
1 0 0 
1 0 0 
1 0 0 
1 0 0 
1 0 0 
1 0 0 
1 0 0 
1 0 0 
1 0 0 
1 0 0 
1 0 0 
1 0 0 
1 0 0 
1 0 0 
1 0 0 
1 0 0 
1 0 0 
1 0 0 
1 0 0 
1 0 0 
1 0 0 
1 0 0 
1 0 0 
1 0 0 
1 0 0 
1 0 0 
1 0 0 
1 0 0 
1 0 0 
1 0 0 
1 0 0 
1 0 0 
1 0 0 
1 0 0 
1 0 0 
1 0 0 
1 0 0 
1 0 0 
1 0 0 
1 0 0 
1 0 0 
1 0 0 
1 0 0 
1 0 0 
1 0 0 
1 0 0 
1 0 0 
1 0 0 
1 0 0 
1 0 0 
1 0 0 
1 0 0 
1 0 0 
1 0 0 
1 0 0 
1 0 0 
1 0 0 
1 0 0 
1 0 0 
1 0 0 
1 0 0 
1 0 0 
1 0 0 
1 0 0 
1 0 0 
1 0 0 
1 0 0 
1 0 0 
1 0 0 
1 0 0 
1 0 0 
1 0 0 
1 0 0 
1 0 0 
1 0 0 
1 0 0 
1 0 0 
1 0 0 
1 0 0 
1 0 0 
1 0 0 
1 0 0 
1 0 0 
1 0 0 
1 0 0 
1 0 0 
1 0 0 
1 0 0 
1 0 0 
1 0 0 
1 0 0 
1 0 0 
1 0 0 
1 0 0 
1 0 0 
1 0 0 
1 0 0 
1 0 0 
1 0 0 
1 0 0 
1 0 0 
1 0 0 
1 0 0 
1 0 0 
1 0 0 
1 0 0 
1 0 0 
1 0 0 
1 0 0 
1 0 0 
1 0 0 
1 0 0 
1 0 0 
1 0 0 
1 0 0 
1 0 0 
1 0 0 
1 0 0 
1 0 0 
1 0 0 
1 0 0 
1 0 0 
1 0 0 
1 0 0 
1 0 0 
1 0 0 
1 0 0 
1 0 0 
1 0 0 
1 0 0 
1 0 0 
1 0 0 
1 0 0 
1 0 0 
1 0 0 
1 0 0 
1 0 0 
1 0 0 
1 0 0 
1 0 0 
1 0 0 
1 0 0 
1 0 0 
1 0 0 
1 0 0 
1 0 0 
1 0 0 
1 0 0 
1 0 0 
1 0 0 
1 0 0 
1 0 0 
1 0 0 
1 0 0 
1 0 0 
1 0 0 
1 0 0 
1 0 0 
1 0 0 
1 0 0 
1 0 0 
1 0 0 
1 0 0 
1 0 0 
1 0 0 
1 0 0 
1 0 0 
1 0 0 
1 0 0 
1 0 0 
1 0 0 
1 0 0 
1 0 0 
1 0 0 
1 0 0 
1 0 0 
1 0 0 
1 0 0 
1 0 0 
1 0 0 
1 0 0 
1 0 0 
1 0 0 
1 0 0 
1 0 0 
1 0 0 
1 0 0 
1 0 0 
1 0 0 
1 0 0 
1 0 0 
1 0 0 
1 0 0 
1 0 0 
1 0 0 
1 0 0 
1 0 0 
1 0 0 
1 0 0 
1 0 0 
1 0 0 
1 0 0 
1 0 0 
1 0 0 
1 0 0 
1 0 0 
1 0 0 
1 0 0 
1 0 0 
1 0 0 
1 0 0 
1 0 0 
1 0 0 
1 0 0 
1 0 0 
1 0 0 
1 0 0 
1 0 0 
1 0 0 
1 0 0 
1 0 0 
1 0 0 
1 0 0 
1 0 0 
1 0 0 
1 0 0 
1 0 0 
1 0 0 
1 0 0 
1 0 0 
1 0 0 
1 0 0 
1 0 0 
1 0 0 
1 0 0 
1 0 0 
1 0 0 
1 0 0 
1 0 0 
1 0 0 
1 0 0 
1 0 0 
1 0 0 
1 0 0 
1 0 0 
1 0 0 
1 0 0 
1 0 0 
1 0 0 
1 0 0 
1 0 0 
1 0 0 
1 0 0 
1 0 0 
1 0 0 
1 0 0 
1 0 0 
1 0 0 
1 0 0 
1 0 0 
1 0 0 
1 0 0 
1 0 0 
1 0 0 
1 0 0 
1 0 0 
1 0 0 
1 0 0 
1 0 0 
1 0 0 
1 0 0 
1 0 0 
1 0 0 
1 0 0 
1 0 0 
1 0 0 
1 0 0 
1 0 0 
1 0 0 
1 0 0 
1 0 0 
1 0 0 
1 0 0 
1 0 0 
1 0 0 
1 0 0 
1 0 0 
1 0 0 
1 0 0 
1 0 0 
1 0 0 
1 0 0 
1 0 0 
1 0 0 
1 0 0 
1 0 0 
1 0 0 
1 0 0 
1 0 0 
1 0 0 
1 0 0 
1 0 0 
1 0 0 
1 0 0 
1 0 0 
1 0 0 
1 0 0 
1 0 0 
1 0 0 
1 0 0 
1 0 0 
1 0 0 
1 0 0 
1 0 0 
1 0 0 
1 0 0 
1 0 0 
1 0 0 
1 0 0 
1 0 0 
1 0 0 
1 0 0 
1 0 0 
1 0 0 
1 0 0 
1 0 0 
1 0 0 
1 0 0 
1 0 0 
1 0 0 
1 0 0 
1 0 0 
1 0 0 
1 0 0 
1 0 0 
1 0 0 
1 0 0 
1 0 0 
1 0 0 
1 0 0 
1 0 0 
1 0 0 
1 0 0 
1 0 0 
1 0 0 
1 0 0 
1 0 0 
1 0 0 
1 0 0 
1 0 0 
1 0 0 
1 0 0 
1 0 0 
1 0 0 
1 0 0 
1 0 0 
1 0 0 
1 0 0 
1 0 0 
1 0 0 
1 0 0 
1 0 0 
1 0 0 
1 0 0 
1 0 0 
1 0 0 
1 0 0 
1 0 0 
1 0 0 
1 0 0 
1 0 0 
1 0 0 
1 0 0 
1 0 0 
1 0 0 
1 0 0 
1 0 0 
1 0 0 
1 0 0 
1 0 0 
1 0 0 
1 0 0 
1 0 0 
1 0 0 
1 0 0 
1 0 0 
1 0 0 
1 0 0 
1 0 0 
1 0 0 
1 0 0 
1 0 0 
1 0 0 
1 0 0 
1 0 0 
1 0 0 
1 0 0 
1 0 0 
1 0 0 
1 0 0 
1 0 0 
1 0 0 
1 0 0 
1 0 0 
1 0 0 
1 0 0 
1 0 0 
1 0 0 
1 0 0 
1 0 0 
1 0 0 
1 0 0 
1 0 0 
1 0 0 
1 0 0 
1 0 0 
1 0 0 
1 0 0 
1 0 0 
1 0 0 
1 0 0 
1 0 0 
1 0 0 
1 0 0 
1 0 0 
1 0 0 
1 0 0 
1 0 0 
1 0 0 
1 0 0 
1 0 0 
1 0 0 
1 0 0 
1 0 0 
1 0 0 
1 0 0 
1 0 0 
1 0 0 
1 0 0 
1 0 0 
1 0 0 
1 0 0 
1 0 0 
1 0 0 
1 0 0 
1 0 0 
1 0 0 
1 0 0 
1 0 0 
1 0 0 
1 0 0 
1 0 0 
1 0 0 
1 0 0 
1 0 0 
1 0 0 
1 0 0 
1 0 0 
1 0 0 
1 0 0 
1 0 0 
1 0 0 
1 0 0 
1 0 0 
1 0 0 
1 0 0 
1 0 0 
1 0 0 
1 0 0 
1 0 0 
1 0 0 
1 0 0 
1 0 0 
1 0 0 
1 0 0 
1 0 0 
1 0 0 
1 0 0 
1 0 0 
1 0 0 
1 0 0 
1 0 0 
1 0 0 
1 0 0 
1 0 0 
1 0 0 
1 0 0 
1 0 0 
1 0 0 
1 0 0 
1 0 0 
1 0 0 
1 0 0 
1 0 0 
1 0 0 
1 0 0 
1 0 0 
1 0 0 
1 0 0 
1 0 0 
1 0 0 
1 0 0 
1 0 0 
1 0 0 
1 0 0 
1 0 0 
1 0 0 
1 0 0 
1 0 0 
1 0 0 
1 0 0 
1 0 0 
1 0 0 
1 0 0 
1 0 0 
1 0 0 
1 0 0 
1 0 0 
1 0 0 
1 0 0 
1 0 0 
1 0 0 
1 0 0 
1 0 0 
1 0 0 
1 0 0 
1 0 0 
1 0 0 
1 0 0 
1 0 0 
1 0 0 
1 0 0 
1 0 0 
1 0 0 
1 0 0 
1 0 0 
1 0 0 
1 0 0 
1 0 0 
1 0 0 
1 0 0 
1 0 0 
1 0 0 
1 0 0 
1 0 0 
1 0 0 
1 0 0 
1 0 0 
1 0 0 
1 0 0 
1 0 0 
1 0 0 
1 0 0 
1 0 0 
1 0 0 
1 0 0 
1 0 0 
1 0 0 
1 0 0 
1 0 0 
1 0 0 
1 0 0 
1 0 0 
1 0 0 
1 0 0 
1 0 0 
1 0 0 
1 0 0 
1 0 0 
1 0 0 
1 0 0 
1 0 0 
1 0 0 
1 0 0 
1 0 0 
1 0 0 
1 0 0 
1 0 0 
1 0 0 
1 0 0 
1 0 0 
1 0 0 
1 0 0 
1 0 0 
1 0 0 
1 0 0 
1 0 0 
1 0 0 
1 0 0 
1 0 0 
1 0 0 
1 0 0 
1 0 0 
1 0 0 
1 0 0 
1 0 0 
1 0 0 
1 0 0 
1 0 0 
1 0 0 
1 0 0 
1 0 0 
1 0 0 
1 0 0 
1 0 0 
1 0 0 
1 0 0 
1 0 0 
1 0 0 
1 0 0 
1 0 0 
1 0 0 
1 0 0 
1 0 0 
1 0 0 
1 0 0 
1 0 0 
1 0 0 
1 0 0 
1 0 0 
1 0 0 
1 0 0 
1 0 0 
1 0 0 
1 0 0 
1 0 0 
1 0 0 
1 0 0 
1 0 0 
1 0 0 
1 0 0 
1 0 0 
1 0 0 
1 0 0 
1 0 0 
1 0 0 
1 0 0 
1 0 0 
1 0 0 
1 0 0 
1 0 0 
1 0 0 
1 0 0 
1 0 0 
1 0 0 
1 0 0 
1 0 0 
1 0 0 
1 0 0 
1 0 0 
1 0 0 
1 0 0 
1 0 0 
1 0 0 
1 0 0 
1 0 0 
1 0 0 
1 0 0 
1 0 0 
1 0 0 
1 0 0 
1 0 0 
1 0 0 
1 0 0 
1 0 0 
1 0 0 
1 0 0 
1 0 0 
1 0 0 
1 0 0 
1 0 0 
1 0 0 
1 0 0 
1 0 0 
1 0 0 
1 0 0 
1 0 0 
1 0 0 
1 0 0 
1 0 0 
1 0 0 
1 0 0 
1 0 0 
1 0 0 
1 0 0 
1 0 0 
1 0 0 
1 0 0 
1 0 0 
1 0 0 
1 0 0 
1 0 0 
1 0 0 
1 0 0 
1 0 0 
1 0 0 
1 0 0 
1 0 0 
1 0 0 
1 0 0 
1 0 0 
1 0 0 
1 0 0 
1 0 0 
1 0 0 
1 0 0 
1 0 0 
1 0 0 
1 0 0 
1 0 0 
1 0 0 
1 0 0 
1 0 0 
1 0 0 
1 0 0 
1 0 0 
1 0 0 
1 0 0 
1 0 0 
1 0 0 
1 0 0 
1 0 0 
1 0 0 
1 0 0 
1 0 0 
1 0 0 
1 0 0 
1 0 0 
1 0 0 
1 0 0 
1 0 0 
1 0 0 
1 0 0 
1 0 0 
1 0 0 
1 0 0 
1 0 0 
1 0 0 
1 0 0 
1 0 0 
1 0 0 
1 0 0 
1 0 0 
1 0 0 
1 0 0 
1 0 0 
1 0 0 
1 0 0 
1 0 0 
1 0 0 
1 0 0 
1 0 0 
1 0 0 
1 0 0 
1 0 0 
1 0 0 
1 0 0 
1 0 0 
1 0 0 
1 0 0 
1 0 0 
1 0 0 
1 0 0 
1 0 0 
1 0 0 
1 0 0 
1 0 0 
1 0 0 
1 0 0 
1 0 0 
1 0 0 
1 0 0 
1 0 0 
1 0 0 
1 0 0 
1 0 0 
1 0 0 
1 0 0 
1 0 0 
1 0 0 
1 0 0 
1 0 0 
1 0 0 
1 0 0 
1 0 0 
1 0 0 
1 0 0 
1 0 0 
1 0 0 
1 0 0 
1 0 0 
1 0 0 
1 0 0 
1 0 0 
1 0 0 
1 0 0 
1 0 0 
1 0 0 
1 0 0 
1 0 0 
1 0 0 
1 0 0 
1 0 0 
1 0 0 
1 0 0 
1 0 0 
1 0 0 
1 0 0 
1 0 0 
1 0 0 
1 0 0 
1 0 0 
1 0 0 
1 0 0 
1 0 0 
1 0 0 
1 0 0 
1 0 0 
1 0 0 
1 0 0 
1 0 0 
1 0 0 
1 0 0 
1 0 0 
1 0 0 
1 0 0 
1 0 0 
1 0 0 
1 0 0 
1 0 0 
1 0 0 
1 0 0 
1 0 0 
1 0 0 
1 0 0 
1 0 0 
1 0 0 
1 0 0 
1 0 0 
1 0 0 
1 0 0 
1 0 0 
1 0 0 
1 0 0 
1 0 0 
1 0 0 
1 0 0 
1 0 0 
1 0 0 
1 0 0 
1 0 0 
1 0 0 
1 0 0 
1 0 0 
1 0 0 
1 0 0 
1 0 0 
1 0 0 
1 0 0 
1 0 0 
1 0 0 
1 0 0 
1 0 0 
1 0 0 
1 0 0 
1 0 0 
1 0 0 
1 0 0 
1 0 0 
1 0 0 
1 0 0 
1 0 0 
1 0 0 
1 0 0 
1 0 0 
1 0 0 
1 0 0 
1 0 0 
1 0 0 
1 0 0 
1 0 0 
1 0 0 
1 0 0 
1 0 0 
1 0 0 
1 0 0 
1 0 0 
1 0 0 
1 0 0 
1 0 0 
1 0 0 
1 0 0 
1 0 0 
1 0 0 
1 0 0 
1 0 0 
1 0 0 
1 0 0 
1 0 0 
1 0 0 
1 0 0 
1 0 0 
1 0 0 
1 0 0 
1 0 0 
1 0 0 
1 0 0 
1 0 0 
1 0 0 
1 0 0 
1 0 0 
1 0 0 
1 0 0 
1 0 0 
1 0 0 
1 0 0 
1 0 0 
1 0 0 
1 0 0 
1 0 0 
1 0 0 
1 0 0 
1 0 0 
1 0 0 
1 0 0 
1 0 0 
1 0 0 
1 0 0 
1 0 0 
1 0 0 
1 0 0 
1 0 0 
1 0 0 
1 0 0 
1 0 0 
1 0 0 
1 0 0 
1 0 0 
1 0 0 
1 0 0 
1 0 0 
1 0 0 
1 0 0 
1 0 0 
1 0 0 
1 0 0 
1 0 0 
1 0 0 
1 0 0 
1 0 0 
1 0 0 
1 0 0 
1 0 0 
1 0 0 
1 0 0 
1 0 0 
1 0 0 
1 0 0 
1 0 0 
1 0 0 
1 0 0 
1 0 0 
1 0 0 
1 0 0 
1 0 0 
1 0 0 
1 0 0 
1 0 0 
1 0 0 
1 0 0 
1 0 0 
1 0 0 
1 0 0 
1 0 0 
1 0 0 
1 0 0 
1 0 0 
1 0 0 
1 0 0 
1 0 0 
1 0 0 
1 0 0 
1 0 0 
1 0 0 
1 0 0 
1 0 0 
1 0 0 
1 0 0 
1 0 0 
1 0 0 
1 0 0 
1 0 0 
1 0 0 
1 0 0 
1 0 0 
1 0 0 
1 0 0 
1 0 0 
1 0 0 
1 0 0 
1 0 0 
1 0 0 
1 0 0 
1 0 0 
1 0 0 
1 0 0 
1 0 0 
1 0 0 
1 0 0 
1 0 0 
1 0 0 
1 0 0 
1 0 0 
1 0 0 
1 0 0 
1 0 0 
1 0 0 
1 0 0 
1 0 0 
1 0 0 
1 0 0 
1 0 0 
1 0 0 
1 0 0 
1 0 0 
1 0 0 
1 0 0 
1 0 0 
1 0 0 
1 0 0 
1 0 0 
1 0 0 
1 0 0 
1 0 0 
1 0 0 
1 0 0 
1 0 0 
1 0 0 
1 0 0 
1 0 0 
1 0 0 
1 0 0 
1 0 0 
1 0 0 
1 0 0 
1 0 0 
1 0 0 
1 0 0 
1 0 0 
1 0 0 
1 0 0 
1 0 0 
1 0 0 
1 0 0 
1 0 0 
1 0 0 
1 0 0 
1 0 0 
1 0 0 
1 0 0 
1 0 0 
1 0 0 
1 0 0 
1 0 0 
1 0 0 
1 0 0 
1 0 0 
1 0 0 
1 0 0 
1 0 0 
1 0 0 
1 0 0 
1 0 0 
1 0 0 
1 0 0 
1 0 0 
1 0 0 
1 0 0 
1 0 0 
1 0 0 
1 0 0 
1 0 0 
1 0 0 
1 0 0 
1 0 0 
1 0 0 
1 0 0 
1 0 0 
1 0 0 
1 0 0 
1 0 0 
1 0 0 
1 0 0 
1 0 0 
1 0 0 
1 0 0 
1 0 0 
1 0 0 
1 0 0 
1 0 0 
1 0 0 
1 0 0 
1 0 0 
1 0 0 
1 0 0 
1 0 0 
1 0 0 
1 0 0 
1 0 0 
1 0 0 
1 0 0 
1 0 0 
1 0 0 
1 0 0 
1 0 0 
1 0 0 
1 0 0 
1 0 0 
1 0 0 
1 0 0 
1 0 0 
1 0 0 
1 0 0 
1 0 0 
1 0 0 
1 0 0 
1 0 0 
1 0 0 
1 0 0 
1 0 0 
1 0 0 
1 0 0 
1 0 0 
1 0 0 
1 0 0 
1 0 0 
1 0 0 
1 0 0 
1 0 0 
1 0 0 
1 0 0 
1 0 0 
1 0 0 
1 0 0 
1 0 0 
1 0 0 
1 0 0 
1 0 0 
1 0 0 
1 0 0 
1 0 0 
1 0 0 
1 0 0 
1 0 0 
1 0 0 
1 0 0 
1 0 0 
1 0 0 
1 0 0 
1 0 0 
1 0 0 
1 0 0 
1 0 0 
1 0 0 
1 0 0 
1 0 0 
1 0 0 
1 0 0 
1 0 0 
1 0 0 
1 0 0 
1 0 0 
1 0 0 
1 0 0 
1 0 0 
1 0 0 
1 0 0 
1 0 0 
1 0 0 
1 0 0 
1 0 0 
1 0 0 
1 0 0 
1 0 0 
1 0 0 
1 0 0 
1 0 0 
1 0 0 
1 0 0 
1 0 0 
1 0 0 
1 0 0 
1 0 0 
1 0 0 
1 0 0 
1 0 0 
1 0 0 
1 0 0 
1 0 0 
1 0 0 
1 0 0 
1 0 0 
1 0 0 
1 0 0 
1 0 0 
1 0 0 
1 0 0 
1 0 0 
1 0 0 
1 0 0 
1 0 0 
1 0 0 
1 0 0 
1 0 0 
1 0 0 
1 0 0 
1 0 0 
1 0 0 
1 0 0 
1 0 0 
1 0 0 
1 0 0 
1 0 0 
1 0 0 
1 0 0 
1 0 0 
1 0 0 
1 0 0 
1 0 0 
1 0 0 
1 0 0 
1 0 0 
1 0 0 
1 0 0 
1 0 0 
1 0 0 
1 0 0 
1 0 0 
1 0 0 
1 0 0 
1 0 0 
1 0 0 
1 0 0 
1 0 0 
1 0 0 
1 0 0 
1 0 0 
1 0 0 
1 0 0 
1 0 0 
1 0 0 
1 0 0 
1 0 0 
1 0 0 
1 0 0 
1 0 0 
1 0 0 
1 0 0 
1 0 0 
1 0 0 
1 0 0 
1 0 0 
1 0 0 
1 0 0 
1 0 0 
1 0 0 
1 0 0 
1 0 0 
1 0 0 
1 0 0 
1 0 0 
1 0 0 
1 0 0 
1 0 0 
1 0 0 
1 0 0 
1 0 0 
1 0 0 
1 0 0 
1 0 0 
1 0 0 
1 0 0 
1 0 0 
1 0 0 
1 0 0 
1 0 0 
1 0 0 
1 0 0 
1 0 0 
1 0 0 
1 0 0 
1 0 0 
1 0 0 
1 0 0 
1 0 0 
1 0 0 
1 0 0 
1 0 0 
1 0 0 
1 0 0 
1 0 0 
1 0 0 
1 0 0 
1 0 0 
1 0 0 
1 0 0 
1 0 0 
1 0 0 
1 0 0 
1 0 0 
1 0 0 
1 0 0 
1 0 0 
1 0 0 
1 0 0 
1 0 0 
1 0 0 
1 0 0 
1 0 0 
1 0 0 
1 0 0 
1 0 0 
1 0 0 
1 0 0 
1 0 0 
1 0 0 
1 0 0 
1 0 0 
1 0 0 
1 0 0 
1 0 0 
1 0 0 
1 0 0 
1 0 0 
1 0 0 
1 0 0 
1 0 0 
1 0 0 
1 0 0 
1 0 0 
1 0 0 
1 0 0 
1 0 0 
1 0 0 
1 0 0 
1 0 0 
1 0 0 
1 0 0 
1 0 0 
1 0 0 
1 0 0 
1 0 0 
1 0 0 
1 0 0 
1 0 0 
1 0 0 
1 0 0 
1 0 0 
1 0 0 
1 0 0 
1 0 0 
1 0 0 
1 0 0 
1 0 0 
1 0 0 
1 0 0 
1 0 0 
1 0 0 
1 0 0 
1 0 0 
1 0 0 
1 0 0 
1 0 0 
1 0 0 
1 0 0 
1 0 0 
1 0 0 
1 0 0 
1 0 0 
1 0 0 
1 0 0 
1 0 0 
1 0 0 
1 0 0 
1 0 0 
1 0 0 
1 0 0 
1 0 0 
1 0 0 
1 0 0 
1 0 0 
1 0 0 
1 0 0 
1 0 0 
1 0 0 
1 0 0 
1 0 0 
1 0 0 
1 0 0 
1 0 0 
1 0 0 
1 0 0 
1 0 0 
1 0 0 
1 0 0 
1 0 0 
1 0 0 
1 0 0 
1 0 0 
1 0 0 
1 0 0 
1 0 0 
1 0 0 
1 0 0 
1 0 0 
1 0 0 
1 0 0 
1 0 0 
1 0 0 
1 0 0 
1 0 0 
1 0 0 
1 0 0 
1 0 0 
1 0 0 
1 0 0 
1 0 0 
1 0 0 
1 0 0 
1 0 0 
1 0 0 
1 0 0 
1 0 0 
1 0 0 
1 0 0 
1 0 0 
1 0 0 
1 0 0 
1 0 0 
1 0 0 
1 0 0 
1 0 0 
1 0 0 
1 0 0 
1 0 0 
1 0 0 
1 0 0 
1 0 0 
1 0 0 
1 0 0 
1 0 0 
1 0 0 
1 0 0 
1 0 0 
1 0 0 
1 0 0 
1 0 0 
1 0 0 
1 0 0 
1 0 0 
1 0 0 
1 0 0 
1 0 0 
1 0 0 
1 0 0 
1 0 0 
1 0 0 
1 0 0 
1 0 0 
1 0 0 
1 0 0 
1 0 0 
1 0 0 
1 0 0 
1 0 0 
1 0 0 
1 0 0 
1 0 0 
1 0 0 
1 0 0 
1 0 0 
1 0 0 
1 0 0 
1 0 0 
1 0 0 
1 0 0 
1 0 0 
1 0 0 
1 0 0 
1 0 0 
1 0 0 
1 0 0 
1 0 0 
1 0 0 
1 0 0 
1 0 0 
1 0 0 
1 0 0 
1 0 0 
1 0 0 
1 0 0 
1 0 0 
1 0 0 
1 0 0 
1 0 0 
1 0 0 
1 0 0 
1 0 0 
1 0 0 
1 0 0 
1 0 0 
1 0 0 
1 0 0 
1 0 0 
1 0 0 
1 0 0 
1 0 0 
1 0 0 
1 0 0 
1 0 0 
1 0 0 
1 0 0 
1 0 0 
1 0 0 
1 0 0 
1 0 0 
1 0 0 
1 0 0 
1 0 0 
1 0 0 
1 0 0 
1 0 0 
1 0 0 
1 0 0 
1 0 0 
1 0 0 
1 0 0 
1 0 0 
1 0 0 
1 0 0 
1 0 0 
1 0 0 
1 0 0 
1 0 0 
1 0 0 
1 0 0 
1 0 0 
1 0 0 
1 0 0 
1 0 0 
1 0 0 
1 0 0 
1 0 0 
1 0 0 
1 0 0 
1 0 0 
1 0 0 
1 0 0 
1 0 0 
1 0 0 
1 0 0 
1 0 0 
1 0 0 
1 0 0 
1 0 0 
1 0 0 
1 0 0 
1 0 0 
1 0 0 
1 0 0 
1 0 0 
1 0 0 
1 0 0 
1 0 0 
1 0 0 
1 0 0 
1 0 0 
1 0 0 
1 0 0 
1 0 0 
1 0 0 
1 0 0 
1 0 0 
1 0 0 
1 0 0 
1 0 0 
1 0 0 
1 0 0 
1 0 0 
1 0 0 
1 0 0 
1 0 0 
1 0 0 
1 0 0 
1 0 0 
1 0 0 
1 0 0 
1 0 0 
1 0 0 
1 0 0 
1 0 0 
1 0 0 
1 0 0 
1 0 0 
1 0 0 
1 0 0 
1 0 0 
1 0 0 
1 0 0 
1 0 0 
1 0 0 
1 0 0 
1 0 0 
1 0 0 
1 0 0 
1 0 0 
1 0 0 
1 0 0 
1 0 0 
1 0 0 
1 0 0 
1 0 0 
1 0 0 
1 0 0 
1 0 0 
1 0 0 
1 0 0 
1 0 0 
1 0 0 
1 0 0 
1 0 0 
1 0 0 
1 0 0 
1 0 0 
1 0 0 
1 0 0 
1 0 0 
1 0 0 
1 0 0 
1 0 0 
1 0 0 
1 0 0 
1 0 0 
1 0 0 
1 0 0 
1 0 0 
1 0 0 
1 0 0 
1 0 0 
1 0 0 
1 0 0 
1 0 0 
1 0 0 
1 0 0 
1 0 0 
1 0 0 
1 0 0 
1 0 0 
1 0 0 
1 0 0 
1 0 0 
1 0 0 
1 0 0 
1 0 0 
1 0 0 
1 0 0 
1 0 0 
1 0 0 
1 0 0 
1 0 0 
1 0 0 
1 0 0 
1 0 0 
1 0 0 
1 0 0 
1 0 0 
1 0 0 
1 0 0 
1 0 0 
1 0 0 
1 0 0 
1 0 0 
1 0 0 
1 0 0 
1 0 0 
1 0 0 
1 0 0 
1 0 0 
1 0 0 
1 0 0 
1 0 0 
1 0 0 
1 0 0 
1 0 0 
1 0 0 
1 0 0 
1 0 0 
1 0 0 
1 0 0 
1 0 0 
1 0 0 
1 0 0 
1 0 0 
1 0 0 
1 0 0 
1 0 0 
1 0 0 
1 0 0 
1 0 0 
1 0 0 
1 0 0 
1 0 0 
1 0 0 
1 0 0 
1 0 0 
1 0 0 
1 0 0 
1 0 0 
1 0 0 
1 0 0 
1 0 0 
1 0 0 
1 0 0 
1 0 0 
1 0 0 
1 0 0 
1 0 0 
1 0 0 
1 0 0 
1 0 0 
1 0 0 
1 0 0 
1 0 0 
1 0 0 
1 0 0 
1 0 0 
1 0 0 
1 0 0 
1 0 0 
1 0 0 
1 0 0 
1 0 0 
1 0 0 
1 0 0 
1 0 0 
1 0 0 
1 0 0 
1 0 0 
1 0 0 
1 0 0 
1 0 0 
1 0 0 
1 0 0 
1 0 0 
1 0 0 
1 0 0 
1 0 0 
1 0 0 
1 0 0 
1 0 0 
1 0 0 
1 0 0 
1 0 0 
1 0 0 
1 0 0 
1 0 0 
1 0 0 
1 0 0 
1 0 0 
1 0 0 
1 0 0 
1 0 0 
1 0 0 
1 0 0 
1 0 0 
1 0 0 
1 0 0 
1 0 0 
1 0 0 
1 0 0 
1 0 0 
1 0 0 
1 0 0 
1 0 0 
1 0 0 
1 0 0 
1 0 0 
1 0 0 
1 0 0 
1 0 0 
1 0 0 
1 0 0 
1 0 0 
1 0 0 
1 0 0 
1 0 0 
1 0 0 
1 0 0 
1 0 0 
1 0 0 
1 0 0 
1 0 0 
1 0 0 
1 0 0 
1 0 0 
1 0 0 
1 0 0 
1 0 0 
1 0 0 
1 0 0 
1 0 0 
1 0 0 
1 0 0 
1 0 0 
1 0 0 
1 0 0 
1 0 0 
1 0 0 
1 0 0 
1 0 0 
1 0 0 
1 0 0 
1 0 0 
1 0 0 
1 0 0 
1 0 0 
1 0 0 
1 0 0 
1 0 0 
1 0 0 
1 0 0 
1 0 0 
1 0 0 
1 0 0 
1 0 0 
1 0 0 
1 0 0 
1 0 0 
1 0 0 
1 0 0 
1 0 0 
1 0 0 
1 0 0 
1 0 0 
1 0 0 
1 0 0 
1 0 0 
1 0 0 
1 0 0 
1 0 0 
1 0 0 
1 0 0 
1 0 0 
1 0 0 
1 0 0 
1 0 0 
1 0 0 
1 0 0 
1 0 0 
1 0 0 
1 0 0 
1 0 0 
1 0 0 
1 0 0 
1 0 0 
1 0 0 
1 0 0 
1 0 0 
1 0 0 
1 0 0 
1 0 0 
1 0 0 
1 0 0 
1 0 0 
1 0 0 
1 0 0 
1 0 0 
1 0 0 
1 0 0 
1 0 0 
1 0 0 
1 0 0 
1 0 0 
1 0 0 
1 0 0 
1 0 0 
1 0 0 
1 0 0 
1 0 0 
1 0 0 
1 0 0 
1 0 0 
1 0 0 
1 0 0 
1 0 0 
1 0 0 
1 0 0 
1 0 0 
1 0 0 
1 0 0 
1 0 0 
1 0 0 
1 0 0 
1 0 0 
1 0 0 
1 0 0 
1 0 0 
1 0 0 
1 0 0 
1 0 0 
1 0 0 
1 0 0 
1 0 0 
1 0 0 
1 0 0 
1 0 0 
1 0 0 
1 0 0 
1 0 0 
1 0 0 
1 0 0 
1 0 0 
1 0 0 
1 0 0 
1 0 0 
1 0 0 
1 0 0 
1 0 0 
1 0 0 
1 0 0 
1 0 0 
1 0 0 
1 0 0 
1 0 0 
1 0 0 
1 0 0 
1 0 0 
1 0 0 
1 0 0 
1 0 0 
1 0 0 
1 0 0 
1 0 0 
1 0 0 
1 0 0 
1 0 0 
1 0 0 
1 0 0 
1 0 0 
1 0 0 
1 0 0 
1 0 0 
1 0 0 
1 0 0 
1 0 0 
1 0 0 
1 0 0 
1 0 0 
1 0 0 
1 0 0 
1 0 0 
1 0 0 
1 0 0 
1 0 0 
1 0 0 
1 0 0 
1 0 0 
1 0 0 
1 0 0 
1 0 0 
1 0 0 
1 0 0 
1 0 0 
1 0 0 
1 0 0 
1 0 0 
1 0 0 
1 0 0 
1 0 0 
1 0 0 
1 0 0 
1 0 0 
1 0 0 
1 0 0 
1 0 0 
1 0 0 
1 0 0 
1 0 0 
1 0 0 
1 0 0 
1 0 0 
1 0 0 
1 0 0 
1 0 0 
1 0 0 
1 0 0 
1 0 0 
1 0 0 
1 0 0 
1 0 0 
1 0 0 
1 0 0 
1 0 0 
1 0 0 
1 0 0 
1 0 0 
1 0 0 
1 0 0 
1 0 0 
1 0 0 
1 0 0 
1 0 0 
1 0 0 
1 0 0 
1 0 0 
1 0 0 
1 0 0 
1 0 0 
1 0 0 
1 0 0 
1 0 0 
1 0 0 
1 0 0 
1 0 0 
1 0 0 
1 0 0 
1 0 0 
1 0 0 
1 0 0 
1 0 0 
1 0 0 
1 0 0 
1 0 0 
1 0 0 
1 0 0 
1 0 0 
1 0 0 
1 0 0 
1 0 0 
1 0 0 
1 0 0 
1 0 0 
1 0 0 
1 0 0 
1 0 0 
1 0 0 
1 0 0 
1 0 0 
1 0 0 
1 0 0 
1 0 0 
1 0 0 
1 0 0 
1 0 0 
1 0 0 
1 0 0 
1 0 0 
1 0 0 
1 0 0 
1 0 0 
1 0 0 
1 0 0 
1 0 0 
1 0 0 
1 0 0 
1 0 0 
1 0 0 
1 0 0 
1 0 0 
1 0 0 
1 0 0 
1 0 0 
1 0 0 
1 0 0 
1 0 0 
1 0 0 
1 0 0 
1 0 0 
1 0 0 
1 0 0 
1 0 0 
1 0 0 
1 0 0 
1 0 0 
1 0 0 
1 0 0 
1 0 0 
1 0 0 
1 0 0 
1 0 0 
1 0 0 
1 0 0 
1 0 0 
1 0 0 
1 0 0 
1 0 0 
1 0 0 
1 0 0 
1 0 0 
1 0 0 
1 0 0 
1 0 0 
1 0 0 
1 0 0 
1 0 0 
1 0 0 
1 0 0 
1 0 0 
1 0 0 
1 0 0 
1 0 0 
1 0 0 
1 0 0 
1 0 0 
1 0 0 
1 0 0 
1 0 0 
1 0 0 
1 0 0 
1 0 0 
1 0 0 
1 0 0 
1 0 0 
1 0 0 
1 0 0 
1 0 0 
1 0 0 
1 0 0 
1 0 0 
1 0 0 
1 0 0 
1 0 0 
1 0 0 
1 0 0 
1 0 0 
1 0 0 
1 0 0 
1 0 0 
1 0 0 
1 0 0 
1 0 0 
1 0 0 
1 0 0 
1 0 0 
1 0 0 
1 0 0 
1 0 0 
1 0 0 
1 0 0 
1 0 0 
1 0 0 
1 0 0 
1 0 0 
1 0 0 
1 0 0 
1 0 0 
1 0 0 
1 0 0 
1 0 0 
1 0 0 
1 0 0 
1 0 0 
1 0 0 
1 0 0 
1 0 0 
1 0 0 
1 0 0 
1 0 0 
1 0 0 
1 0 0 
1 0 0 
1 0 0 
1 0 0 
1 0 0 
1 0 0 
1 0 0 
1 0 0 
1 0 0 
1 0 0 
1 0 0 
1 0 0 
1 0 0 
1 0 0 
1 0 0 
1 0 0 
1 0 0 
1 0 0 
1 0 0 
1 0 0 
1 0 0 
1 0 0 
1 0 0 
1 0 0 
1 0 0 
1 0 0 
1 0 0 
1 0 0 
1 0 0 
1 0 0 
1 0 0 
1 0 0 
1 0 0 
1 0 0 
1 0 0 
1 0 0 
1 0 0 
1 0 0 
1 0 0 
1 0 0 
1 0 0 
1 0 0 
1 0 0 
1 0 0 
1 0 0 
1 0 0 
1 0 0 
1 0 0 
1 0 0 
1 0 0 
1 0 0 
1 0 0 
1 0 0 
1 0 0 
1 0 0 
1 0 0 
1 0 0 
1 0 0 
1 0 0 
1 0 0 
1 0 0 
1 0 0 
1 0 0 
1 0 0 
1 0 0 
1 0 0 
1 0 0 
1 0 0 
1 0 0 
1 0 0 
1 0 0 
1 0 0 
1 0 0 
1 0 0 
1 0 0 
1 0 0 
1 0 0 
1 0 0 
1 0 0 
1 0 0 
1 0 0 
1 0 0 
1 0 0 
1 0 0 
1 0 0 
1 0 0 
1 0 0 
1 0 0 
1 0 0 
1 0 0 
1 0 0 
1 0 0 
1 0 0 
1 0 0 
1 0 0 
1 0 0 
1 0 0 
1 0 0 
1 0 0 
1 0 0 
1 0 0 
1 0 0 
1 0 0 
1 0 0 
1 0 0 
1 0 0 
1 0 0 
1 0 0 
1 0 0 
1 0 0 
1 0 0 
1 0 0 
1 0 0 
1 0 0 
1 0 0 
1 0 0 
1 0 0 
1 0 0 
1 0 0 
1 0 0 
1 0 0 
1 0 0 
1 0 0 
1 0 0 
1 0 0 
1 0 0 
1 0 0 
1 0 0 
1 0 0 
1 0 0 
1 0 0 
1 0 0 
1 0 0 
1 0 0 
1 0 0 
1 0 0 
1 0 0 
1 0 0 
1 0 0 
1 0 0 
1 0 0 
1 0 0 
1 0 0 
1 0 0 
1 0 0 
1 0 0 
1 0 0 
1 0 0 
1 0 0 
1 0 0 
1 0 0 
1 0 0 
1 0 0 
1 0 0 
1 0 0 
1 0 0 
1 0 0 
1 0 0 
1 0 0 
1 0 0 
1 0 0 
1 0 0 
1 0 0 
1 0 0 
1 0 0 
1 0 0 
1 0 0 
1 0 0 
1 0 0 
1 0 0 
1 0 0 
1 0 0 
1 0 0 
1 0 0 
1 0 0 
1 0 0 
1 0 0 
1 0 0 
1 0 0 
1 0 0 
1 0 0 
1 0 0 
1 0 0 
1 0 0 
1 0 0 
1 0 0 
1 0 0 
1 0 0 
1 0 0 
1 0 0 
1 0 0 
1 0 0 
1 0 0 
1 0 0 
1 0 0 
1 0 0 
1 0 0 
1 0 0 
1 0 0 
1 0 0 
1 0 0 
1 0 0 
1 0 0 
1 0 0 
1 0 0 
1 0 0 
1 0 0 
1 0 0 
1 0 0 
1 0 0 
1 0 0 
1 0 0 
1 0 0 
1 0 0 
1 0 0 
1 0 0 
1 0 0 
1 0 0 
1 0 0 
1 0 0 
1 0 0 
1 0 0 
1 0 0 
1 0 0 
1 0 0 
1 0 0 
1 0 0 
1 0 0 
1 0 0 
1 0 0 
1 0 0 
1 0 0 
1 0 0 
1 0 0 
1 0 0 
1 0 0 
1 0 0 
1 0 0 
1 0 0 
1 0 0 
1 0 0 
1 0 0 
1 0 0 
1 0 0 
1 0 0 
1 0 0 
1 0 0 
1 0 0 
1 0 0 
1 0 0 
1 0 0 
1 0 0 
1 0 0 
1 0 0 
1 0 0 
1 0 0 
1 0 0 
1 0 0 
1 0 0 
1 0 0 
1 0 0 
1 0 0 
1 0 0 
1 0 0 
1 0 0 
1 0 0 
1 0 0 
1 0 0 
1 0 0 
1 0 0 
1 0 0 
1 0 0 
1 0 0 
1 0 0 
1 0 0 
1 0 0 
1 0 0 
1 0 0 
1 0 0 
1 0 0 
1 0 0 
1 0 0 
1 0 0 
1 0 0 
1 0 0 
1 0 0 
1 0 0 
1 0 0 
1 0 0 
1 0 0 
1 0 0 
1 0 0 
1 0 0 
1 0 0 
1 0 0 
1 0 0 
1 0 0 
1 0 0 
1 0 0 
1 0 0 
1 0 0 
1 0 0 
1 0 0 
1 0 0 
1 0 0 
1 0 0 
1 0 0 
1 0 0 
1 0 0 
1 0 0 
1 0 0 
1 0 0 
1 0 0 
1 0 0 
1 0 0 
1 0 0 
1 0 0 
1 0 0 
1 0 0 
1 0 0 
1 0 0 
1 0 0 
1 0 0 
1 0 0 
1 0 0 
1 0 0 
1 0 0 
1 0 0 
1 0 0 
1 0 0 
1 0 0 
1 0 0 
1 0 0 
1 0 0 
1 0 0 
1 0 0 
1 0 0 
1 0 0 
1 0 0 
1 0 0 
1 0 0 
1 0 0 
1 0 0 
1 0 0 
1 0 0 
1 0 0 
1 0 0 
1 0 0 
1 0 0 
1 0 0 
1 0 0 
1 0 0 
1 0 0 
1 0 0 
1 0 0 
1 0 0 
1 0 0 
1 0 0 
1 0 0 
1 0 0 
1 0 0 
1 0 0 
1 0 0 
1 0 0 
1 0 0 
1 0 0 
1 0 0 
1 0 0 
1 0 0 
1 0 0 
1 0 0 
1 0 0 
1 0 0 
1 0 0 
1 0 0 
1 0 0 
1 0 0 
1 0 0 
1 0 0 
1 0 0 
1 0 0 
1 0 0 
1 0 0 
1 0 0 
1 0 0 
1 0 0 
1 0 0 
1 0 0 
1 0 0 
1 0 0 
1 0 0 
1 0 0 
1 0 0 
1 0 0 
1 0 0 
1 0 0 
1 0 0 
1 0 0 
1 0 0 
1 0 0 
1 0 0 
1 0 0 
1 0 0 
1 0 0 
1 0 0 
1 0 0 
1 0 0 
1 0 0 
1 0 0 
1 0 0 
1 0 0 
1 0 0 
1 0 0 
1 0 0 
1 0 0 
1 0 0 
1 0 0 
1 0 0 
1 0 0 
1 0 0 
1 0 0 
1 0 0 
1 0 0 
1 0 0 
1 0 0 
1 0 0 
1 0 0 
1 0 0 
1 0 0 
1 0 0 
1 0 0 
1 0 0 
1 0 0 
1 0 0 
1 0 0 
1 0 0 
1 0 0 
1 0 0 
1 0 0 
1 0 0 
1 0 0 
1 0 0 
1 0 0 
1 0 0 
1 0 0 
1 0 0 
1 0 0 
1 0 0 
1 0 0 
1 0 0 
1 0 0 
1 0 0 
1 0 0 
1 0 0 
1 0 0 
1 0 0 
1 0 0 
1 0 0 
1 0 0 
1 0 0 
1 0 0 
1 0 0 
1 0 0 
1 0 0 
1 0 0 
1 0 0 
1 0 0 
1 0 0 
1 0 0 
1 0 0 
1 0 0 
1 0 0 
1 0 0 
1 0 0 
1 0 0 
1 0 0 
1 0 0 
1 0 0 
1 0 0 
1 0 0 
1 0 0 
1 0 0 
1 0 0 
1 0 0 
1 0 0 
1 0 0 
1 0 0 
1 0 0 
1 0 0 
1 0 0 
1 0 0 
1 0 0 
1 0 0 
1 0 0 
1 0 0 
1 0 0 
1 0 0 
1 0 0 
1 0 0 
1 0 0 
1 0 0 
1 0 0 
1 0 0 
1 0 0 
1 0 0 
1 0 0 
1 0 0 
1 0 0 
1 0 0 
1 0 0 
1 0 0 
1 0 0 
1 0 0 
1 0 0 
1 0 0 
1 0 0 
1 0 0 
1 0 0 
1 0 0 
1 0 0 
1 0 0 
1 0 0 
1 0 0 
1 0 0 
1 0 0 
1 0 0 
1 0 0 
1 0 0 
1 0 0 
1 0 0 
1 0 0 
1 0 0 
1 0 0 
1 0 0 
1 0 0 
1 0 0 
1 0 0 
1 0 0 
1 0 0 
1 0 0 
1 0 0 
1 0 0 
1 0 0 
1 0 0 
1 0 0 
1 0 0 
1 0 0 
1 0 0 
1 0 0 
1 0 0 
1 0 0 
1 0 0 
1 0 0 
1 0 0 
1 0 0 
1 0 0 
1 0 0 
1 0 0 
1 0 0 
1 0 0 
1 0 0 
1 0 0 
1 0 0 
1 0 0 
1 0 0 
1 0 0 
1 0 0 
1 0 0 
1 0 0 
1 0 0 
1 0 0 
1 0 0 
1 0 0 
1 0 0 
1 0 0 
1 0 0 
1 0 0 
1 0 0 
1 0 0 
1 0 0 
1 0 0 
1 0 0 
1 0 0 
1 0 0 
1 0 0 
1 0 0 
1 0 0 
1 0 0 
1 0 0 
1 0 0 
1 0 0 
1 0 0 
1 0 0 
1 0 0 
1 0 0 
1 0 0 
1 0 0 
1 0 0 
1 0 0 
1 0 0 
1 0 0 
1 0 0 
1 0 0 
1 0 0 
1 0 0 
1 0 0 
1 0 0 
1 0 0 
1 0 0 
1 0 0 
1 0 0 
1 0 0 
1 0 0 
1 0 0 
1 0 0 
1 0 0 
1 0 0 
1 0 0 
1 0 0 
1 0 0 
1 0 0 
1 0 0 
1 0 0 
1 0 0 
1 0 0 
1 0 0 
1 0 0 
1 0 0 
1 0 0 
1 0 0 
1 0 0 
1 0 0 
1 0 0 
1 0 0 
1 0 0 
1 0 0 
1 0 0 
1 0 0 
1 0 0 
1 0 0 
1 0 0 
1 0 0 
1 0 0 
1 0 0 
1 0 0 
1 0 0 
1 0 0 
1 0 0 
1 0 0 
1 0 0 
1 0 0 
1 0 0 
1 0 0 
1 0 0 
1 0 0 
1 0 0 
1 0 0 
1 0 0 
1 0 0 
1 0 0 
1 0 0 
1 0 0 
1 0 0 
1 0 0 
1 0 0 
1 0 0 
1 0 0 
1 0 0 
1 0 0 
1 0 0 
1 0 0 
1 0 0 
1 0 0 
1 0 0 
1 0 0 
1 0 0 
1 0 0 
1 0 0 
1 0 0 
1 0 0 
1 0 0 
1 0 0 
1 0 0 
1 0 0 
1 0 0 
1 0 0 
1 0 0 
1 0 0 
1 0 0 
1 0 0 
1 0 0 
1 0 0 
1 0 0 
1 0 0 
1 0 0 
1 0 0 
1 0 0 
1 0 0 
1 0 0 
1 0 0 
1 0 0 
1 0 0 
1 0 0 
1 0 0 
1 0 0 
1 0 0 
1 0 0 
1 0 0 
1 0 0 
1 0 0 
1 0 0 
1 0 0 
1 0 0 
1 0 0 
1 0 0 
1 0 0 
1 0 0 
1 0 0 
1 0 0 
1 0 0 
1 0 0 
1 0 0 
1 0 0 
1 0 0 
1 0 0 
1 0 0 
1 0 0 
1 0 0 
1 0 0 
1 0 0 
1 0 0 
1 0 0 
1 0 0 
1 0 0 
1 0 0 
1 0 0 
1 0 0 
1 0 0 
1 0 0 
1 0 0 
1 0 0 
1 0 0 
1 0 0 
1 0 0 
1 0 0 
1 0 0 
1 0 0 
1 0 0 
1 0 0 
1 0 0 
1 0 0 
1 0 0 
1 0 0 
1 0 0 
1 0 0 
1 0 0 
1 0 0 
1 0 0 
1 0 0 
1 0 0 
1 0 0 
1 0 0 
1 0 0 
1 0 0 
1 0 0 
1 0 0 
1 0 0 
1 0 0 
1 0 0 
1 0 0 
1 0 0 
1 0 0 
1 0 0 
1 0 0 
1 0 0 
1 0 0 
1 0 0 
1 0 0 
1 0 0 
1 0 0 
1 0 0 
1 0 0 
1 0 0 
1 0 0 
1 0 0 
1 0 0 
1 0 0 
1 0 0 
1 0 0 
1 0 0 
1 0 0 
1 0 0 
1 0 0 
1 0 0 
1 0 0 
1 0 0 
1 0 0 
1 0 0 
1 0 0 
1 0 0 
1 0 0 
1 0 0 
1 0 0 
1 0 0 
1 0 0 
1 0 0 
1 0 0 
1 0 0 
1 0 0 
1 0 0 
1 0 0 
1 0 0 
1 0 0 
1 0 0 
1 0 0 
1 0 0 
1 0 0 
1 0 0 
1 0 0 
1 0 0 
1 0 0 
1 0 0 
1 0 0 
1 0 0 
1 0 0 
1 0 0 
1 0 0 
1 0 0 
1 0 0 
1 0 0 
1 0 0 
1 0 0 
1 0 0 
1 0 0 
1 0 0 
1 0 0 
1 0 0 
1 0 0 
1 0 0 
1 0 0 
1 0 0 
1 0 0 
1 0 0 
1 0 0 
1 0 0 
1 0 0 
1 0 0 
1 0 0 
1 0 0 
1 0 0 
1 0 0 
1 0 0 
1 0 0 
1 0 0 
1 0 0 
1 0 0 
1 0 0 
1 0 0 
1 0 0 
1 0 0 
1 0 0 
1 0 0 
1 0 0 
1 0 0 
1 0 0 
1 0 0 
1 0 0 
1 0 0 
1 0 0 
1 0 0 
1 0 0 
1 0 0 
1 0 0 
1 0 0 
1 0 0 
1 0 0 
1 0 0 
1 0 0 
1 0 0 
1 0 0 
1 0 0 
1 0 0 
1 0 0 
1 0 0 
1 0 0 
1 0 0 
1 0 0 
1 0 0 
1 0 0 
1 0 0 
1 0 0 
1 0 0 
1 0 0 
1 0 0 
1 0 0 
1 0 0 
1 0 0 
1 0 0 
1 0 0 
1 0 0 
1 0 0 
1 0 0 
1 0 0 
1 0 0 
1 0 0 
1 0 0 
1 0 0 
1 0 0 
1 0 0 
1 0 0 
1 0 0 
1 0 0 
1 0 0 
1 0 0 
1 0 0 
1 0 0 
1 0 0 
1 0 0 
1 0 0 
1 0 0 
1 0 0 
1 0 0 
1 0 0 
1 0 0 
1 0 0 
1 0 0 
1 0 0 
1 0 0 
1 0 0 
1 0 0 
1 0 0 
1 0 0 
1 0 0 
1 0 0 
1 0 0 
1 0 0 
1 0 0 
1 0 0 
1 0 0 
1 0 0 
1 0 0 
1 0 0 
1 0 0 
1 0 0 
1 0 0 
1 0 0 
1 0 0 
1 0 0 
1 0 0 
1 0 0 
1 0 0 
1 0 0 
1 0 0 
1 0 0 
1 0 0 
1 0 0 
1 0 0 
1 0 0 
1 0 0 
1 0 0 
1 0 0 
1 0 0 
1 0 0 
1 0 0 
1 0 0 
1 0 0 
1 0 0 
1 0 0 
1 0 0 
1 0 0 
1 0 0 
1 0 0 
1 0 0 
1 0 0 
1 0 0 
1 0 0 
1 0 0 
1 0 0 
1 0 0 
1 0 0 
1 0 0 
1 0 0 
1 0 0 
1 0 0 
1 0 0 
1 0 0 
1 0 0 
1 0 0 
1 0 0 
1 0 0 
1 0 0 
1 0 0 
1 0 0 
1 0 0 
1 0 0 
1 0 0 
1 0 0 
1 0 0 
1 0 0 
1 0 0 
1 0 0 
1 0 0 
1 0 0 
1 0 0 
1 0 0 
1 0 0 
1 0 0 
1 0 0 
1 0 0 
1 0 0 
1 0 0 
1 0 0 
1 0 0 
1 0 0 
1 0 0 
1 0 0 
1 0 0 
1 0 0 
1 0 0 
1 0 0 
1 0 0 
1 0 0 
1 0 0 
1 0 0 
1 0 0 
1 0 0 
1 0 0 
1 0 0 
1 0 0 
1 0 0 
1 0 0 
1 0 0 
1 0 0 
1 0 0 
1 0 0 
1 0 0 
1 0 0 
1 0 0 
1 0 0 
