2 0 0 
2 0 0 
2 0 0 
2 0 0 
2 0 0 
2 0 0 
2 0 0 
2 0 0 
2 0 0 
2 0 0 
2 0 0 
2 0 0 
2 0 0 
2 0 0 
2 0 0 
2 0 0 
2 0 0 
2 0 0 
2 0 0 
2 0 0 
2 0 0 
2 0 0 
2 0 0 
2 0 0 
2 0 0 
2 0 0 
2 0 0 
2 0 0 
2 0 0 
2 0 0 
2 0 0 
2 0 0 
2 0 0 
2 0 0 
2 0 0 
2 0 0 
2 0 0 
2 0 0 
2 0 0 
2 0 0 
2 0 0 
2 0 0 
2 0 0 
2 0 0 
2 0 0 
2 0 0 
2 0 0 
2 0 0 
2 0 0 
2 0 0 
2 0 0 
2 0 0 
2 0 0 
2 0 0 
2 0 0 
2 0 0 
2 0 0 
2 0 0 
2 0 0 
2 0 0 
2 0 0 
2 0 0 
2 0 0 
2 0 0 
2 0 0 
2 0 0 
2 0 0 
2 0 0 
2 0 0 
2 0 0 
2 0 0 
2 0 0 
2 0 0 
2 0 0 
2 0 0 
2 0 0 
2 0 0 
2 0 0 
2 0 0 
2 0 0 
2 0 0 
2 0 0 
2 0 0 
2 0 0 
2 0 0 
2 0 0 
2 0 0 
2 0 0 
2 0 0 
2 0 0 
2 0 0 
2 0 0 
2 0 0 
2 0 0 
2 0 0 
2 0 0 
2 0 0 
2 0 0 
2 0 0 
2 0 0 
2 0 0 
2 0 0 
2 0 0 
2 0 0 
2 0 0 
2 0 0 
2 0 0 
2 0 0 
2 0 0 
2 0 0 
2 0 0 
2 0 0 
2 0 0 
2 0 0 
2 0 0 
2 0 0 
2 0 0 
2 0 0 
2 0 0 
2 0 0 
2 0 0 
2 0 0 
2 0 0 
2 0 0 
2 0 0 
2 0 0 
2 0 0 
2 0 0 
2 0 0 
2 0 0 
2 0 0 
2 0 0 
2 0 0 
2 0 0 
2 0 0 
2 0 0 
2 0 0 
2 0 0 
2 0 0 
2 0 0 
2 0 0 
2 0 0 
2 0 0 
2 0 0 
2 0 0 
2 0 0 
2 0 0 
2 0 0 
2 0 0 
2 0 0 
2 0 0 
2 0 0 
2 0 0 
2 0 0 
2 0 0 
2 0 0 
2 0 0 
2 0 0 
2 0 0 
2 0 0 
2 0 0 
2 0 0 
2 0 0 
2 0 0 
2 0 0 
2 0 0 
2 0 0 
2 0 0 
2 0 0 
2 0 0 
2 0 0 
2 0 0 
2 0 0 
2 0 0 
2 0 0 
2 0 0 
2 0 0 
2 0 0 
2 0 0 
2 0 0 
2 0 0 
2 0 0 
2 0 0 
2 0 0 
2 0 0 
2 0 0 
2 0 0 
2 0 0 
2 0 0 
2 0 0 
2 0 0 
2 0 0 
2 0 0 
2 0 0 
2 0 0 
2 0 0 
2 0 0 
2 0 0 
2 0 0 
2 0 0 
2 0 0 
2 0 0 
2 0 0 
2 0 0 
2 0 0 
2 0 0 
2 0 0 
2 0 0 
2 0 0 
2 0 0 
2 0 0 
2 0 0 
2 0 0 
2 0 0 
2 0 0 
2 0 0 
2 0 0 
2 0 0 
2 0 0 
2 0 0 
2 0 -1.7909e-62 
2 0 0 
2 0 0 
2 0 0 
2 0 0 
2 0 0 
2 0 0 
2 0 0 
2 0 0 
2 0 0 
2 0 0 
2 0 0 
2 0 0 
2 0 0 
2 0 0 
2 0 0 
2 0 0 
2 0 0 
2 0 0 
2 0 1.7909e-62 
2 0 -7.62053e-59 
2 0 -5.84265e-79 
2 0 0 
2 0 0 
2 0 0 
2 0 0 
2 0 0 
2 0 0 
2 0 0 
2 0 0 
2 0 0 
2 0 0 
2 0 0 
2 0 0 
2 0 0 
2 0 0 
2 0 0 
2 0 0 
2 0 1.46066e-79 
2 0 7.62053e-59 
2 0 -5.88521e-54 
2 0 -4.97362e-75 
2 0 0 
2 0 0 
2 0 0 
2 0 0 
2 0 0 
2 0 0 
2 0 0 
2 0 0 
2 0 0 
2 0 0 
2 0 0 
2 0 0 
2 0 0 
2 0 0 
2 0 0 
2 0 0 
2 0 1.85148e-75 
2 0 5.88521e-54 
2 0 -2.75694e-50 
2 0 -2.04894e-71 
2 0 5.54506e-77 
2 0 0 
2 0 0 
2 0 0 
2 0 0 
2 0 0 
2 0 0 
2 0 0 
2 0 0 
2 0 0 
2 0 0 
2 0 0 
2 0 0 
2 0 0 
2 0 0 
2 0 0 
2 0 8.3343e-72 
2 0 2.75694e-50 
2 0 -3.72943e-47 
2 0 -4.92868e-68 
2 0 3.47353e-73 
2 0 0 
2 0 0 
2 0 0 
2 0 0 
2 0 0 
2 0 0 
2 0 0 
2 0 0 
2 0 0 
2 0 0 
2 0 0 
2 0 0 
2 0 0 
2 0 0 
2 0 0 
2 0 1.99644e-68 
2 0 3.72943e-47 
2 0 -4.38897e-44 
2 0 -7.73169e-65 
2 0 1.0179e-69 
2 0 4.66856e-73 
2 0 0 
2 0 0 
2 0 0 
2 0 0 
2 0 0 
2 0 0 
2 0 0 
2 0 0 
2 0 0 
2 0 0 
2 0 0 
2 0 0 
2 0 0 
2 0 -3.93394e-78 
2 0 3.15103e-65 
2 0 4.38897e-44 
2 0 -4.74917e-42 
2 0 -8.51176e-62 
2 0 1.85777e-66 
2 0 2.48366e-69 
2 0 0 
2 0 0 
2 0 0 
2 0 0 
2 0 0 
2 0 0 
2 0 0 
2 0 0 
2 0 0 
2 0 0 
2 0 0 
2 0 0 
2 0 0 
2 0 -1.68826e-69 
2 0 3.64584e-62 
2 0 4.74917e-42 
2 0 2.46707e-39 
2 0 -6.90542e-59 
2 0 2.37034e-63 
2 0 6.21943e-66 
2 0 0 
2 0 0 
2 0 0 
2 0 0 
2 0 0 
2 0 0 
2 0 0 
2 0 0 
2 0 0 
2 0 0 
2 0 0 
2 0 0 
2 0 0 
2 0 -8.38451e-66 
2 0 3.24289e-59 
2 0 -2.46707e-39 
2 0 1.37039e-36 
2 0 -4.26802e-56 
2 0 1.99892e-57 
2 0 9.74014e-63 
2 0 0 
2 0 0 
2 0 0 
2 0 0 
2 0 0 
2 0 0 
2 0 0 
2 0 0 
2 0 0 
2 0 0 
2 0 0 
2 0 0 
2 0 -3.73917e-66 
2 0 -8.11957e-59 
2 0 2.25534e-56 
2 0 -1.3704e-36 
2 0 4.63108e-34 
2 0 -2.05743e-53 
2 0 -4.76697e-42 
2 0 1.06898e-59 
2 0 0 
2 0 0 
2 0 0 
2 0 0 
2 0 0 
2 0 0 
2 0 0 
2 0 0 
2 0 0 
2 0 0 
2 0 0 
2 0 0 
2 0 -2.18629e-62 
2 0 4.76697e-42 
2 0 1.23354e-53 
2 0 -4.63138e-34 
2 0 1.74606e-31 
2 0 -7.87698e-51 
2 0 -1.35229e-38 
2 0 8.73078e-57 
2 0 0 
2 0 0 
2 0 0 
2 0 0 
2 0 0 
2 0 0 
2 0 0 
2 0 0 
2 0 0 
2 0 0 
2 0 0 
2 0 0 
2 0 -7.82149e-59 
2 0 1.35229e-38 
2 0 5.33531e-51 
2 0 -1.9193e-31 
2 0 1.25262e-28 
2 0 -2.42482e-48 
2 0 -1.68292e-35 
2 0 5.49971e-54 
2 0 1.76633e-60 
2 0 0 
2 0 0 
2 0 0 
2 0 0 
2 0 0 
2 0 0 
2 0 0 
2 0 0 
2 0 0 
2 0 0 
2 0 -1.08544e-59 
2 0 -1.74364e-55 
2 0 1.68292e-35 
2 0 1.8474e-48 
2 0 -1.5117e-28 
2 0 1.09582e-25 
2 0 -4.49768e-36 
2 0 -1.20212e-32 
2 0 2.73253e-51 
2 0 7.4861e-57 
2 0 0 
2 0 0 
2 0 0 
2 0 0 
2 0 0 
2 0 0 
2 0 0 
2 0 0 
2 0 0 
2 0 0 
2 0 -5.32912e-56 
2 0 -2.51721e-52 
2 0 1.20212e-32 
2 0 5.05855e-46 
2 0 -1.14735e-25 
2 0 6.08217e-23 
2 0 -4.0333e-28 
2 0 -5.40723e-30 
2 0 1.08618e-48 
2 0 1.46799e-53 
2 0 0 
2 0 0 
2 0 0 
2 0 0 
2 0 0 
2 0 0 
2 0 0 
2 0 0 
2 0 0 
2 0 0 
2 0 -1.19104e-52 
2 0 -2.48934e-49 
2 0 5.40723e-30 
2 0 4.0491e-28 
2 0 -5.36829e-23 
2 0 1.93014e-20 
2 0 -6.11998e-25 
2 0 -1.57765e-27 
2 0 3.48604e-46 
2 0 1.77161e-50 
2 0 3.67104e-63 
2 0 0 
2 0 0 
2 0 0 
2 0 0 
2 0 0 
2 0 0 
2 0 0 
2 0 0 
2 0 0 
2 0 -1.6103e-49 
2 0 -1.76286e-46 
2 0 1.57765e-27 
2 0 6.13819e-25 
2 0 -1.55124e-20 
2 8.73941e-16 2.81317e-18 
2 8.73941e-16 -3.49728e-22 
2 8.73941e-16 -2.95437e-25 
2 8.73941e-16 9.10139e-44 
2 8.73941e-16 1.47977e-47 
2 8.73941e-16 1.63431e-59 
2 8.73941e-16 0 
2 8.73941e-16 0 
2 8.73941e-16 0 
2 8.73941e-16 0 
2 8.73941e-16 0 
2 8.73941e-16 0 
2 8.73941e-16 0 
2 8.73941e-16 0 
2 8.73941e-16 0 
2 8.73941e-16 -1.47389e-46 
2 8.73941e-16 -9.212e-44 
2 8.73941e-16 2.95437e-25 
2 8.73941e-16 3.50432e-22 
2 8.73941e-16 -2.27857e-18 
2 3.48865e-14 2.62522e-17 
2 3.48865e-14 -8.98062e-20 
2 3.48702e-14 -4.73908e-23 
2 3.48702e-14 1.95726e-41 
2 3.48702e-14 9.14821e-45 
2 3.48702e-14 3.37826e-56 
2 3.48702e-14 0 
2 3.48702e-14 0 
2 3.48702e-14 0 
2 3.48702e-14 0 
2 3.48702e-14 0 
2 3.48702e-14 0 
2 3.48702e-14 0 
2 3.48702e-14 0 
2 3.48702e-14 0 
2 3.48702e-14 -9.67156e-44 
2 3.48702e-14 -3.61855e-41 
2 3.48702e-14 4.73907e-23 
2 3.48702e-14 8.9901e-20 
2 3.48865e-14 -2.43211e-17 
2 1.14888e-12 5.14039e-17 
2 1.14888e-12 -9.02968e-18 
2 1.14889e-12 -8.16051e-18 
2 1.14889e-12 3.58e-39 
2 1.14889e-12 4.38425e-42 
2 1.14889e-12 1.1399e-52 
2 1.14889e-12 0 
2 1.14889e-12 0 
2 1.14889e-12 0 
2 1.14889e-12 0 
2 1.14889e-12 0 
2 1.14889e-12 0 
2 1.14889e-12 0 
2 1.14889e-12 0 
2 1.14889e-12 0 
2 1.14889e-12 -4.69518e-41 
2 1.14889e-12 -1.07892e-38 
2 1.14889e-12 -6.54658e-22 
2 1.1489e-12 1.71932e-17 
2 1.14888e-12 -6.42322e-17 
2 3.06483e-11 3.65098e-17 
2 3.06475e-11 -8.85112e-17 
2 3.06481e-11 3.46918e-18 
2 3.0648e-11 5.98394e-37 
2 3.0648e-11 1.68529e-39 
2 3.0648e-11 2.99885e-49 
2 3.0648e-11 0 
2 3.0648e-11 0 
2 3.0648e-11 0 
2 3.0648e-11 0 
2 3.0648e-11 0 
2 3.0648e-11 0 
2 3.0648e-11 0 
2 3.0648e-11 0 
2 3.0648e-11 0 
2 3.0648e-11 -1.71375e-38 
2 3.0648e-11 -2.44902e-36 
2 3.06481e-11 -3.46921e-18 
2 3.06475e-11 8.87833e-17 
2 3.06479e-11 -5.11066e-17 
2 6.62172e-10 -4.22238e-16 
2 6.62172e-10 -1.67126e-16 
2 6.62172e-10 3.48375e-16 
2 6.62172e-10 1.00176e-34 
2 6.62172e-10 5.3059e-37 
2 6.62172e-10 2.17924e-42 
2 6.62172e-10 0 
2 6.62172e-10 0 
2 6.62172e-10 0 
2 6.62172e-10 0 
2 6.62172e-10 0 
2 6.62172e-10 0 
2 6.62172e-10 0 
2 6.62172e-10 0 
2 6.62172e-10 -2.17874e-42 
2 6.62172e-10 -4.7277e-36 
2 6.62172e-10 -4.22295e-34 
2 6.62172e-10 -3.48459e-16 
2 6.62172e-10 1.59359e-16 
2 6.62172e-10 1.0561e-16 
2 1.165e-08 -1.80445e-16 
2 1.165e-08 -1.10656e-16 
2 1.165e-08 -3.75332e-18 
2 1.165e-08 1.68963e-32 
2 1.165e-08 1.372e-34 
2 1.165e-08 9.2304e-38 
2 1.165e-08 3.95664e-53 
2 1.165e-08 0 
2 1.165e-08 0 
2 1.165e-08 0 
2 1.165e-08 0 
2 1.165e-08 0 
2 1.165e-08 0 
2 1.165e-08 0 
2 1.165e-08 -9.2301e-38 
2 1.165e-08 -9.81609e-34 
2 1.165e-08 -5.5044e-32 
2 1.165e-08 2.37314e-18 
2 1.165e-08 9.06466e-17 
2 1.165e-08 2.01855e-16 
2 1.68009e-07 -7.74238e-17 
2 1.68009e-07 -2.94364e-16 
2 1.68009e-07 4.47135e-17 
2 1.68009e-07 1.76595e-18 
2 1.68009e-07 5.46381e-32 
2 1.68009e-07 -4.91103e-22 
2 1.68009e-07 8.17116e-46 
2 1.68009e-07 0 
2 1.68009e-07 0 
2 1.68009e-07 0 
2 1.68009e-07 0 
2 1.68009e-07 0 
2 1.68009e-07 0 
2 1.68009e-07 0 
2 1.68009e-07 4.91103e-22 
2 1.68009e-07 -2.53972e-31 
2 1.68009e-07 -7.90615e-30 
2 1.68009e-07 3.02001e-17 
2 1.68009e-07 3.6939e-16 
2 1.68009e-07 1.13337e-16 
2 1.99845e-06 8.15041e-17 
2 1.99845e-06 2.41593e-16 
2 1.99845e-06 1.29331e-16 
2 1.99845e-06 3.52618e-16 
2 1.99845e-06 -4.54031e-21 
2 1.99845e-06 -3.83211e-19 
2 1.99845e-06 -1.2002e-42 
2 1.99845e-06 0 
2 1.99845e-06 0 
2 1.99845e-06 0 
2 1.99845e-06 0 
2 1.99845e-06 0 
2 1.99845e-06 0 
2 1.99845e-06 0 
2 1.99845e-06 3.83211e-19 
2 1.99845e-06 4.54031e-21 
2 1.99845e-06 4.54031e-21 
2 1.99845e-06 -2.60636e-16 
2 1.99845e-06 1.14152e-17 
2 1.99845e-06 4.45189e-16 
2 1.97037e-05 1.38298e-16 
2 1.97037e-05 4.42163e-16 
2 1.97037e-05 -4.47554e-17 
2 1.97037e-05 -1.79048e-18 
2 1.97037e-05 -1.7905e-18 
2 1.97037e-05 -7.55622e-17 
2 1.97037e-05 -3.93214e-39 
2 1.97037e-05 0 
2 1.97037e-05 0 
2 1.97037e-05 0 
2 1.97037e-05 0 
2 1.97037e-05 0 
2 1.97037e-05 0 
2 1.97037e-05 0 
2 1.97037e-05 7.55622e-17 
2 1.97037e-05 1.7905e-18 
2 1.97037e-05 3.55644e-18 
2 1.97037e-05 1.09986e-16 
2 1.97037e-05 -8.13293e-18 
2 1.97037e-05 -1.59618e-16 
1.99996 0.000161517 -1.70309e-17 
1.99996 0.000161517 -1.70454e-16 
1.99996 0.000161517 -1.61086e-16 
1.99996 0.000161517 -3.49115e-16 
1.99996 0.000161517 -1.28196e-17 
1.99996 0.000161517 -1.95129e-16 
1.99996 0.000161517 -2.86004e-34 
1.99996 0.000161517 -1.54627e-35 
1.99996 0.000161517 0 
1.99996 0.000161517 0 
1.99996 0.000161517 0 
1.99996 0.000161517 0 
1.99996 0.000161517 1.54627e-35 
1.99996 0.000161517 0 
1.99996 0.000161517 1.95129e-16 
1.99996 0.000161517 1.28196e-17 
1.99996 0.000161517 3.48237e-16 
1.99996 0.000161517 -2.57125e-16 
1.99996 0.000161517 -8.161e-18 
1.99996 0.000161517 3.83621e-16 
1.99975 0.00110136 -1.52307e-16 
1.99975 0.00110136 3.77151e-17 
1.99975 0.00110136 -1.76044e-16 
1.99975 0.00110136 -3.56527e-18 
1.99975 0.00110136 -1.79055e-18 
1.99975 0.00110136 -7.5566e-17 
1.99975 0.00110136 -2.25193e-32 
1.99975 0.00110136 -3.35557e-32 
1.99975 0.00110136 0 
1.99975 0.00110136 0 
1.99975 0.00110136 0 
1.99975 0.00110136 0 
1.99975 0.00110136 3.35557e-32 
1.99975 0.00110136 3.16084e-39 
1.99975 0.00110136 7.5566e-17 
1.99975 0.00110136 1.79055e-18 
1.99975 0.00110136 3.55661e-18 
1.99975 0.00110136 2.66043e-17 
1.99975 0.00110136 -2.00935e-22 
1.99975 0.00110136 1.3607e-17 
1.99859 0.0062301 -9.18948e-17 
1.99859 0.0062301 -5.32025e-16 
1.99859 0.0062301 -9.72632e-17 
1.99859 0.0062301 -1.17242e-17 
1.99859 0.0062301 -4.45802e-21 
1.99859 0.0062301 -3.81869e-19 
1.99859 0.0062301 1.72668e-28 
1.99859 0.0062301 -3.03869e-29 
1.99859 0.0062301 -4.42884e-32 
1.99859 0.0062301 0 
1.99859 0.0062301 0 
1.99859 0.0062301 4.42884e-32 
1.99859 0.0062301 3.03426e-29 
1.99859 0.0062301 7.82664e-36 
1.99859 0.0062301 3.81869e-19 
1.99859 0.0062301 4.4793e-21 
1.99859 0.0062301 3.80956e-21 
1.99859 0.0062301 5.95325e-18 
1.99859 0.0062301 9.12107e-22 
1.99859 0.0062301 9.27869e-18 
1.99343 0.0290342 -3.223e-17 
1.99343 0.0290342 3.00539e-16 
1.99343 0.0290342 -8.32616e-18 
1.99343 0.0290342 -3.48447e-16 
1.99343 0.0290342 4.15649e-21 
1.99343 0.0290342 1.52142e-19 
1.99343 0.0290342 5.38825e-25 
1.99343 0.0290342 -2.25221e-26 
1.99343 0.0290342 -8.13646e-29 
1.99343 0.0290342 0 
1.99343 0.0290342 0 
1.99343 0.0290342 8.13646e-29 
1.99343 0.0290342 1.46685e-26 
1.99343 0.0290342 8.31069e-33 
1.99343 0.0290342 -1.52113e-19 
1.99343 0.0290342 -1.58485e-21 
1.99343 0.0290342 -1.32903e-20 
1.99343 0.0290342 7.04818e-19 
1.99343 0.0290342 4.13076e-20 
1.99343 0.0290342 1.25613e-17 
1.97487 0.110135 -1.73792e-17 
1.97487 0.110135 -2.62697e-18 
1.97487 0.110135 -1.22567e-18 
1.97487 0.110135 -6.89025e-18 
1.97487 0.110135 3.89017e-19 
1.97487 0.110135 2.93655e-18 
1.97487 0.110135 5.5601e-22 
1.97487 0.110135 -1.37489e-23 
1.97487 0.110135 -5.9918e-26 
1.97487 0.110135 0 
1.97487 0.110135 0 
1.97487 0.110135 5.9918e-26 
1.97487 0.110135 4.02534e-24 
1.97487 0.110135 2.77536e-29 
1.97487 0.110135 -2.92131e-18 
1.97487 0.110135 -2.84424e-20 
1.97487 0.110135 -1.64053e-19 
1.97487 0.110135 5.49553e-19 
1.97487 0.110135 1.45713e-18 
1.97487 0.110135 3.44315e-17 
1.92142 0.336718 -2.42149e-16 
1.92142 0.336718 -2.36556e-17 
1.92142 0.336718 6.76181e-18 
1.92142 0.336718 -3.31102e-17 
1.92142 0.336718 -7.12162e-18 
1.92142 0.336718 2.73817e-17 
1.92142 0.336718 2.25857e-19 
1.92142 0.336718 -3.32982e-22 
1.92142 0.336718 -2.23385e-23 
1.92142 0.336718 0 
1.92142 0.336718 0 
1.92142 0.336718 2.23077e-23 
1.92142 0.336718 6.07047e-22 
1.92142 0.336718 -4.86822e-25 
1.92142 0.336718 -2.46033e-17 
1.92142 0.336718 -3.0423e-19 
1.92142 0.336718 -8.85921e-20 
1.92142 0.336718 2.9303e-17 
1.92142 0.336718 2.3301e-17 
1.92142 0.336718 2.5191e-16 
1.80284 0.802936 -1.52146e-16 
1.80284 0.802936 -1.40948e-16 
1.80284 0.802936 -5.27861e-17 
1.80284 0.802936 -1.55995e-16 
1.80284 0.802936 -4.26882e-17 
1.80284 0.802936 1.01983e-16 
1.80284 0.802936 4.08365e-17 
1.80284 0.802936 5.56443e-18 
1.80284 0.802936 -4.33789e-21 
1.80284 0.802936 -5.48589e-36 
1.80284 0.802936 0 
1.80284 0.802936 4.30099e-21 
1.80284 0.802936 -4.03778e-18 
1.80284 0.802936 -5.82414e-22 
1.80284 0.802936 -1.0093e-16 
1.80284 0.802936 -2.26208e-18 
1.80284 0.802936 4.44588e-17 
1.80284 0.802936 -2.41129e-16 
1.80284 0.802936 8.31319e-16 
1.80284 0.802936 5.37674e-16 
1.68429 1.21397 -3.8698e-16 
1.68429 1.21397 -1.41781e-16 
1.68429 1.21397 -1.42668e-16 
1.68429 1.21397 -5.28052e-16 
1.68429 1.21397 -1.54486e-16 
1.68429 1.21397 1.6909e-16 
1.68429 1.21397 1.82646e-16 
1.68429 1.21397 2.07073e-16 
1.68429 1.21397 -3.82282e-19 
1.68429 1.21397 -4.03098e-25 
1.68429 1.21397 4.03098e-25 
1.68429 1.21397 3.66864e-19 
1.68429 1.21397 7.19293e-19 
1.68429 1.21397 -4.32033e-18 
1.68429 1.21397 -1.94702e-16 
1.68429 1.21397 -1.81156e-17 
1.68429 1.21397 8.37414e-17 
1.68429 1.21397 1.4999e-16 
1.68429 1.21397 1.30411e-16 
1.68429 1.21397 -2.2918e-16 
1.60768 1.53643 7.71763e-16 
1.60768 1.53643 -5.58541e-16 
1.60768 1.53643 -2.58794e-16 
1.60768 1.53643 -1.14836e-16 
1.60768 1.53643 -3.64433e-16 
1.60768 1.53643 1.78334e-16 
1.60768 1.53643 4.81936e-16 
1.60768 1.53643 9.40484e-17 
1.60768 1.53643 -6.88146e-18 
1.60768 1.53643 -5.0912e-22 
1.60768 1.53643 5.0912e-22 
1.60768 1.53643 4.65652e-18 
1.60768 1.53643 8.6468e-18 
1.60768 1.53643 -3.41128e-17 
1.60768 1.53643 -2.52775e-16 
1.60768 1.53643 -7.20341e-17 
1.60768 1.53643 -1.68943e-16 
1.60768 1.53643 -9.05576e-18 
1.60768 1.53643 5.0504e-17 
1.60768 1.53643 1.8811e-16 
1.53219 1.65909 1.94609e-16 
1.53219 1.65909 -3.65804e-16 
1.53219 1.65909 5.18611e-17 
1.53219 1.65909 -2.18336e-16 
1.53219 1.65909 8.38761e-18 
1.53219 1.65909 1.98802e-16 
1.53219 1.65909 2.91557e-16 
1.53219 1.65909 -8.13009e-17 
1.53219 1.65909 -5.43451e-17 
1.53219 1.65909 -2.21207e-19 
1.53219 1.65909 2.21207e-19 
1.53219 1.65909 2.53943e-17 
1.53219 1.65909 5.64679e-17 
1.53219 1.65909 -8.39498e-17 
1.53219 1.65909 -4.04082e-16 
1.53219 1.65909 -1.02878e-16 
1.53219 1.65909 9.09592e-17 
1.53219 1.65909 -3.07007e-17 
1.53219 1.65909 3.11793e-17 
1.53219 1.65909 4.69456e-16 
1.48623 1.76115 1.4824e-16 
1.48623 1.76115 1.80164e-16 
1.48623 1.76115 1.12058e-16 
1.48623 1.76115 -1.72671e-17 
1.48623 1.76115 -7.28369e-17 
1.48623 1.76115 1.1e-16 
1.48623 1.76115 1.0051e-16 
1.48623 1.76115 -3.52945e-16 
1.48623 1.76115 -2.19742e-16 
1.48623 1.76115 -3.29956e-17 
1.48623 1.76115 3.29958e-17 
1.48623 1.76115 -7.12765e-17 
1.48623 1.76115 1.06056e-17 
1.48623 1.76115 1.65517e-16 
1.48623 1.76115 1.17671e-16 
1.48623 1.76115 -2.6706e-17 
1.48623 1.76115 -2.31224e-16 
1.48623 1.76115 3.88595e-16 
1.48623 1.76115 1.08796e-16 
1.48623 1.76115 -2.68124e-18 
1.47833 1.90031 1.37376e-16 
1.47833 1.90031 2.37312e-16 
1.47833 1.90031 1.92519e-16 
1.47833 1.90031 -4.44346e-17 
1.47833 1.90031 -2.78845e-16 
1.47833 1.90031 -2.40169e-16 
1.47833 1.90031 -6.09475e-17 
1.47833 1.90031 -3.43333e-16 
1.47833 1.90031 -4.02391e-16 
1.47833 1.90031 -8.98038e-17 
1.47833 1.90031 8.57515e-17 
1.47833 1.90031 2.23943e-16 
1.47833 1.90031 2.89679e-16 
1.47833 1.90031 1.21295e-16 
1.47833 1.90031 1.93513e-16 
1.47833 1.90031 1.93573e-16 
1.47833 1.90031 -1.16944e-16 
1.47833 1.90031 -2.82112e-17 
1.47833 1.90031 2.20036e-16 
1.47833 1.90031 1.11939e-16 
1.4626 1.93371 -1.33519e-16 
1.4626 1.93371 -7.31816e-17 
1.4626 1.93371 9.94342e-17 
1.4626 1.93371 -1.34259e-16 
1.4626 1.93371 -1.64165e-16 
1.4626 1.93371 -7.63665e-17 
1.4626 1.93371 -4.30416e-17 
1.4626 1.93371 -1.69309e-16 
1.4626 1.93371 -4.31617e-16 
1.4626 1.93371 -2.29751e-16 
1.4626 1.93371 2.29712e-16 
1.4626 1.93371 3.18625e-16 
1.4626 1.93371 2.14865e-16 
1.4626 1.93371 1.19246e-16 
1.4626 1.93371 -8.98753e-17 
1.4626 1.93371 -5.99095e-17 
1.4626 1.93371 5.25758e-17 
1.4626 1.93371 -2.25154e-16 
1.4626 1.93371 -1.872e-17 
1.4626 1.93371 3.0342e-16 
1.44783 1.88824 8.39691e-17 
1.44783 1.88824 3.0027e-17 
1.44783 1.88824 -1.76498e-16 
1.44783 1.88824 -2.50657e-16 
1.44783 1.88824 -2.52698e-16 
1.44783 1.88824 3.95758e-17 
1.44783 1.88824 7.78987e-18 
1.44783 1.88824 -1.06897e-16 
1.44783 1.88824 -9.97091e-18 
1.44783 1.88824 -7.50886e-18 
1.44783 1.88824 2.76465e-18 
1.44783 1.88824 1.9319e-17 
1.44783 1.88824 -1.20854e-17 
1.44783 1.88824 1.33403e-17 
1.44783 1.88824 -1.07822e-16 
1.44783 1.88824 -8.38955e-17 
1.44783 1.88824 -1.66389e-16 
1.44783 1.88824 -3.98152e-16 
1.44783 1.88824 -4.48211e-18 
1.44783 1.88824 1.78979e-16 
1.44244 1.86036 2.02322e-16 
1.44244 1.86036 1.45243e-16 
1.44244 1.86036 -2.35332e-16 
1.44244 1.86036 -9.28067e-17 
1.44244 1.86036 -8.16217e-17 
1.44244 1.86036 -4.74548e-17 
1.44244 1.86036 1.75251e-17 
1.44244 1.86036 -1.84639e-16 
1.44244 1.86036 1.74115e-17 
1.44244 1.86036 -5.25582e-18 
1.44244 1.86036 -2.08875e-19 
1.44244 1.86036 1.61416e-19 
1.44244 1.86036 -1.90875e-16 
1.44244 1.86036 -1.43866e-16 
1.44244 1.86036 -2.4769e-17 
1.44244 1.86036 4.28667e-17 
1.44244 1.86036 -9.14649e-17 
1.44244 1.86036 -6.20649e-16 
1.44244 1.86036 -1.68139e-16 
1.44244 1.86036 6.13615e-17 
1.44928 1.88179 3.66818e-16 
1.44928 1.88179 -3.96046e-17 
1.44928 1.88179 -1.92185e-16 
1.44928 1.88179 6.19355e-17 
1.44928 1.88179 -2.61016e-16 
1.44928 1.88179 -3.26549e-16 
1.44928 1.88179 4.10783e-17 
1.44928 1.88179 1.23465e-16 
1.44928 1.88179 -2.89686e-18 
1.44928 1.88179 -2.60912e-17 
1.44928 1.88179 -3.27744e-17 
1.44928 1.88179 -2.1565e-19 
1.44928 1.88179 -1.67625e-16 
1.44928 1.88179 -8.39195e-17 
1.44928 1.88179 1.87506e-17 
1.44928 1.88179 -4.16004e-17 
1.44928 1.88179 -2.10083e-16 
1.44928 1.88179 -4.10395e-16 
1.44928 1.88179 -2.34332e-16 
1.44928 1.88179 1.89667e-16 
1.46151 1.93812 1.93436e-16 
1.46151 1.93812 -1.00173e-16 
1.46151 1.93812 -3.95457e-16 
1.46151 1.93812 -4.36514e-16 
1.46151 1.93812 -2.18957e-16 
1.46151 1.93812 3.27797e-17 
1.46151 1.93812 2.78488e-16 
1.46151 1.93812 1.23178e-16 
1.46151 1.93812 1.26131e-16 
1.46151 1.93812 -1.77428e-17 
1.46151 1.93812 -8.90641e-17 
1.46151 1.93812 -3.67741e-17 
1.46151 1.93812 -9.39659e-17 
1.46151 1.93812 9.55253e-17 
1.46151 1.93812 1.18614e-17 
1.46151 1.93812 -1.02107e-16 
1.46151 1.93812 -2.23174e-16 
1.46151 1.93812 -9.81909e-17 
1.46151 1.93812 1.43917e-16 
1.46151 1.93812 9.56077e-17 
1.46156 1.94007 -1.84143e-16 
1.46156 1.94007 -2.64493e-16 
1.46156 1.94007 -3.05846e-16 
1.46156 1.94007 -3.27587e-16 
1.46156 1.94007 6.24588e-17 
1.46156 1.94007 3.7928e-16 
1.46156 1.94007 3.57219e-16 
1.46156 1.94007 2.09355e-16 
1.46156 1.94007 -1.47928e-16 
1.46156 1.94007 3.6558e-17 
1.46156 1.94007 -5.85445e-17 
1.46156 1.94007 -8.99667e-17 
1.46156 1.94007 -1.22782e-16 
1.46156 1.94007 3.2602e-16 
1.46156 1.94007 -7.09075e-17 
1.46156 1.94007 -4.79354e-16 
1.46156 1.94007 -1.04807e-16 
1.46156 1.94007 2.39397e-16 
1.46156 1.94007 2.39241e-16 
1.46156 1.94007 6.09084e-17 
1.4503 1.88717 -2.40134e-16 
1.4503 1.88717 -3.57422e-16 
1.4503 1.88717 -2.76689e-16 
1.4503 1.88717 -1.39387e-16 
1.4503 1.88717 2.28756e-16 
1.4503 1.88717 4.28695e-16 
1.4503 1.88717 5.15491e-16 
1.4503 1.88717 3.91323e-17 
1.4503 1.88717 -2.664e-16 
1.4503 1.88717 1.93856e-16 
1.4503 1.88717 -1.37404e-18 
1.4503 1.88717 -2.2992e-16 
1.4503 1.88717 4.6603e-17 
1.4503 1.88717 6.81071e-17 
1.4503 1.88717 -3.74424e-16 
1.4503 1.88717 -3.63089e-16 
1.4503 1.88717 -1.21627e-16 
1.4503 1.88717 3.61997e-16 
1.4503 1.88717 1.93564e-16 
1.4503 1.88717 5.02746e-17 
1.44237 1.84759 -1.36601e-16 
1.44237 1.84759 1.04598e-17 
1.44237 1.84759 -6.71539e-17 
1.44237 1.84759 -8.98294e-17 
1.44237 1.84759 1.43506e-16 
1.44237 1.84759 3.11729e-16 
1.44237 1.84759 2.67207e-16 
1.44237 1.84759 3.45036e-16 
1.44237 1.84759 9.73339e-17 
1.44237 1.84759 -1.78365e-16 
1.44237 1.84759 -4.66653e-21 
1.44237 1.84759 -2.72729e-18 
1.44237 1.84759 -2.99616e-17 
1.44237 1.84759 -4.43266e-18 
1.44237 1.84759 -2.79057e-16 
1.44237 1.84759 -4.6945e-16 
1.44237 1.84759 5.29025e-17 
1.44237 1.84759 2.44344e-16 
1.44237 1.84759 1.09298e-16 
1.44237 1.84759 7.58396e-17 
1.44511 1.85465 -1.35977e-17 
1.44511 1.85465 1.34334e-17 
1.44511 1.85465 9.73337e-17 
1.44511 1.85465 2.98059e-17 
1.44511 1.85465 -8.31119e-17 
1.44511 1.85465 1.89476e-16 
1.44511 1.85465 3.65982e-16 
1.44511 1.85465 2.75195e-16 
1.44511 1.85465 1.66246e-16 
1.44511 1.85465 -2.31305e-18 
1.44511 1.85465 -2.84838e-24 
1.44511 1.85465 -4.56671e-21 
1.44511 1.85465 -2.06886e-18 
1.44511 1.85465 3.46411e-18 
1.44511 1.85465 -2.45819e-16 
1.44511 1.85465 -4.54058e-16 
1.44511 1.85465 -3.15212e-16 
1.44511 1.85465 -2.24032e-16 
1.44511 1.85465 3.44609e-17 
1.44511 1.85465 -6.77865e-17 
1.45905 1.92404 3.92591e-18 
1.45905 1.92404 2.65021e-16 
1.45905 1.92404 1.09737e-16 
1.45905 1.92404 -2.43534e-17 
1.45905 1.92404 3.25256e-17 
1.45905 1.92404 2.7769e-17 
1.45905 1.92404 4.18222e-17 
1.45905 1.92404 2.51345e-16 
1.45905 1.92404 2.51981e-16 
1.45905 1.92404 -9.12978e-21 
1.45905 1.92404 0 
1.45905 1.92404 -2.80075e-24 
1.45905 1.92404 -4.74639e-20 
1.45905 1.92404 6.44403e-17 
1.45905 1.92404 -1.8347e-16 
1.45905 1.92404 -5.41176e-16 
1.45905 1.92404 -3.2713e-16 
1.45905 1.92404 -2.06047e-16 
1.45905 1.92404 -2.1998e-16 
1.45905 1.92404 1.11263e-17 
1.45686 1.92326 1.06209e-16 
1.45686 1.92326 3.68674e-16 
1.45686 1.92326 1.08642e-16 
1.45686 1.92326 1.54648e-16 
1.45686 1.92326 -1.49801e-16 
1.45686 1.92326 -1.38149e-16 
1.45686 1.92326 -2.8425e-16 
1.45686 1.92326 4.13435e-17 
1.45686 1.92326 1.05028e-17 
1.45686 1.92326 -5.87235e-23 
1.45686 1.92326 0 
1.45686 1.92326 0 
1.45686 1.92326 -2.16201e-21 
1.45686 1.92326 1.66768e-16 
1.45686 1.92326 2.60242e-16 
1.45686 1.92326 -2.98821e-16 
1.45686 1.92326 -1.57075e-16 
1.45686 1.92326 -4.26174e-16 
1.45686 1.92326 -3.42997e-16 
1.45686 1.92326 -1.45561e-16 
1.39848 1.62937 1.14235e-16 
1.39848 1.62937 2.71413e-17 
1.39848 1.62937 7.63484e-17 
1.39848 1.62937 5.2706e-17 
1.39848 1.62937 -1.11291e-16 
1.39848 1.62937 -1.27092e-16 
1.39848 1.62937 -2.88944e-16 
1.39848 1.62937 -8.91432e-17 
1.39848 1.62937 1.78296e-16 
1.39848 1.62937 -2.83559e-25 
1.39848 1.62937 0 
1.39848 1.62937 0 
1.39848 1.62937 -5.70977e-18 
1.39848 1.62937 1.13135e-16 
1.39848 1.62937 2.06757e-16 
1.39848 1.62937 -1.41212e-16 
1.39848 1.62937 -9.33527e-18 
1.39848 1.62937 -2.10573e-18 
1.39848 1.62937 -3.52566e-16 
1.39848 1.62937 2.20056e-17 
1.12827 0.460265 4.84038e-16 
1.12827 0.460265 7.26817e-17 
1.12827 0.460265 1.58154e-17 
1.12827 0.460265 -7.94578e-18 
1.12827 0.460265 -2.33198e-17 
1.12827 0.460265 -2.10186e-17 
1.12827 0.460265 -1.85828e-16 
1.12827 0.460265 -9.16554e-18 
1.12827 0.460265 1.75796e-16 
1.12827 0.460265 -6.77736e-28 
1.12827 0.460265 0 
1.12827 0.460265 0 
1.12827 0.460265 -1.74629e-16 
1.12827 0.460265 7.86515e-18 
1.12827 0.460265 2.11939e-16 
1.12827 0.460265 2.0735e-17 
1.12827 0.460265 -4.75822e-19 
1.12827 0.460265 3.27437e-18 
1.12827 0.460265 -2.26837e-16 
1.12827 0.460265 -7.6266e-16 
1.0134 0.04279 4.83896e-17 
1.0134 0.04279 4.09844e-18 
1.0134 0.04279 8.15772e-19 
1.0134 0.04279 -7.53034e-19 
1.0134 0.04279 -1.13866e-18 
1.0134 0.04279 -1.34259e-18 
1.0134 0.04279 -9.19957e-19 
1.0134 0.04279 -5.5255e-20 
1.0134 0.04279 1.41862e-18 
1.0134 0.04279 -5.18319e-31 
1.0134 0.04279 0 
1.0134 0.04279 0 
1.0134 0.04279 -1.41862e-18 
1.0134 0.04279 4.74213e-20 
1.0134 0.04279 2.65643e-18 
1.0134 0.04279 1.12979e-18 
1.0134 0.04279 1.6191e-19 
1.0134 0.04279 -3.66379e-19 
1.0134 0.04279 -3.83593e-18 
1.0134 0.04279 -1.08252e-17 
1.00125 0.00390732 5.36757e-19 
1.00125 0.00390732 2.15327e-19 
1.00125 0.00390732 1.53118e-20 
1.00125 0.00390732 -1.46077e-20 
1.00125 0.00390732 -3.02601e-20 
1.00125 0.00390732 -4.1297e-20 
1.00125 0.00390732 -7.16794e-22 
1.00125 0.00390732 -1.22141e-22 
1.00125 0.00390732 1.23701e-21 
1.00125 0.00390732 -1.51875e-34 
1.00125 0.00390732 0 
1.00125 0.00390732 0 
1.00125 0.00390732 -1.23701e-21 
1.00125 0.00390732 1.10695e-22 
1.00125 0.00390732 3.94438e-20 
1.00125 0.00390732 3.2738e-20 
1.00125 0.00390732 5.75472e-21 
1.00125 0.00390732 -8.49009e-20 
1.00125 0.00390732 -1.74059e-19 
1.00125 0.00390732 -8.82501e-19 
1.00011 0.00035721 -1.34463e-19 
1.00011 0.00035721 4.74262e-21 
1.00011 0.00035721 -6.84552e-22 
1.00011 0.00035721 -3.37364e-22 
1.00011 0.00035721 -4.42377e-22 
1.00011 0.00035721 -5.05025e-22 
1.00011 0.00035721 -9.06011e-26 
1.00011 0.00035721 -1.31601e-25 
1.00011 0.00035721 0 
1.00011 0.00035721 0 
1.00011 0.00035721 0 
1.00011 0.00035721 0 
1.00011 0.00035721 0 
1.00011 0.00035721 1.24531e-25 
1.00011 0.00035721 4.46122e-22 
1.00011 0.00035721 4.32223e-22 
1.00011 0.00035721 1.90924e-22 
1.00011 0.00035721 9.49411e-22 
1.00011 0.00035721 -7.10033e-21 
1.00011 0.00035721 -3.06765e-20 
1.00001 3.11876e-05 -4.34189e-21 
1.00001 3.11876e-05 -3.76859e-22 
1.00001 3.11876e-05 -1.5242e-23 
1.00001 3.11876e-05 -9.9949e-24 
1.00001 3.11876e-05 -5.75139e-24 
1.00001 3.11876e-05 -3.77941e-24 
1.00001 3.11876e-05 8.31067e-29 
1.00001 3.11876e-05 -6.89672e-29 
1.00001 3.11876e-05 0 
1.00001 3.11876e-05 0 
1.00001 3.11876e-05 0 
1.00001 3.11876e-05 0 
1.00001 3.11876e-05 0 
1.00001 3.11876e-05 5.48915e-29 
1.00001 3.11876e-05 3.07675e-24 
1.00001 3.11876e-05 4.37934e-24 
1.00001 3.11876e-05 6.58627e-24 
1.00001 3.11876e-05 3.78595e-23 
1.00001 3.11876e-05 -1.48575e-22 
1.00001 3.11876e-05 -5.52006e-22 
1 2.5208e-06 -1.08304e-22 
1 2.5208e-06 -2.82247e-23 
1 2.5208e-06 -3.18272e-25 
1 2.5208e-06 -2.67605e-25 
1 2.5208e-06 -9.10523e-26 
1 2.5208e-06 -2.04312e-26 
1 2.5208e-06 3.77901e-31 
1 2.5208e-06 -1.4792e-32 
1 2.5208e-06 0 
1 2.5208e-06 0 
1 2.5208e-06 0 
1 2.5208e-06 0 
1 2.5208e-06 0 
1 2.5208e-06 0 
1 2.5208e-06 1.40726e-26 
1 2.5208e-06 4.34672e-26 
1 2.5208e-06 1.95612e-25 
1 2.5208e-06 7.75345e-25 
1 2.5208e-06 -3.40751e-26 
1 2.5208e-06 2.5508e-24 
1 1.83296e-07 9.50449e-25 
1 1.83296e-07 -4.11414e-25 
1 1.83296e-07 -7.17207e-27 
1 1.83296e-07 -5.55212e-27 
1 1.83296e-07 -1.38311e-27 
1 1.83296e-07 -8.67056e-29 
1 1.83296e-07 4.57315e-35 
1 1.83296e-07 -1.92718e-42 
1 1.83296e-07 0 
1 1.83296e-07 0 
1 1.83296e-07 0 
1 1.83296e-07 0 
1 1.83296e-07 0 
1 1.83296e-07 0 
1 1.83296e-07 4.35959e-29 
1 1.83296e-07 3.87578e-28 
1 1.83296e-07 4.56229e-27 
1 1.83296e-07 1.41286e-26 
1 1.83296e-07 1.73146e-25 
1 1.83296e-07 1.10542e-24 
1 1.16814e-08 3.00576e-25 
1 1.16814e-08 -8.97605e-27 
1 1.16814e-08 -1.22773e-28 
1 1.16814e-08 -8.53013e-29 
1 1.16814e-08 -1.57665e-29 
1 1.16814e-08 -3.02002e-31 
1 1.16814e-08 7.59852e-38 
1 1.16814e-08 0 
1 1.16814e-08 0 
1 1.16814e-08 0 
1 1.16814e-08 0 
1 1.16814e-08 0 
1 1.16814e-08 0 
1 1.16814e-08 0 
1 1.16814e-08 9.10544e-32 
1 1.16814e-08 2.70503e-30 
1 1.16814e-08 7.95183e-29 
1 1.16814e-08 1.99307e-28 
1 1.16814e-08 2.32992e-27 
1 1.16814e-08 1.27657e-26 
1 6.39355e-10 4.08058e-27 
1 6.39355e-10 -2.05687e-28 
1 6.39355e-10 -1.13121e-30 
1 6.39355e-10 -9.68667e-31 
1 6.39355e-10 -1.28916e-31 
1 6.39355e-10 -8.61806e-34 
1 6.39355e-10 9.74565e-41 
1 6.39355e-10 0 
1 6.39355e-10 0 
1 6.39355e-10 0 
1 6.39355e-10 0 
1 6.39355e-10 0 
1 6.39355e-10 0 
1 6.39355e-10 0 
1 6.39355e-10 1.25628e-34 
1 6.39355e-10 1.40546e-32 
1 6.39355e-10 1.00413e-30 
1 6.39355e-10 1.84371e-30 
1 6.39355e-10 3.42199e-29 
1 6.39355e-10 5.31086e-28 
1 2.95794e-11 6.24588e-29 
1 2.95794e-11 -3.63544e-30 
1 2.95794e-11 2.66841e-32 
1 2.95794e-11 -8.243e-33 
1 2.95794e-11 -7.6932e-34 
1 2.95794e-11 -1.85761e-36 
1 2.95794e-11 9.06351e-44 
1 2.95794e-11 0 
1 2.95794e-11 0 
1 2.95794e-11 0 
1 2.95794e-11 0 
1 2.95794e-11 0 
1 2.95794e-11 0 
1 2.95794e-11 0 
1 2.95794e-11 1.09406e-37 
1 2.95794e-11 5.41539e-35 
1 2.95794e-11 9.21828e-33 
1 2.95794e-11 -4.45533e-33 
1 2.95794e-11 6.0314e-31 
1 2.95794e-11 2.1531e-29 
1 1.14099e-12 8.80197e-31 
1 1.14099e-12 -4.74705e-32 
1 1.14099e-12 1.10971e-33 
1 1.14099e-12 -5.34389e-35 
1 1.14099e-12 -3.42964e-36 
1 1.14099e-12 -8.29304e-41 
1 1.14099e-12 5.73468e-47 
1 1.14099e-12 0 
1 1.14099e-12 0 
1 1.14099e-12 0 
1 1.14099e-12 0 
1 1.14099e-12 0 
1 1.14099e-12 0 
1 1.14099e-12 0 
1 1.14099e-12 5.43837e-41 
1 1.14099e-12 1.55752e-37 
1 1.14099e-12 6.2701e-35 
1 1.14099e-12 -1.72124e-33 
1 1.14099e-12 9.26242e-33 
1 1.14099e-12 5.27201e-31 
1 3.6455e-14 7.59773e-33 
1 3.6455e-14 -4.65444e-34 
1 3.6455e-14 8.74123e-36 
1 3.6455e-14 -2.67765e-37 
1 3.6455e-14 -1.16257e-38 
1 3.6455e-14 1.79685e-41 
1 3.6455e-14 2.21222e-50 
1 3.6455e-14 0 
1 3.6455e-14 0 
1 3.6455e-14 0 
1 3.6455e-14 0 
1 3.6455e-14 0 
1 3.6455e-14 0 
1 3.6455e-14 0 
1 3.6455e-14 1.17498e-44 
1 3.6455e-14 3.35633e-40 
1 3.6455e-14 3.22353e-37 
1 3.6455e-14 -8.75698e-36 
1 3.6455e-14 1.17196e-34 
1 3.6455e-14 9.46088e-33 
1 9.1377e-16 -2.02911e-34 
1 9.1377e-16 -3.53216e-36 
1 9.1377e-16 3.58634e-38 
1 9.1377e-16 -1.04822e-39 
1 9.1377e-16 -3.02911e-41 
1 9.1377e-16 3.94789e-44 
1 9.1377e-16 3.93769e-54 
1 9.1377e-16 0 
1 9.1377e-16 0 
1 9.1377e-16 0 
1 9.1377e-16 0 
1 9.1377e-16 0 
1 9.1377e-16 0 
1 9.1377e-16 0 
1 9.1377e-16 0 
1 9.1377e-16 5.39963e-43 
1 9.1377e-16 1.27238e-39 
1 9.1377e-16 -2.3624e-38 
1 9.1377e-16 1.18256e-36 
1 9.1377e-16 1.20044e-34 
1 2.04029e-18 -8.97109e-36 
1 2.04029e-18 -2.14039e-38 
1 2.04029e-18 9.78291e-41 
1 2.04029e-18 -3.22738e-42 
1 2.04029e-18 -6.09167e-44 
1 2.04029e-18 4.3381e-47 
1 2.04029e-18 0 
1 2.04029e-18 0 
1 2.04029e-18 0 
1 2.04029e-18 0 
1 2.04029e-18 0 
1 2.04029e-18 0 
1 2.04029e-18 0 
1 2.04029e-18 0 
1 2.04029e-18 0 
1 2.04029e-18 6.39529e-46 
1 2.04029e-18 3.89458e-42 
1 2.04029e-18 -5.76657e-41 
1 2.04029e-18 9.41571e-39 
1 2.04029e-18 1.09001e-36 
1 0 -7.06839e-38 
1 0 -1.06366e-40 
1 0 2.27046e-43 
1 0 -7.8329e-45 
1 0 -9.43222e-47 
1 0 2.47225e-50 
1 0 0 
1 0 0 
1 0 0 
1 0 0 
1 0 0 
1 0 0 
1 0 0 
1 0 0 
1 0 0 
1 0 5.41629e-49 
1 0 9.28169e-45 
1 0 -1.60503e-43 
1 0 5.93615e-41 
1 0 7.42698e-39 
1 0 -3.06984e-40 
1 0 -4.41906e-43 
1 0 5.41007e-46 
1 0 -1.49383e-47 
1 0 -1.11345e-49 
1 0 6.7659e-54 
1 0 0 
1 0 0 
1 0 0 
1 0 0 
1 0 0 
1 0 0 
1 0 0 
1 0 0 
1 0 0 
1 0 3.10496e-52 
1 0 1.7186e-47 
1 0 -4.80121e-46 
1 0 2.98844e-43 
1 0 4.00026e-41 
1 0 -9.94892e-43 
1 0 -1.55112e-45 
1 0 1.34423e-48 
1 0 -2.20572e-50 
1 0 -9.82962e-53 
1 0 1.27851e-57 
1 0 0 
1 0 0 
1 0 0 
1 0 0 
1 0 0 
1 0 0 
1 0 0 
1 0 0 
1 0 0 
1 0 1.07959e-55 
1 0 2.44932e-50 
1 0 -1.34126e-48 
1 0 1.21173e-45 
1 0 1.78211e-43 
1 0 -3.06548e-45 
1 0 -4.61036e-48 
1 0 3.18451e-51 
1 0 -2.29897e-53 
1 0 -6.27718e-56 
1 0 7.70455e-62 
1 0 0 
1 0 0 
1 0 0 
1 0 0 
1 0 0 
1 0 0 
1 0 0 
1 0 0 
1 0 0 
1 0 1.71907e-59 
1 0 2.63697e-53 
1 0 -3.26947e-51 
1 0 3.98409e-48 
1 0 6.78067e-46 
1 0 -9.49264e-48 
1 0 -1.15582e-50 
1 0 6.65768e-54 
1 0 1.18871e-56 
1 0 -2.7369e-59 
1 0 1.18066e-65 
1 0 0 
1 0 0 
1 0 0 
1 0 0 
1 0 0 
1 0 0 
1 0 0 
1 0 0 
1 0 0 
1 0 0 
1 0 2.07538e-56 
1 0 -6.80206e-54 
1 0 1.06674e-50 
1 0 2.23629e-48 
1 0 -2.72277e-50 
1 0 -2.42517e-53 
1 0 1.17742e-56 
1 0 1.42197e-58 
1 0 -7.29011e-63 
1 0 0 
1 0 0 
1 0 0 
1 0 0 
1 0 0 
1 0 0 
1 0 0 
1 0 0 
1 0 0 
1 0 0 
1 0 0 
1 0 1.12711e-59 
1 0 -1.1921e-56 
1 0 2.32922e-53 
1 0 6.38848e-51 
1 0 -6.74968e-53 
1 0 -4.21683e-56 
1 0 1.7213e-59 
1 0 1.16965e-61 
1 0 -8.9629e-67 
1 0 0 
1 0 0 
1 0 0 
1 0 0 
1 0 0 
1 0 0 
1 0 0 
1 0 0 
1 0 0 
1 0 0 
1 0 0 
1 0 3.77676e-63 
1 0 -1.73246e-59 
1 0 4.14092e-56 
1 0 1.5655e-53 
1 0 -1.39767e-55 
1 0 -6.00602e-59 
1 0 2.04206e-62 
1 0 3.28559e-65 
1 0 0 
1 0 0 
1 0 0 
1 0 0 
1 0 0 
1 0 0 
1 0 0 
1 0 0 
1 0 0 
1 0 0 
1 0 0 
1 0 0 
1 0 5.88642e-67 
1 0 -2.04878e-62 
1 0 5.96405e-59 
1 0 3.24962e-56 
1 0 -2.37179e-58 
1 0 -6.91068e-62 
1 0 1.92517e-65 
1 0 8.36288e-69 
1 0 0 
1 0 0 
1 0 0 
1 0 0 
1 0 0 
1 0 0 
1 0 0 
1 0 0 
1 0 0 
1 0 0 
1 0 0 
1 0 0 
1 0 0 
1 0 -1.92833e-65 
1 0 6.89574e-62 
1 0 5.64198e-59 
1 0 -3.24914e-61 
1 0 -6.31114e-65 
1 0 1.40335e-68 
1 0 1.13196e-72 
1 0 0 
1 0 0 
1 0 0 
1 0 0 
1 0 0 
1 0 0 
1 0 0 
1 0 0 
1 0 0 
1 0 0 
1 0 0 
1 0 0 
1 0 0 
1 0 -1.40445e-68 
1 0 6.30803e-65 
1 0 8.08788e-62 
1 0 -3.53468e-64 
1 0 -4.46474e-68 
1 0 7.60524e-72 
1 0 0 
1 0 0 
1 0 0 
1 0 0 
1 0 0 
1 0 0 
1 0 0 
1 0 0 
1 0 0 
1 0 0 
1 0 0 
1 0 0 
1 0 0 
1 0 0 
1 0 -7.60769e-72 
1 0 4.46423e-68 
1 0 9.43224e-65 
1 0 -2.98867e-67 
1 0 -2.36003e-71 
1 0 2.87789e-75 
1 0 0 
1 0 0 
1 0 0 
1 0 0 
1 0 0 
1 0 0 
1 0 0 
1 0 0 
1 0 0 
1 0 0 
1 0 0 
1 0 0 
1 0 0 
1 0 0 
1 0 -2.87813e-75 
1 0 2.35986e-71 
1 0 8.78095e-68 
1 0 -1.90468e-70 
1 0 -8.78777e-75 
1 0 6.76939e-79 
1 0 0 
1 0 0 
1 0 0 
1 0 0 
1 0 0 
1 0 0 
1 0 0 
1 0 0 
1 0 0 
1 0 0 
1 0 0 
1 0 0 
1 0 0 
1 0 0 
1 0 -6.76939e-79 
1 0 8.78744e-75 
1 0 6.35608e-71 
1 0 -8.73355e-74 
1 0 -2.06217e-78 
1 0 7.42704e-83 
1 0 0 
1 0 0 
1 0 0 
1 0 0 
1 0 0 
1 0 0 
1 0 0 
1 0 0 
1 0 0 
1 0 0 
1 0 0 
1 0 0 
1 0 0 
1 0 0 
1 0 -7.42704e-83 
1 0 2.06214e-78 
1 0 3.44031e-74 
1 0 -2.6704e-77 
1 0 -2.30377e-82 
1 0 0 
1 0 0 
1 0 0 
1 0 0 
1 0 0 
1 0 0 
1 0 0 
1 0 0 
1 0 0 
1 0 0 
1 0 0 
1 0 0 
1 0 0 
1 0 0 
1 0 0 
1 0 0 
1 0 2.30377e-82 
1 0 1.30731e-77 
1 0 -4.72896e-81 
1 0 0 
1 0 0 
1 0 0 
1 0 0 
1 0 0 
1 0 0 
1 0 0 
1 0 0 
1 0 0 
1 0 0 
1 0 0 
1 0 0 
1 0 0 
1 0 0 
1 0 0 
1 0 0 
1 0 0 
1 0 0 
1 0 3.10337e-81 
1 0 -3.45319e-85 
1 0 0 
1 0 0 
1 0 0 
1 0 0 
1 0 0 
1 0 0 
1 0 0 
1 0 0 
1 0 0 
1 0 0 
1 0 0 
1 0 0 
1 0 0 
1 0 0 
1 0 0 
1 0 0 
1 0 0 
1 0 0 
1 0 3.45319e-85 
1 0 0 
1 0 0 
1 0 0 
1 0 0 
1 0 0 
1 0 0 
1 0 0 
1 0 0 
1 0 0 
1 0 0 
1 0 0 
1 0 0 
1 0 0 
1 0 0 
1 0 0 
1 0 0 
1 0 0 
1 0 0 
1 0 0 
1 0 0 
1 0 0 
1 0 0 
1 0 0 
1 0 0 
1 0 0 
1 0 0 
1 0 0 
1 0 0 
1 0 0 
1 0 0 
1 0 0 
1 0 0 
1 0 0 
1 0 0 
1 0 0 
1 0 0 
1 0 0 
1 0 0 
1 0 0 
1 0 0 
1 0 0 
1 0 0 
1 0 0 
1 0 0 
1 0 0 
1 0 0 
1 0 0 
1 0 0 
1 0 0 
1 0 0 
1 0 0 
1 0 0 
1 0 0 
1 0 0 
1 0 0 
1 0 0 
1 0 0 
1 0 0 
1 0 0 
1 0 0 
1 0 0 
1 0 0 
1 0 0 
1 0 0 
1 0 0 
1 0 0 
1 0 0 
1 0 0 
1 0 0 
1 0 0 
1 0 0 
1 0 0 
1 0 0 
1 0 0 
1 0 0 
1 0 0 
1 0 0 
1 0 0 
1 0 0 
1 0 0 
1 0 0 
1 0 0 
1 0 0 
1 0 0 
1 0 0 
1 0 0 
1 0 0 
1 0 0 
1 0 0 
1 0 0 
1 0 0 
1 0 0 
1 0 0 
1 0 0 
1 0 0 
1 0 0 
1 0 0 
1 0 0 
1 0 0 
1 0 0 
1 0 0 
1 0 0 
1 0 0 
1 0 0 
1 0 0 
1 0 0 
1 0 0 
1 0 0 
1 0 0 
1 0 0 
1 0 0 
1 0 0 
1 0 0 
1 0 0 
1 0 0 
1 0 0 
1 0 0 
1 0 0 
1 0 0 
1 0 0 
1 0 0 
1 0 0 
1 0 0 
1 0 0 
1 0 0 
1 0 0 
1 0 0 
1 0 0 
1 0 0 
1 0 0 
1 0 0 
1 0 0 
1 0 0 
1 0 0 
1 0 0 
1 0 0 
1 0 0 
1 0 0 
1 0 0 
1 0 0 
1 0 0 
1 0 0 
1 0 0 
1 0 0 
1 0 0 
1 0 0 
1 0 0 
1 0 0 
1 0 0 
1 0 0 
1 0 0 
1 0 0 
1 0 0 
1 0 0 
1 0 0 
1 0 0 
1 0 0 
1 0 0 
1 0 0 
1 0 0 
1 0 0 
1 0 0 
1 0 0 
1 0 0 
1 0 0 
1 0 0 
1 0 0 
1 0 0 
1 0 0 
1 0 0 
1 0 0 
1 0 0 
1 0 0 
1 0 0 
1 0 0 
1 0 0 
1 0 0 
1 0 0 
1 0 0 
1 0 0 
1 0 0 
1 0 0 
1 0 0 
1 0 0 
1 0 0 
1 0 0 
1 0 0 
1 0 0 
1 0 0 
1 0 0 
1 0 0 
1 0 0 
1 0 0 
1 0 0 
1 0 0 
1 0 0 
1 0 0 
1 0 0 
1 0 0 
1 0 0 
1 0 0 
1 0 0 
1 0 0 
1 0 0 
1 0 0 
1 0 0 
1 0 0 
1 0 0 
1 0 0 
1 0 0 
1 0 0 
1 0 0 
1 0 0 
1 0 0 
1 0 0 
1 0 0 
1 0 0 
1 0 0 
1 0 0 
1 0 0 
1 0 0 
1 0 0 
1 0 0 
1 0 0 
1 0 0 
1 0 0 
1 0 0 
1 0 0 
1 0 0 
1 0 0 
1 0 0 
1 0 0 
1 0 0 
1 0 0 
1 0 0 
1 0 0 
1 0 0 
1 0 0 
1 0 0 
1 0 0 
1 0 0 
1 0 0 
1 0 0 
1 0 0 
1 0 0 
1 0 0 
1 0 0 
1 0 0 
1 0 0 
1 0 0 
1 0 0 
1 0 0 
1 0 0 
1 0 0 
1 0 0 
1 0 0 
1 0 0 
1 0 0 
1 0 0 
1 0 0 
1 0 0 
1 0 0 
1 0 0 
1 0 0 
1 0 0 
1 0 0 
1 0 0 
1 0 0 
1 0 0 
1 0 0 
1 0 0 
1 0 0 
1 0 0 
1 0 0 
1 0 0 
1 0 0 
1 0 0 
1 0 0 
1 0 0 
1 0 0 
1 0 0 
1 0 0 
1 0 0 
1 0 0 
1 0 0 
1 0 0 
1 0 0 
1 0 0 
1 0 0 
1 0 0 
1 0 0 
1 0 0 
1 0 0 
1 0 0 
1 0 0 
1 0 0 
1 0 0 
1 0 0 
1 0 0 
1 0 0 
1 0 0 
1 0 0 
1 0 0 
1 0 0 
1 0 0 
1 0 0 
1 0 0 
1 0 0 
1 0 0 
1 0 0 
1 0 0 
1 0 0 
1 0 0 
1 0 0 
1 0 0 
1 0 0 
1 0 0 
1 0 0 
1 0 0 
1 0 0 
1 0 0 
1 0 0 
1 0 0 
1 0 0 
1 0 0 
1 0 0 
1 0 0 
1 0 0 
1 0 0 
1 0 0 
1 0 0 
1 0 0 
1 0 0 
1 0 0 
1 0 0 
1 0 0 
1 0 0 
1 0 0 
1 0 0 
1 0 0 
1 0 0 
1 0 0 
1 0 0 
1 0 0 
1 0 0 
1 0 0 
1 0 0 
1 0 0 
1 0 0 
1 0 0 
1 0 0 
1 0 0 
1 0 0 
1 0 0 
1 0 0 
1 0 0 
1 0 0 
1 0 0 
1 0 0 
1 0 0 
1 1.18456e-63 0 
1 4.61233e-65 0 
1 7.37103e-64 0 
1 3.85389e-62 0 
1 1.59557e-60 0 
1 5.3023e-59 0 
1 1.43434e-57 0 
1 3.19156e-56 0 
1 5.87403e-55 0 
1 8.96135e-54 0 
1 1.13212e-52 0 
1 1.17671e-51 0 
1 9.93479e-51 0 
1 6.73382e-50 0 
1 3.69743e-49 0 
1 8.34743e-49 0 
1 3.17466e-49 0 
1 -5.9227e-48 0 
1 -1.57651e-47 0 
1 7.88327e-47 0 
1 4.11122e-50 0 
1 1.8034e-48 0 
1 8.08785e-47 0 
1 2.97641e-45 0 
1 9.01703e-44 0 
1 2.26445e-42 0 
1 4.73892e-41 0 
1 8.29893e-40 0 
1 1.21983e-38 0 
1 1.50859e-37 0 
1 1.57393e-36 0 
1 1.36115e-35 0 
1 1.00988e-34 0 
1 3.58474e-34 0 
1 2.71941e-34 0 
1 -3.94149e-33 0 
1 -3.04013e-32 0 
1 -1.3098e-31 0 
1 -4.15321e-31 0 
1 -1.06797e-30 0 
1 -2.84728e-38 3.38678e-38 
1 -1.90503e-36 0 
1 -1.02243e-34 0 
1 -4.43503e-33 0 
1 -1.57353e-31 0 
1 -4.61903e-30 0 
1 -1.13323e-28 0 
1 -2.34323e-27 0 
1 -4.1108e-26 0 
1 -6.14923e-25 0 
1 -7.87097e-24 0 
1 -8.6399e-23 0 
1 -8.14166e-22 0 
1 -6.58609e-21 0 
1 -4.56891e-20 0 
1 -2.71284e-19 0 
1 -1.37506e-18 0 
1 -5.92854e-18 0 
1 -2.17254e-17 0 
1 -6.63662e-17 0 
1 -1.61298e-16 0 
1 -2.22121e-16 -8.60706e-17 
1 -5.73486e-43 1.17795e-40 
1 -5.4289e-45 4.01877e-40 
1 -1.43225e-43 0 
1 -1.52073e-41 0 
1 -1.28447e-39 0 
1 -8.62663e-38 0 
1 -4.63546e-36 0 
1 -2.01378e-34 0 
1 -7.15789e-33 0 
1 -2.1058e-31 0 
1 -5.17996e-30 0 
1 -1.07445e-28 0 
1 -1.89196e-27 0 
1 -2.84252e-26 0 
1 -3.65692e-25 0 
1 -4.03758e-24 0 
1 -3.82983e-23 0 
1 -3.12113e-22 0 
1 -2.18362e-21 0 
1 -1.30977e-20 0 
1 -6.72663e-20 0 
1 -2.95811e-19 0 
1 -1.11839e-18 -3.06754e-17 
1 -3.66852e-18 -2.59672e-17 
1 -9.74958e-49 4.53077e-46 
1 -4.77946e-51 2.40441e-43 
1 -1.91439e-53 1.10947e-42 
1 1.61979e-53 3.79033e-42 
1 4.03158e-51 0 
1 8.18137e-49 0 
1 1.3458e-46 0 
1 1.78066e-44 0 
1 1.88063e-42 0 
1 1.5768e-40 0 
1 1.04902e-38 0 
1 5.57035e-37 0 
1 2.38503e-35 0 
1 8.33036e-34 0 
1 2.4e-32 0 
1 5.75828e-31 0 
1 1.15942e-29 0 
1 1.97059e-28 0 
1 2.84071e-27 0 
1 3.49016e-26 0 
1 3.67464e-25 0 
1 3.32887e-24 0 
1 2.59768e-23 0 
1 1.75049e-22 0 
1 1.00997e-21 -9.2871e-18 
1 4.49564e-21 -9.38704e-18 
1 7.58964e-21 -2.64371e-18 
1 -8.40263e-21 -3.29896e-19 
1 -6.29595e-52 2.48398e-49 
1 -2.5195e-54 2.74154e-48 
1 -1.07383e-56 1.80702e-45 
1 -9.03396e-55 8.3514e-45 
1 -2.74922e-52 2.85616e-44 
1 -6.86191e-50 0 
1 -1.39851e-47 0 
1 -2.31304e-45 0 
1 -3.08195e-43 0 
1 -3.2846e-41 0 
1 -2.78634e-39 0 
1 -1.88139e-37 0 
1 -1.01743e-35 0 
1 -4.45275e-34 0 
1 -1.59589e-32 0 
1 -4.73821e-31 0 
1 -1.17727e-29 0 
1 -2.46873e-28 0 
1 -4.39926e-27 0 
1 -6.69711e-26 0 
1 -8.74389e-25 0 
1 -9.8179e-24 0 
1 -9.49598e-23 0 
1 -7.91613e-22 0 
1 -5.68435e-21 0 
1 -3.50939e-20 -2.3798e-18 
1 -1.85659e-19 -2.94806e-18 
1 -8.38058e-19 -7.99842e-19 
1 -3.20585e-18 -7.90505e-20 
1 -1.04682e-17 -3.41978e-18 
1 -3.05701e-58 2.63103e-55 
1 -8.23952e-61 2.62668e-52 
1 -1.04523e-61 1.21666e-51 
1 -5.63605e-59 1.34601e-50 
1 -2.53738e-56 1.09374e-47 
1 -9.38527e-54 5.06113e-47 
1 -2.85266e-51 1.73234e-46 
1 -7.10903e-49 0 
1 -1.44607e-46 0 
1 -2.38588e-44 0 
1 -3.16913e-42 0 
1 -3.36407e-40 0 
1 -2.8393e-38 0 
1 -1.90507e-36 0 
1 -1.02243e-34 0 
1 -4.43503e-33 0 
1 -1.57353e-31 0 
1 -4.61905e-30 0 
1 -1.13325e-28 0 
1 -2.34345e-27 0 
1 -4.11205e-26 0 
1 -6.1542e-25 0 
1 -7.88551e-24 0 
1 -8.67243e-23 0 
1 -8.19854e-22 0 
1 -6.66475e-21 0 
1 -4.65528e-20 0 
1 -2.78815e-19 -5.17903e-19 
1 -1.42657e-18 -7.89693e-19 
1 -6.20641e-18 -2.07541e-19 
1 -2.27668e-17 -1.64335e-20 
1 -7.129e-17 -9.58348e-19 
1 -1.6191e-16 -3.78495e-17 
1 -2.75597e-16 -9.22025e-17 
1 -1.08379e-61 7.77252e-59 
1 -2.39984e-64 8.62864e-58 
1 -4.35483e-67 1.05009e-54 
1 -6.51959e-70 4.86775e-54 
1 -8.16962e-69 5.3955e-53 
1 -6.84829e-66 5.37115e-50 
1 -4.62478e-63 2.48785e-49 
1 -2.54214e-60 8.52114e-49 
1 -1.14462e-57 0 
1 -4.23428e-55 0 
1 -1.28722e-52 0 
1 -3.20852e-50 0 
1 -6.52826e-48 0 
1 -1.07746e-45 0 
1 -1.43179e-43 0 
1 -1.52073e-41 0 
1 -1.28447e-39 0 
1 -8.62664e-38 0 
1 -4.63547e-36 0 
1 -2.01379e-34 0 
1 -7.15794e-33 0 
1 -2.10584e-31 0 
1 -5.18027e-30 0 
1 -1.07465e-28 0 
1 -1.89292e-27 0 
1 -2.84603e-26 0 
1 -3.66663e-25 0 
1 -4.05825e-24 0 
1 -3.86422e-23 -9.60589e-20 
1 -3.16631e-22 -1.80517e-19 
1 -2.23079e-21 -4.61598e-20 
1 -1.34905e-20 -2.9607e-21 
1 -6.98808e-20 -2.00717e-19 
1 -3.09793e-19 -1.24667e-17 
1 -1.17883e-18 -3.30458e-17 
1 -3.88808e-18 -2.64723e-17 
1 -1.603e-68 2.49998e-65 
1 -2.36628e-71 4.51033e-62 
1 -2.81474e-74 2.09321e-61 
1 -2.65472e-77 2.32672e-60 
1 -1.9374e-80 3.44436e-57 
1 -1.05545e-83 1.59766e-56 
1 -5.99124e-83 1.77361e-55 
1 -1.57098e-79 2.15343e-52 
1 -2.88512e-76 9.98226e-52 
1 -3.94772e-73 3.42083e-51 
1 -4.17885e-70 0 
1 -3.50644e-67 0 
1 -2.37018e-64 0 
1 -1.30426e-61 0 
1 -5.88013e-59 0 
1 -2.17861e-56 0 
1 -6.63543e-54 0 
1 -1.65775e-51 0 
1 -3.38263e-49 0 
1 -5.60302e-47 0 
1 -7.47978e-45 0 
1 -7.99091e-43 0 
1 -6.79951e-41 0 
1 -4.60865e-39 0 
1 -2.50376e-37 0 
1 -1.10168e-35 0 
1 -3.97313e-34 0 
1 -1.1881e-32 0 
1 -2.97634e-31 0 
1 -6.30069e-30 0 
1 -1.1351e-28 -1.5239e-20 
1 -1.75e-27 -3.52324e-20 
1 -2.31859e-26 -8.79995e-21 
1 -2.64788e-25 -4.62069e-22 
1 -2.61149e-24 -3.70114e-20 
1 -2.22624e-23 -3.46511e-18 
1 -1.64024e-22 -9.93697e-18 
1 -1.04345e-21 -9.85032e-18 
1 -5.7228e-21 -2.77708e-18 
1 -2.69958e-20 -2.25737e-19 
1 -3.11167e-72 4.07102e-69 
1 -3.70082e-75 4.53402e-68 
1 -3.48998e-78 9.98163e-65 
1 -2.54667e-81 4.6344e-64 
1 -1.38482e-84 5.15686e-63 
1 -5.27434e-88 9.28889e-60 
1 -1.25309e-91 4.31088e-59 
1 -2.08554e-91 4.79174e-58 
1 -1.87225e-87 7.07986e-55 
1 -7.87281e-84 3.28396e-54 
1 -2.06481e-80 1.12587e-53 
1 -3.79243e-77 0 
1 -5.1898e-74 0 
1 -5.49437e-71 0 
1 -4.61099e-68 0 
1 -3.11735e-65 0 
1 -1.71578e-62 0 
1 -7.73733e-60 0 
1 -2.86757e-57 0 
1 -8.73698e-55 0 
1 -2.18377e-52 0 
1 -4.45846e-50 0 
1 -7.39029e-48 0 
1 -9.87473e-46 0 
1 -1.0562e-43 0 
1 -9.0009e-42 0 
1 -6.11245e-40 0 
1 -3.32856e-38 0 
1 -1.46872e-36 0 
1 -5.31437e-35 0 
1 -1.59526e-33 0 
1 -4.0139e-32 -2.07403e-21 
1 -8.54004e-31 -5.88131e-21 
1 -1.54745e-29 -1.43967e-21 
1 -2.40163e-28 -6.24561e-23 
1 -3.20644e-27 -5.94085e-21 
1 -3.69453e-26 -8.12635e-19 
1 -3.68167e-25 -2.52279e-18 
1 -3.17686e-24 -3.09054e-18 
1 -2.37437e-23 -8.38658e-19 
1 -1.53636e-22 -5.76737e-20 
1 -8.59781e-22 -8.38653e-21 
1 -1.28141e-79 3.84968e-76 
1 -9.34471e-83 1.2931e-72 
1 -5.07865e-86 6.00786e-72 
1 -1.93336e-89 6.69624e-71 
1 -4.59136e-93 1.81045e-67 
1 -5.10779e-97 8.40887e-67 
1 0 9.36519e-66 
1 0 2.05897e-62 
1 0 9.55963e-62 
1 0 1.06373e-60 
1 0 1.91299e-57 
1 0 8.87797e-57 
1 0 3.04479e-56 
1 -7.63806e-93 0 
1 -6.85997e-89 0 
1 -2.88585e-85 0 
1 -7.57242e-82 0 
1 -1.39159e-78 0 
1 -1.90554e-75 0 
1 -2.01882e-72 0 
1 -1.69565e-69 0 
1 -1.14749e-66 0 
1 -6.32294e-64 0 
1 -2.85519e-61 0 
1 -1.05988e-58 0 
1 -3.23562e-56 0 
1 -8.10678e-54 0 
1 -1.66008e-51 0 
1 -2.76216e-49 0 
1 -3.70858e-47 0 
1 -3.99123e-45 0 
1 -3.42811e-43 0 
1 -2.35087e-41 0 
1 -1.29535e-39 -2.42702e-22 
1 -5.79513e-38 -8.41239e-22 
1 -2.13024e-36 -2.02392e-22 
1 -6.50922e-35 -7.30918e-24 
1 -1.67066e-33 -8.24813e-22 
1 -3.63379e-32 -1.61514e-19 
1 -6.7474e-31 -5.43018e-19 
1 -1.07594e-29 -8.25365e-19 
1 -1.48026e-28 -2.16764e-19 
1 -1.76333e-27 -1.26181e-20 
1 -1.82344e-26 -1.72812e-21 
1 -1.63961e-25 -4.42356e-22 
1 -1.28312e-24 -2.00867e-23 
1 -1.22834e-83 3.25203e-80 
1 -6.6751e-87 3.62907e-79 
1 -2.54087e-90 1.5374e-75 
1 -6.03363e-94 7.14481e-75 
1 -6.71183e-98 7.96866e-74 
1 0 2.67402e-70 
1 0 1.24237e-69 
1 0 1.38472e-68 
1 0 3.73955e-65 
1 0 1.73688e-64 
1 0 1.9344e-63 
1 0 4.24711e-60 
1 0 1.9719e-59 
1 0 6.76482e-59 
1 0 0 
1 0 0 
1 -1.00367e-93 0 
1 -9.01487e-90 0 
1 -3.79267e-86 0 
1 -9.95277e-83 0 
1 -1.82922e-79 0 
1 -2.50508e-76 0 
1 -2.65436e-73 0 
1 -2.22979e-70 0 
1 -1.50922e-67 0 
1 -8.31791e-65 0 
1 -3.75697e-62 0 
1 -1.39505e-59 0 
1 -4.26037e-57 0 
1 -1.0679e-54 0 
1 -2.18804e-52 0 
1 -3.64319e-50 0 
1 -4.89589e-48 0 
1 -5.27518e-46 0 
1 -4.53767e-44 -2.44499e-23 
1 -3.11761e-42 -1.03263e-22 
1 -1.72179e-40 -2.44765e-23 
1 -7.72403e-39 -7.4011e-25 
1 -2.84837e-37 -9.87917e-23 
1 -8.73573e-36 -2.73268e-20 
1 -2.2516e-34 -9.9623e-20 
1 -4.92103e-33 -1.874e-19 
1 -9.18794e-32 -4.78743e-20 
1 -1.47433e-30 -2.36774e-21 
1 -2.04299e-29 -3.07627e-22 
1 -2.45384e-28 -7.7048e-23 
1 -2.56172e-27 -3.01753e-24 
1 -2.32895e-26 -3.67747e-25 
1 -9.31379e-92 6.93711e-88 
1 -2.21073e-95 5.09993e-84 
1 -2.4583e-99 2.37114e-83 
1 0 2.64735e-82 
1 0 1.44938e-78 
1 0 6.7373e-78 
1 0 7.51841e-77 
1 0 3.18235e-73 
1 0 1.47894e-72 
1 0 1.64947e-71 
1 0 5.52963e-68 
1 0 2.56911e-67 
1 0 2.86346e-66 
1 0 7.72412e-63 
1 0 3.58755e-62 
1 0 1.23106e-61 
1 0 0 
1 0 0 
1 0 0 
1 0 0 
1 0 0 
1 0 0 
1 -3.67608e-95 0 
1 -3.30307e-91 0 
1 -1.39024e-87 0 
1 -3.65005e-84 0 
1 -6.71211e-81 0 
1 -9.19787e-78 0 
1 -9.75301e-75 0 
1 -8.19984e-72 0 
1 -5.55539e-69 0 
1 -3.06527e-66 0 
1 -1.38636e-63 0 
1 -5.15618e-61 0 
1 -1.57773e-58 0 
1 -3.96422e-56 0 
1 -8.14657e-54 -2.12082e-24 
1 -1.36154e-51 -1.08879e-23 
1 -1.83845e-49 -2.5477e-24 
1 -1.99297e-47 -6.47596e-26 
1 -1.72762e-45 -1.02029e-23 
1 -1.19838e-43 -3.9511e-21 
1 -6.69504e-42 -1.56508e-20 
1 -3.04405e-40 -3.62793e-20 
1 -1.13989e-38 -9.05336e-21 
1 -3.55666e-37 -3.81872e-22 
1 -9.34445e-36 -4.73688e-23 
1 -2.08606e-34 -1.16397e-23 
1 -3.987e-33 -3.9377e-25 
1 -6.56472e-32 -4.62463e-26 
1 -9.3587e-31 -1.11129e-26 
1 -1.15979e-29 -3.0854e-28 
1 -2.90519e-96 2.36262e-92 
1 -3.2303e-100 2.63998e-91 
1 0 2.77079e-87 
1 0 1.28847e-86 
1 0 1.43918e-85 
1 0 1.05735e-81 
1 0 4.91599e-81 
1 0 5.48865e-80 
1 0 3.0027e-76 
1 0 1.39578e-75 
1 0 1.5576e-74 
1 0 6.58728e-71 
1 0 3.06132e-70 
1 0 3.4143e-69 
1 0 1.14347e-65 
1 0 5.31264e-65 
1 0 1.82341e-64 
1 0 0 
1 0 0 
1 0 0 
1 0 0 
1 0 0 
1 0 0 
1 0 0 
1 0 0 
1 -4.83051e-96 0 
1 -4.34065e-92 0 
1 -1.82709e-88 0 
1 -4.79742e-85 0 
1 -8.82292e-82 0 
1 -1.20918e-78 0 
1 -1.28233e-75 0 
1 -1.07828e-72 0 
1 -7.30666e-70 0 
1 -4.0324e-67 0 
1 -1.82422e-64 0 
1 -6.78671e-62 0 
1 -2.0774e-59 -1.58247e-25 
1 -5.22201e-57 -9.86112e-25 
1 -1.07373e-54 -2.28172e-25 
1 -1.79579e-52 -4.88642e-27 
1 -2.42698e-50 -9.07867e-25 
1 -2.63398e-48 -4.89561e-22 
1 -2.28663e-46 -2.11304e-21 
1 -1.58907e-44 -6.00754e-21 
1 -8.89766e-43 -1.46954e-21 
1 -4.05631e-41 -5.30383e-23 
1 -1.52366e-39 -6.31607e-24 
1 -4.77107e-38 -1.52621e-24 
1 -1.25862e-36 -4.46352e-26 
1 -2.82274e-35 -5.07162e-27 
1 -5.42333e-34 -1.20223e-27 
1 -8.98291e-33 -2.90196e-29 
1 -1.28929e-31 -3.17638e-30 
1 0 3.35498e-101 
1 0 1.20547e-96 
1 0 5.60728e-96 
1 0 6.26766e-95 
1 0 1.05449e-90 
1 0 4.90432e-90 
1 0 5.48007e-89 
1 0 5.74831e-85 
1 0 2.67306e-84 
1 0 2.98574e-83 
1 0 2.19216e-79 
1 0 1.01921e-78 
1 0 1.13794e-77 
1 0 6.22073e-74 
1 0 2.89165e-73 
1 0 3.22689e-72 
1 0 1.36353e-68 
1 0 6.33675e-68 
1 0 2.1753e-67 
1 0 0 
1 0 0 
1 0 0 
1 0 0 
1 0 0 
1 0 0 
1 0 0 
1 0 0 
1 0 0 
1 0 0 
1 0 0 
1 0 0 
1 -1.76924e-97 0 
1 -1.59042e-93 0 
1 -6.69735e-90 0 
1 -1.75939e-86 0 
1 -3.23747e-83 0 
1 -4.43973e-80 0 
1 -4.7117e-77 0 
1 -3.96526e-74 0 
1 -2.68954e-71 -1.01346e-26 
1 -1.48598e-68 -7.66396e-26 
1 -6.73148e-66 -1.75604e-26 
1 -2.50836e-63 -3.16979e-28 
1 -7.69296e-61 -6.94832e-26 
1 -1.93841e-58 -5.20633e-23 
1 -3.99752e-56 -2.45754e-22 
1 -6.71067e-54 -8.53343e-22 
1 -9.11225e-52 -2.05207e-22 
1 -9.94904e-50 -6.35185e-24 
1 -8.70279e-48 -7.29622e-25 
1 -6.10494e-46 -1.73717e-25 
1 -3.45702e-44 -4.39189e-27 
1 -1.59678e-42 -4.84445e-28 
1 -6.08801e-41 -1.1345e-28 
1 -1.93844e-39 -2.37674e-30 
1 -5.20918e-38 -2.53721e-31 
1 -1.19237e-36 -5.86281e-32 
1 -2.34286e-35 -1.02668e-33 
1 0 0 
1 0 0 
1 0 1.34016e-100 
1 0 6.23456e-100 
1 0 6.97088e-99 
1 0 2.50357e-94 
1 0 1.16455e-93 
1 0 1.3017e-92 
1 0 2.18891e-88 
1 0 1.01804e-87 
1 0 1.13755e-86 
1 0 1.19255e-82 
1 0 5.54556e-82 
1 0 6.19424e-81 
1 0 4.5449e-77 
1 0 2.11308e-76 
1 0 2.35923e-75 
1 0 1.28875e-71 
1 0 5.99065e-71 
1 0 2.05682e-70 
1 0 0 
1 0 0 
1 0 0 
1 0 0 
1 0 0 
1 0 0 
1 0 0 
1 0 0 
1 0 0 
1 0 0 
1 0 0 
1 0 0 
1 0 0 
1 0 0 
1 -2.32485e-98 0 
1 -2.09002e-94 0 
1 -8.80186e-91 0 
1 -2.31244e-87 0 
1 -4.25558e-84 0 
1 -5.83659e-81 0 
1 -6.19495e-78 -5.55078e-28 
1 -5.21432e-75 -5.1e-27 
1 -3.53738e-72 -1.15854e-27 
1 -1.95482e-69 -1.7603e-29 
1 -8.85751e-67 -4.56141e-27 
1 -3.30156e-64 -4.75352e-24 
1 -1.01293e-61 -2.4649e-23 
1 -2.55343e-59 -1.04185e-22 
1 -5.26874e-57 -2.46877e-23 
1 -8.85083e-55 -6.56159e-25 
1 -1.2029e-52 -7.29987e-26 
1 -1.31485e-50 -1.71541e-26 
1 -1.1518e-48 -3.74547e-28 
1 -8.09439e-47 -4.02287e-29 
1 -4.59364e-45 -9.31875e-30 
1 -2.1273e-43 -1.69002e-31 
1 -8.13515e-42 -1.7637e-32 
1 -2.59921e-40 -4.03778e-33 
1 -7.0123e-39 -6.12028e-35 
1 -1.61223e-37 -6.23527e-36 
1 0 0 
1 0 0 
1 0 0 
1 0 0 
1 0 0 
1 0 0 
1 0 0 
1 0 2.78455e-98 
1 0 1.2954e-97 
1 0 1.44839e-96 
1 0 5.19954e-92 
1 0 2.41859e-91 
1 0 2.70343e-90 
1 0 4.54373e-86 
1 0 2.11324e-85 
1 0 2.36133e-84 
1 0 2.47407e-80 
1 0 1.15049e-79 
1 0 1.28506e-78 
1 0 9.42273e-75 
1 0 4.38095e-74 
1 0 1.50435e-73 
1 0 0 
1 0 0 
1 0 0 
1 0 0 
1 0 0 
1 0 0 
1 0 0 
1 0 0 
1 0 0 
1 0 0 
1 0 0 
1 0 0 
1 0 0 
1 0 0 
1 0 0 
1 0 0 
1 0 0 
1 0 0 
1 -8.51509e-100 0 
1 -7.65787e-96 0 
1 -3.2264e-92 -2.58687e-29 
1 -8.48057e-89 -2.89558e-28 
1 -1.56153e-85 -6.52777e-29 
1 -2.14301e-82 -8.32223e-31 
1 -2.27622e-79 -2.55837e-28 
1 -1.9175e-76 -3.72246e-25 
1 -1.30208e-73 -2.1318e-24 
1 -7.20368e-71 -1.09432e-23 
1 -3.26843e-68 -2.56025e-24 
1 -1.22023e-65 -5.84306e-26 
1 -3.75096e-63 -6.31803e-27 
1 -9.478e-61 -1.46749e-27 
1 -1.96145e-58 -2.76177e-29 
1 -3.30717e-56 -2.89612e-30 
1 -4.51573e-54 -6.64327e-31 
1 -4.96534e-52 -1.03927e-32 
1 -4.38222e-50 -1.06255e-33 
1 -3.10811e-48 -2.41223e-34 
1 -1.7834e-46 -3.14906e-36 
1 -8.36508e-45 -3.15155e-37 
1 -3.24567e-43 -7.09267e-38 
1 -1.05394e-41 -7.73177e-40 
1 0 0 
1 0 0 
1 0 0 
1 0 0 
1 0 0 
1 0 0 
1 0 0 
1 0 0 
1 0 0 
1 0 0 
1 0 0 
1 0 5.78566e-96 
1 0 2.69155e-95 
1 0 3.00942e-94 
1 0 1.07987e-89 
1 0 5.02303e-89 
1 0 5.6146e-88 
1 0 9.43186e-84 
1 0 4.38666e-83 
1 0 4.90164e-82 
1 0 5.13273e-78 
1 0 2.3868e-77 
1 0 8.19692e-77 
1 0 0 
1 0 0 
1 0 0 
1 0 0 
1 0 0 
1 0 0 
1 0 0 
1 0 0 
1 0 0 
1 0 0 
1 0 0 
1 0 0 
1 0 0 
1 0 0 
1 0 0 
1 0 0 
1 0 0 
1 0 0 
1 0 0 
1 0 0 
1 -1.11891e-100 -1.01896e-30 
1 -1.00634e-96 -1.39558e-29 
1 -4.24022e-93 -3.12495e-30 
1 -1.11464e-89 -3.32581e-32 
1 -2.0526e-86 -1.21946e-29 
1 -2.81726e-83 -2.49454e-26 
1 -2.99278e-80 -1.58767e-25 
1 -2.52151e-77 -9.88704e-25 
1 -1.71254e-74 -2.28756e-25 
1 -9.4765e-72 -4.4777e-27 
1 -4.30071e-69 -4.7202e-28 
1 -1.60609e-66 -1.08503e-28 
1 -4.93885e-64 -1.75472e-30 
1 -1.24851e-61 -1.80083e-31 
1 -2.58517e-59 -4.09457e-32 
1 -4.36181e-57 -5.49985e-34 
1 -5.961e-55 -5.51946e-35 
1 -6.56184e-53 -1.24357e-35 
1 -5.79944e-51 -1.38958e-37 
1 -4.12056e-49 -1.36835e-38 
1 -2.36941e-47 -3.05922e-39 
1 -1.11419e-45 -2.83999e-41 
1 -4.33576e-44 -2.75162e-42 
1 0 0 
1 0 0 
1 0 0 
1 0 0 
1 0 0 
1 0 0 
1 0 0 
1 0 0 
1 0 0 
1 0 0 
1 0 0 
1 0 0 
1 0 0 
1 0 0 
1 0 0 
1 0 0 
1 0 1.20213e-93 
1 0 5.59242e-93 
1 0 6.2529e-92 
1 0 2.24272e-87 
1 0 1.04321e-86 
1 0 1.16607e-85 
1 0 1.95786e-81 
1 0 9.10581e-81 
1 0 3.12751e-80 
1 0 0 
1 0 0 
1 0 0 
1 0 0 
1 0 0 
1 0 0 
1 0 0 
1 0 0 
1 0 0 
1 0 0 
1 0 0 
1 0 0 
1 0 0 
1 0 0 
1 0 0 
1 0 0 
1 0 0 
1 0 0 
1 0 0 
1 0 0 
1 0 -3.36402e-32 
1 0 -5.6718e-31 
1 0 -1.26235e-31 
1 0 -1.11367e-33 
1 -4.09818e-102 -4.90611e-31 
1 -3.68726e-98 -1.42536e-27 
1 -1.55429e-94 -1.01562e-26 
1 -4.08778e-91 -7.6733e-26 
1 -7.53175e-88 -1.75814e-26 
1 -1.03441e-84 -2.94456e-28 
1 -1.09964e-81 -3.03429e-29 
1 -9.27251e-79 -6.91046e-30 
1 -6.30368e-76 -9.56294e-32 
1 -3.49214e-73 -9.62541e-33 
1 -1.58695e-70 -2.17124e-33 
1 -5.93588e-68 -2.48935e-35 
1 -1.82885e-65 -2.45658e-36 
1 -4.63412e-63 -5.49695e-37 
1 -9.62351e-61 -5.2183e-39 
1 -1.62968e-58 -5.06382e-40 
1 -2.23749e-56 -1.12536e-40 
1 -2.47747e-54 -8.8164e-43 
1 -2.20576e-52 -8.43349e-44 
1 -1.58143e-50 -1.86329e-44 
1 -9.19199e-49 -1.1981e-46 
1 0 0 
1 0 0 
1 0 0 
1 0 0 
1 0 0 
1 0 0 
1 0 0 
1 0 0 
1 0 0 
1 0 0 
1 0 0 
1 0 0 
1 0 0 
1 0 0 
1 0 0 
1 0 0 
1 0 0 
1 0 0 
1 0 0 
1 0 0 
1 0 2.49775e-91 
1 0 1.16198e-90 
1 0 1.29921e-89 
1 0 4.65778e-85 
1 0 2.16658e-84 
1 0 7.4421e-84 
1 0 0 
1 0 0 
1 0 0 
1 0 0 
1 0 0 
1 0 0 
1 0 0 
1 0 0 
1 0 0 
1 0 0 
1 0 0 
1 0 0 
1 0 0 
1 0 0 
1 0 0 
1 0 0 
1 0 0 
1 0 0 
1 0 0 
1 0 0 
1 0 -9.21558e-34 
1 0 -1.92736e-32 
1 0 -4.26645e-33 
1 0 -3.09251e-35 
1 0 -1.65189e-32 
1 0 -6.90909e-29 
1 -5.38516e-103 -5.55871e-28 
1 -4.84552e-99 -5.10254e-27 
1 -2.04269e-95 -1.15911e-27 
1 -5.37276e-92 -1.6549e-29 
1 -9.90031e-89 -1.67097e-30 
1 -1.35986e-85 -3.77408e-31 
1 -1.44581e-82 -4.4443e-33 
1 -1.21934e-79 -4.39578e-34 
1 -8.29081e-77 -9.84521e-35 
1 -4.59393e-74 -9.5647e-37 
1 -2.08815e-71 -9.29677e-38 
1 -7.81289e-69 -2.06745e-38 
1 -2.40802e-66 -1.6525e-40 
1 -6.10435e-64 -1.58258e-41 
1 -1.26835e-61 -3.4982e-42 
1 -2.14934e-59 -2.28871e-44 
1 -2.95353e-57 -2.16442e-45 
1 -3.27391e-55 -4.75981e-46 
1 -2.91892e-53 -2.53199e-48 
1 -2.09637e-51 -2.36915e-49 
1 0 0 
1 0 0 
1 0 0 
1 0 0 
1 0 0 
1 0 0 
1 0 0 
1 0 0 
1 0 0 
1 0 0 
1 0 0 
1 0 0 
1 0 0 
1 0 0 
1 0 0 
1 0 0 
1 0 0 
1 0 0 
1 0 0 
1 0 0 
1 0 0 
1 0 0 
1 0 0 
1 0 0 
1 0 0 
1 0 5.18975e-89 
1 0 2.41432e-88 
1 0 8.29378e-88 
1 0 0 
1 0 0 
1 0 0 
1 0 0 
1 0 0 
1 0 0 
1 0 0 
1 0 0 
1 0 0 
1 0 0 
1 0 0 
1 0 0 
1 0 0 
1 0 0 
1 0 0 
1 0 0 
1 0 0 
1 0 0 
1 0 0 
1 0 0 
1 0 -2.07127e-35 
1 0 -5.42087e-34 
1 0 -1.19418e-34 
1 0 -7.03876e-37 
1 0 -4.60773e-34 
1 0 -2.82211e-30 
1 0 -2.58942e-29 
1 0 -2.89609e-28 
1 0 -6.52895e-29 
1 0 -7.90581e-31 
1 -1.97239e-104 -7.83838e-32 
1 -1.77541e-100 -1.75727e-32 
1 -7.48766e-97 -1.74859e-34 
1 -1.97038e-93 -1.70254e-35 
1 -3.63279e-90 -3.78881e-36 
1 -4.99295e-87 -3.09166e-38 
1 -5.31234e-84 -2.96447e-39 
1 -4.48391e-81 -6.55604e-40 
1 -3.05174e-78 -4.36647e-42 
1 -1.69287e-75 -4.13288e-43 
1 -7.70512e-73 -9.09183e-44 
1 -2.88748e-70 -4.91067e-46 
1 -8.91664e-68 -4.59753e-47 
1 -2.26568e-65 -1.00691e-47 
1 -4.7213e-63 -4.37971e-50 
1 -8.02976e-61 -4.0635e-51 
1 -1.10847e-58 -8.86678e-52 
1 -1.23583e-56 -3.08809e-54 
1 0 0 
1 0 0 
1 0 0 
1 0 0 
1 0 0 
1 0 0 
1 0 0 
1 0 0 
1 0 0 
1 0 0 
1 0 0 
1 0 0 
1 0 0 
1 0 0 
1 0 0 
1 0 0 
1 0 0 
1 0 0 
1 0 0 
1 0 0 
1 0 0 
1 0 0 
1 0 0 
1 0 0 
1 0 0 
1 0 0 
1 0 0 
1 0 0 
1 0 0 
1 0 0 
1 0 0 
1 0 0 
1 0 0 
1 0 0 
1 0 0 
1 0 0 
1 0 0 
1 0 0 
1 0 0 
1 0 0 
1 0 0 
1 0 0 
1 0 0 
1 0 0 
1 0 0 
1 0 0 
1 0 0 
1 0 0 
1 0 0 
1 0 -3.77514e-37 
1 0 -1.24748e-35 
1 0 -2.73634e-36 
1 0 -1.29747e-38 
1 0 -1.0526e-35 
1 0 -9.63228e-32 
1 0 -1.01966e-30 
1 0 -1.39566e-29 
1 0 -3.12513e-30 
1 0 -3.18799e-32 
1 0 -3.10969e-33 
1 0 -6.92534e-34 
1 -2.5918e-105 -5.77306e-36 
1 -2.33315e-101 -5.54266e-37 
1 -9.8408e-98 -1.22641e-37 
1 -2.58989e-94 -8.31938e-40 
1 -4.77555e-91 -7.88133e-41 
1 -6.56448e-88 -1.73442e-41 
1 -6.98551e-85 -9.51539e-44 
1 -5.89724e-82 -8.91398e-45 
1 -4.01451e-79 -1.95274e-45 
1 -2.22749e-76 -8.60563e-48 
1 -1.01414e-73 -7.98747e-49 
1 -3.80184e-71 -1.74319e-49 
1 -1.17452e-68 -6.13654e-52 
1 -2.98598e-66 -5.65326e-53 
1 -6.22633e-64 -1.23001e-53 
1 -1.05981e-61 -3.45125e-56 
1 -1.46453e-59 -3.16065e-57 
1 0 0 
1 0 0 
1 0 0 
1 0 0 
1 0 0 
1 0 0 
1 0 0 
1 0 0 
1 0 0 
1 0 0 
1 0 0 
1 0 0 
1 0 0 
1 0 0 
1 0 0 
1 0 0 
1 0 0 
1 0 0 
1 0 0 
1 0 0 
1 0 0 
1 0 0 
1 0 0 
1 0 0 
1 0 0 
1 0 0 
1 0 0 
1 0 0 
1 0 0 
1 0 0 
1 0 0 
1 0 0 
1 0 0 
1 0 0 
1 0 0 
1 0 0 
1 0 0 
1 0 0 
1 0 0 
1 0 0 
1 0 0 
1 0 0 
1 0 0 
1 0 0 
1 0 0 
1 0 0 
1 0 0 
1 0 0 
1 0 0 
1 0 0 
1 0 -5.52303e-39 
1 0 -2.32103e-37 
1 0 -5.07214e-38 
1 0 -1.91671e-40 
1 0 -1.94603e-37 
1 0 -2.71954e-33 
1 0 -3.36561e-32 
1 0 -5.67189e-31 
1 0 -1.26237e-31 
1 0 -1.07583e-33 
1 0 -1.03428e-34 
1 0 -2.28978e-35 
1 0 -1.58287e-37 
1 0 -1.50092e-38 
1 -1.02998e-119 -3.30427e-39 
1 -2.30589e-115 -1.84206e-41 
1 -1.37036e-111 -1.72672e-42 
1 -1.48377e-107 -3.78359e-43 
1 -2.01973e-104 -1.68987e-45 
1 -2.10894e-102 -1.56912e-46 
1 1.50739e-99 -3.42503e-47 
1 8.5583e-97 -1.21896e-49 
1 7.81043e-94 -1.12325e-50 
1 7.98031e-91 -2.44416e-51 
1 5.39214e-88 -6.91799e-54 
1 2.28056e-85 -6.33652e-55 
1 5.08801e-83 -1.37543e-55 
1 4.1539e-81 -3.10462e-58 
1 -2.97765e-79 -2.83035e-59 
1 -1.46149e-76 -6.1319e-60 
1 0 0 
1 0 0 
1 0 0 
1 0 0 
1 0 0 
1 0 0 
1 0 0 
1 0 0 
1 0 0 
1 0 0 
1 0 0 
1 0 0 
1 0 0 
1 0 0 
1 0 0 
1 0 0 
1 0 0 
1 0 0 
1 0 0 
1 0 0 
1 0 0 
1 0 0 
1 0 0 
1 0 0 
1 0 0 
1 0 0 
1 0 0 
1 0 0 
1 0 0 
1 0 0 
1 0 0 
1 0 0 
1 0 0 
1 0 0 
1 0 0 
1 0 0 
1 0 0 
1 0 0 
1 0 0 
1 0 0 
1 0 0 
1 0 0 
1 0 0 
1 0 0 
1 0 0 
1 0 0 
1 0 0 
1 0 0 
1 0 0 
1 0 0 
1 0 -6.44607e-41 
1 0 -3.4552e-39 
1 0 -7.5268e-40 
1 0 -2.25501e-42 
1 0 -2.88163e-39 
1 0 -6.27888e-35 
1 0 -9.21854e-34 
1 0 -1.92737e-32 
1 0 -4.26648e-33 
1 0 -3.00725e-35 
1 0 -2.85431e-36 
1 0 -6.28621e-37 
1 0 -3.56255e-39 
1 0 -3.34163e-40 
1 0 -7.32411e-41 
1 0 -3.31627e-43 
1 0 -3.08061e-44 
1 0 -6.72539e-45 
1 0 -2.42035e-47 
1 0 -2.23091e-48 
1 0 -4.85493e-49 
1 0 -1.38636e-51 
1 0 -1.27004e-52 
1 0 -2.75699e-53 
1 0 -6.26636e-56 
1 0 -5.71337e-57 
1 0 -1.23784e-57 
1 0 -2.25419e-60 
1 0 -2.04768e-61 
1 0 -4.42975e-62 
1 0 0 
1 0 0 
1 0 0 
1 0 0 
1 0 0 
1 0 0 
1 0 0 
1 0 0 
1 0 0 
1 0 0 
1 0 0 
1 0 0 
1 0 0 
1 0 0 
1 0 0 
1 0 0 
1 0 0 
1 0 0 
1 0 0 
1 0 0 
1 0 0 
1 0 0 
1 0 0 
1 0 0 
1 0 0 
1 0 0 
1 0 0 
1 0 0 
1 0 0 
1 0 0 
1 0 0 
1 0 0 
1 0 0 
1 0 0 
1 0 0 
1 0 0 
1 0 0 
1 0 0 
1 0 0 
1 0 0 
1 0 0 
1 0 0 
1 0 0 
1 0 0 
1 0 0 
1 0 0 
1 0 0 
1 0 0 
1 0 0 
1 0 0 
1 0 -6.00055e-43 
1 0 -4.09005e-41 
1 0 -8.88679e-42 
1 0 -2.11266e-44 
1 0 -3.39652e-41 
1 0 -1.17144e-36 
1 0 -2.07171e-35 
1 0 -5.42088e-34 
1 0 -1.19418e-34 
1 0 -6.883e-37 
1 0 -6.46052e-38 
1 0 -1.41639e-38 
1 0 -6.50374e-41 
1 0 -6.04419e-42 
1 0 -1.31976e-42 
1 0 -4.80387e-45 
1 0 -4.42907e-46 
1 0 -9.63967e-47 
1 0 -2.77754e-49 
1 0 -2.54493e-50 
1 0 -5.52488e-51 
1 0 -1.2646e-53 
1 0 -1.15312e-54 
1 0 -2.49843e-55 
1 0 -4.57478e-58 
1 0 -4.15596e-59 
1 0 -8.99083e-60 
1 0 -1.32785e-62 
1 0 -1.20277e-63 
1 0 -2.59892e-64 
1 0 0 
1 0 0 
1 0 0 
1 0 0 
1 0 0 
1 0 0 
1 0 0 
1 0 0 
1 0 0 
1 0 0 
1 0 0 
1 0 0 
1 0 0 
1 0 0 
1 0 0 
1 0 0 
1 0 0 
1 0 0 
1 0 0 
1 0 0 
1 0 0 
1 0 0 
1 0 0 
1 0 0 
1 0 0 
1 0 0 
1 0 0 
1 0 0 
1 0 0 
1 0 0 
1 0 0 
1 0 0 
1 0 0 
1 0 0 
1 0 0 
1 0 0 
1 0 0 
1 0 0 
1 0 0 
1 0 0 
1 0 0 
1 0 0 
1 0 0 
1 0 0 
1 0 0 
1 0 0 
1 0 0 
1 0 0 
1 0 0 
1 0 0 
1 0 -4.47539e-45 
1 0 -3.85032e-43 
1 0 -8.34869e-44 
1 0 -1.58371e-46 
1 0 -3.18666e-43 
1 0 -1.74777e-38 
1 0 -3.77566e-37 
1 0 -1.24749e-35 
1 0 -2.73634e-36 
1 0 -1.27463e-38 
1 0 -1.1851e-39 
1 0 -2.58815e-40 
1 0 -9.53061e-43 
1 0 -8.78949e-44 
1 0 -1.91321e-44 
1 0 -5.56329e-47 
1 0 -5.09828e-48 
1 0 -1.10688e-48 
1 0 -2.55165e-51 
1 0 -2.32696e-52 
1 0 -5.04197e-53 
1 0 -9.28338e-56 
1 0 -8.43405e-57 
1 0 -1.82464e-57 
1 0 -2.70649e-60 
1 0 -2.45166e-61 
1 0 -5.29759e-62 
1 0 -6.38151e-65 
1 0 -5.76724e-66 
1 0 -1.24501e-66 
1 0 0 
1 0 0 
1 0 0 
1 0 0 
1 0 0 
1 0 0 
1 0 0 
1 0 0 
1 0 0 
1 0 0 
1 0 0 
1 0 0 
1 0 0 
1 0 0 
1 0 0 
1 0 0 
1 0 0 
1 0 0 
1 0 0 
1 0 0 
1 0 0 
1 0 0 
1 0 0 
1 0 0 
1 0 0 
1 0 0 
1 0 0 
1 0 0 
1 0 0 
1 0 0 
1 0 0 
1 0 0 
1 0 0 
1 0 0 
1 0 0 
1 0 0 
1 0 0 
1 0 0 
1 0 0 
1 0 0 
1 0 0 
1 0 0 
1 0 0 
1 0 0 
1 0 0 
1 0 0 
1 0 0 
1 0 0 
1 0 0 
1 0 0 
1 0 -2.69256e-47 
1 0 -2.89715e-45 
1 0 -6.2717e-46 
1 0 -9.56661e-49 
1 0 -2.39145e-45 
1 0 -2.07257e-40 
1 0 -5.52352e-39 
1 0 -2.32103e-37 
1 0 -5.07214e-38 
1 0 -1.89001e-40 
1 0 -1.74354e-41 
1 0 -3.7956e-42 
1 0 -1.11401e-44 
1 0 -1.02107e-45 
1 0 -2.21699e-46 
1 0 -5.14774e-49 
1 0 -4.69498e-50 
1 0 -1.01733e-50 
1 0 -1.88364e-53 
1 0 -1.71142e-54 
1 0 -3.70262e-55 
1 0 -5.51617e-58 
1 0 -4.997e-59 
1 0 -1.07978e-59 
1 0 -1.30522e-62 
1 0 -1.17962e-63 
1 0 -2.54654e-64 
1 0 -2.51444e-67 
1 0 -2.26823e-68 
1 0 -4.89287e-69 
1 0 0 
1 0 0 
1 0 0 
1 0 0 
1 0 0 
1 0 0 
1 0 0 
1 0 0 
1 0 0 
1 0 0 
1 0 0 
1 0 0 
1 0 0 
1 0 0 
1 0 0 
1 0 0 
1 0 0 
1 0 0 
1 0 0 
1 0 0 
1 0 0 
1 0 0 
1 0 0 
1 0 0 
1 0 0 
1 0 0 
1 0 0 
1 0 0 
1 0 0 
1 0 0 
1 0 0 
1 0 0 
1 0 0 
1 0 0 
1 0 0 
1 0 0 
1 0 0 
1 0 0 
1 0 0 
1 0 0 
1 0 0 
1 0 0 
1 0 0 
1 0 0 
1 0 0 
1 0 0 
1 0 0 
1 0 0 
1 0 0 
1 0 0 
1 0 -1.31593e-49 
1 0 -1.75521e-47 
1 0 -3.79476e-48 
1 0 -4.69057e-51 
1 0 -1.44583e-47 
1 0 -1.95377e-42 
1 0 -6.44644e-41 
1 0 -3.4552e-39 
1 0 -7.5268e-40 
1 0 -2.23012e-42 
1 0 -2.04444e-43 
1 0 -4.43929e-44 
1 0 -1.03834e-46 
1 0 -9.47121e-48 
1 0 -2.05236e-48 
1 0 -3.82157e-51 
1 0 -3.47242e-52 
1 0 -7.51272e-53 
1 0 -1.12419e-55 
1 0 -1.01843e-56 
1 0 -2.20072e-57 
1 0 -2.66947e-60 
1 0 -2.41265e-61 
1 0 -5.20847e-62 
1 0 -5.15719e-65 
1 0 -4.65228e-66 
1 0 -1.00357e-66 
1 0 -8.15048e-70 
1 0 -7.3413e-71 
1 0 -1.58264e-71 
1 0 0 
1 0 0 
1 0 0 
1 0 0 
1 0 0 
1 0 0 
1 0 0 
1 0 0 
1 0 0 
1 0 0 
1 0 0 
1 0 0 
1 0 0 
1 0 0 
1 0 0 
1 0 0 
1 0 0 
1 0 0 
1 0 0 
1 0 0 
1 0 0 
1 0 0 
1 0 0 
1 0 0 
1 0 0 
1 0 0 
1 0 0 
1 0 0 
1 0 0 
1 0 0 
1 0 0 
1 0 0 
1 0 0 
1 0 0 
1 0 0 
1 0 0 
1 0 0 
1 0 0 
1 0 0 
1 0 0 
1 0 0 
1 0 0 
1 0 0 
1 0 0 
1 0 0 
1 0 0 
1 0 0 
1 0 0 
1 0 0 
1 0 0 
1 0 -5.25556e-52 
1 0 -8.62596e-50 
1 0 -1.86301e-50 
1 0 -1.87819e-53 
1 0 -7.09381e-50 
1 0 -1.47167e-44 
1 0 -6.00077e-43 
1 0 -4.09005e-41 
1 0 -8.88679e-42 
1 0 -2.09407e-44 
1 0 -1.91031e-45 
1 0 -4.13974e-46 
1 0 -7.75249e-49 
1 0 -7.04469e-50 
1 0 -1.52419e-50 
1 0 -2.29092e-53 
1 0 -2.0755e-54 
1 0 -4.48501e-55 
1 0 -5.45942e-58 
1 0 -4.93434e-59 
1 0 -1.06525e-59 
1 0 -1.05772e-62 
1 0 -9.54187e-64 
1 0 -2.05834e-64 
1 0 -1.6755e-67 
1 0 -1.50918e-68 
1 0 -3.25351e-69 
1 0 -2.17667e-72 
1 0 -1.95813e-73 
1 0 -4.21919e-74 
1 0 0 
1 0 0 
1 0 0 
1 0 0 
1 0 0 
1 0 0 
1 0 0 
1 0 0 
1 0 0 
1 0 0 
1 0 0 
1 0 0 
1 0 0 
1 0 0 
1 0 0 
1 0 0 
1 0 0 
1 0 0 
1 0 0 
1 0 0 
1 0 0 
1 0 0 
1 0 0 
1 0 0 
1 0 0 
1 0 0 
1 0 0 
1 0 0 
1 0 0 
1 0 0 
1 0 0 
1 0 0 
1 0 0 
1 0 0 
1 0 0 
1 0 0 
1 0 0 
1 0 0 
1 0 0 
1 0 0 
1 0 0 
1 0 0 
1 0 0 
1 0 0 
1 0 0 
1 0 0 
1 0 0 
1 0 0 
1 0 0 
1 0 0 
1 0 -1.72243e-54 
1 0 -3.46045e-52 
1 0 -7.46753e-53 
1 0 -6.16858e-56 
1 0 -2.84203e-52 
1 0 -8.92339e-47 
1 0 -4.4755e-45 
1 0 -3.85032e-43 
1 0 -8.34869e-44 
1 0 -1.57251e-46 
1 0 -1.42904e-47 
1 0 -3.09197e-48 
1 0 -4.66824e-51 
1 0 -4.22945e-52 
1 0 -9.13974e-53 
1 0 -1.11647e-55 
1 0 -1.00912e-56 
1 0 -2.17856e-57 
1 0 -2.16929e-60 
1 0 -1.95699e-61 
1 0 -4.22159e-62 
1 0 -3.44427e-65 
1 0 -3.10241e-66 
1 0 -6.68827e-67 
1 0 -4.48305e-70 
1 0 -4.03298e-71 
1 0 -8.68991e-72 
1 0 -4.78554e-75 
1 0 -4.30057e-76 
1 0 -9.26249e-77 
1 0 0 
1 0 0 
1 0 0 
1 0 0 
1 0 0 
1 0 0 
1 0 0 
1 0 0 
1 0 0 
1 0 0 
1 0 0 
1 0 0 
1 0 0 
1 0 0 
1 0 0 
1 0 0 
1 0 0 
1 0 0 
1 0 0 
1 0 0 
1 0 0 
1 0 0 
1 0 0 
1 0 0 
1 0 0 
1 0 0 
1 0 0 
1 0 0 
1 0 0 
1 0 0 
1 0 0 
1 0 0 
1 0 0 
1 0 0 
1 0 0 
1 0 0 
1 0 0 
1 0 0 
1 0 0 
1 0 0 
1 0 0 
1 0 0 
1 0 0 
1 0 0 
1 0 0 
1 0 0 
1 0 0 
1 0 0 
1 0 0 
1 0 0 
1 0 -4.6419e-57 
1 0 -1.13825e-54 
1 0 -2.45463e-55 
1 0 -1.66535e-58 
1 0 -9.33825e-55 
1 0 -4.38825e-49 
1 0 -2.6926e-47 
1 0 -2.89715e-45 
1 0 -6.2717e-46 
1 0 -9.51185e-49 
1 0 -8.61819e-50 
1 0 -1.8624e-50 
1 0 -2.28313e-53 
1 0 -2.06367e-54 
1 0 -4.45524e-55 
1 0 -4.44888e-58 
1 0 -4.01356e-59 
1 0 -8.65807e-60 
1 0 -7.08014e-63 
1 0 -6.37748e-64 
1 0 -1.37488e-64 
1 0 -9.23311e-68 
1 0 -8.30624e-69 
1 0 -1.78976e-69 
1 0 -9.87181e-73 
1 0 -8.87144e-74 
1 0 -1.91072e-74 
1 0 -8.63184e-78 
1 0 -7.75023e-79 
1 0 -1.66863e-79 
1 0 0 
1 0 0 
1 0 0 
1 0 0 
1 0 0 
1 0 0 
1 0 0 
1 0 0 
1 0 0 
1 0 0 
1 0 0 
1 0 0 
1 0 0 
1 0 0 
1 0 0 
1 0 0 
1 0 0 
1 0 0 
1 0 0 
1 0 0 
1 0 0 
1 0 0 
1 0 0 
1 0 0 
1 0 0 
1 0 0 
1 0 0 
1 0 0 
1 0 0 
1 0 0 
1 0 0 
1 0 0 
1 0 0 
1 0 0 
1 0 0 
1 0 0 
1 0 0 
1 0 0 
1 0 0 
1 0 0 
1 0 0 
1 0 0 
1 0 0 
1 0 0 
1 0 0 
1 0 0 
1 0 0 
1 0 0 
1 0 0 
1 0 0 
1 0 -1.02832e-59 
1 0 -3.07682e-57 
1 0 -6.6314e-58 
1 0 -3.69469e-61 
1 0 -2.52199e-57 
1 0 -1.76134e-51 
1 0 -1.31595e-49 
1 0 -1.75521e-47 
1 0 -3.79476e-48 
1 0 -4.66868e-51 
1 0 -4.22003e-52 
1 0 -9.11071e-53 
1 0 -9.12369e-56 
1 0 -8.2311e-57 
1 0 -1.77563e-57 
1 0 -1.45538e-60 
1 0 -1.31096e-61 
1 0 -2.82624e-62 
1 0 -1.90159e-65 
1 0 -1.71071e-66 
1 0 -3.68612e-67 
1 0 -2.03638e-70 
1 0 -1.83003e-71 
1 0 -3.94151e-72 
1 0 -1.78299e-75 
1 0 -1.60089e-76 
1 0 -3.44673e-77 
1 0 -1.26889e-80 
1 0 -1.13843e-81 
1 0 -2.4503e-82 
1 0 0 
1 0 0 
1 0 0 
1 0 0 
1 0 0 
1 0 0 
1 0 0 
1 0 0 
1 0 0 
1 0 0 
1 0 0 
1 0 0 
1 0 0 
1 0 0 
1 0 0 
1 0 0 
1 0 0 
1 0 0 
1 0 0 
1 0 0 
1 0 0 
1 0 0 
1 0 0 
1 0 0 
1 0 0 
1 0 0 
1 0 0 
1 0 0 
1 0 0 
1 0 0 
1 0 0 
1 0 0 
1 0 0 
1 0 0 
1 0 0 
1 0 0 
1 0 0 
1 0 0 
1 0 0 
1 0 0 
1 0 0 
1 0 0 
1 0 0 
1 0 0 
1 0 0 
1 0 0 
1 0 0 
1 0 0 
1 0 0 
1 0 0 
1 0 -1.86673e-62 
1 0 -6.83327e-60 
1 0 -1.47206e-60 
1 0 -6.71543e-64 
1 0 -5.5969e-60 
1 0 -5.79606e-54 
1 0 -5.2556e-52 
1 0 -8.62596e-50 
1 0 -1.86301e-50 
1 0 -1.87101e-53 
1 0 -1.688e-54 
1 0 -3.64143e-55 
1 0 -2.9916e-58 
1 0 -2.69477e-59 
1 0 -5.80957e-60 
1 0 -3.91633e-63 
1 0 -3.52325e-64 
1 0 -7.59167e-65 
1 0 -4.20064e-68 
1 0 -3.77501e-69 
1 0 -8.13062e-70 
1 0 -3.6829e-73 
1 0 -3.30678e-74 
1 0 -7.11953e-75 
1 0 -2.624e-78 
1 0 -2.35423e-79 
1 0 -5.0671e-80 
1 0 -1.50396e-83 
1 0 -1.34846e-84 
1 0 -2.90157e-85 
1 0 0 
1 0 0 
1 0 0 
1 0 0 
1 0 0 
1 0 0 
1 0 0 
1 0 0 
1 0 0 
1 0 0 
1 0 0 
1 0 0 
1 0 0 
1 0 0 
1 0 0 
1 0 0 
1 0 0 
1 0 0 
1 0 0 
1 0 0 
1 0 0 
1 0 0 
1 0 0 
1 0 0 
1 0 0 
1 0 0 
1 0 0 
1 0 0 
1 0 0 
1 0 0 
1 0 0 
1 0 0 
1 0 0 
1 0 0 
1 0 0 
1 0 0 
1 0 0 
1 0 0 
1 0 0 
1 0 0 
1 0 0 
1 0 0 
1 0 0 
1 0 0 
1 0 0 
1 0 0 
1 0 0 
1 0 0 
1 0 0 
1 0 0 
1 0 -2.75914e-65 
1 0 -1.2431e-62 
1 0 -2.67689e-63 
1 0 -9.9364e-67 
1 0 -1.01754e-62 
1 0 -1.56728e-56 
1 0 -1.72244e-54 
1 0 -3.46045e-52 
1 0 -7.46753e-53 
1 0 -6.14923e-56 
1 0 -5.53918e-57 
1 0 -1.19418e-57 
1 0 -8.06557e-61 
1 0 -7.2561e-62 
1 0 -1.56351e-62 
1 0 -8.665e-66 
1 0 -7.78708e-67 
1 0 -1.67718e-67 
1 0 -7.60728e-71 
1 0 -6.8304e-72 
1 0 -1.4706e-72 
1 0 -5.42626e-76 
1 0 -4.86841e-77 
1 0 -1.04785e-77 
1 0 -3.11315e-81 
1 0 -2.79128e-82 
1 0 -6.00618e-83 
1 0 -1.41405e-86 
1 0 -1.26713e-87 
1 0 -2.72595e-88 
1 0 0 
1 0 0 
1 0 0 
1 0 0 
1 0 0 
1 0 0 
1 0 0 
1 0 0 
1 0 0 
1 0 0 
1 0 0 
1 0 0 
1 0 0 
1 0 0 
1 0 0 
1 0 0 
1 0 0 
1 0 0 
1 0 0 
1 0 0 
1 0 0 
1 0 0 
1 0 0 
1 0 0 
1 0 0 
1 0 0 
1 0 0 
1 0 0 
1 0 0 
1 0 0 
1 0 0 
1 0 0 
1 0 0 
1 0 0 
1 0 0 
1 0 0 
1 0 0 
1 0 0 
1 0 0 
1 0 0 
1 0 0 
1 0 0 
1 0 0 
1 0 0 
1 0 0 
1 0 0 
1 0 0 
1 0 0 
1 0 0 
1 0 0 
1 0 -3.28567e-68 
1 0 -1.84073e-65 
1 0 -3.96245e-66 
1 0 -1.18434e-69 
1 0 -1.50592e-65 
1 0 -3.48177e-59 
1 0 -4.64192e-57 
1 0 -1.13825e-54 
1 0 -2.45463e-55 
1 0 -1.66106e-58 
1 0 -1.49437e-59 
1 0 -3.22e-60 
1 0 -1.78738e-63 
1 0 -1.6063e-64 
1 0 -3.45966e-65 
1 0 -1.57132e-68 
1 0 -1.41086e-69 
1 0 -3.03761e-70 
1 0 -1.12211e-73 
1 0 -1.00675e-74 
1 0 -2.16688e-75 
1 0 -6.44413e-79 
1 0 -5.77786e-80 
1 0 -1.24326e-80 
1 0 -2.92954e-84 
1 0 -2.62517e-85 
1 0 -5.64744e-86 
1 0 -1.02917e-89 
1 0 -9.21787e-91 
1 0 -1.98261e-91 
1 0 0 
1 0 0 
1 0 0 
1 0 0 
1 0 0 
1 0 0 
1 0 0 
1 0 0 
1 0 0 
1 0 0 
1 0 0 
1 0 0 
1 0 0 
1 0 0 
1 0 0 
1 0 0 
1 0 0 
1 0 0 
1 0 0 
1 0 0 
1 0 0 
1 0 0 
1 0 0 
1 0 0 
1 0 0 
1 0 0 
1 0 0 
1 0 0 
1 0 0 
1 0 0 
1 0 0 
1 0 0 
1 0 0 
1 0 0 
1 0 0 
1 0 0 
1 0 0 
1 0 0 
1 0 0 
1 0 0 
1 0 0 
1 0 0 
1 0 0 
1 0 0 
1 0 0 
1 0 0 
1 0 0 
1 0 0 
1 0 0 
1 0 0 
1 0 -3.10184e-71 
1 0 -2.19543e-68 
1 0 -4.7246e-69 
1 0 -1.11897e-72 
1 0 -1.79528e-68 
1 0 -6.33556e-62 
1 0 -1.02832e-59 
1 0 -3.07682e-57 
1 0 -6.6314e-58 
1 0 -3.68691e-61 
1 0 -3.3134e-62 
1 0 -7.13645e-63 
1 0 -3.24563e-66 
1 0 -2.9142e-67 
1 0 -6.27434e-68 
1 0 -2.32043e-71 
1 0 -2.08189e-72 
1 0 -4.48096e-73 
1 0 -1.33391e-76 
1 0 -1.196e-77 
1 0 -2.57351e-78 
1 0 -6.06921e-82 
1 0 -5.43864e-83 
1 0 -1.17e-83 
1 0 -2.13374e-87 
1 0 -1.91111e-88 
1 0 -4.11049e-89 
1 0 -5.58365e-93 
1 0 -4.9989e-94 
1 0 -1.07499e-94 
1 0 0 
1 0 0 
1 0 0 
1 0 0 
1 0 0 
1 0 0 
1 0 0 
1 0 0 
1 0 0 
1 0 0 
1 0 0 
1 0 0 
1 0 0 
1 0 0 
1 0 0 
1 0 0 
1 0 0 
1 0 0 
1 0 0 
1 0 0 
1 0 0 
1 0 0 
1 0 0 
1 0 0 
1 0 0 
1 0 0 
1 0 0 
1 0 0 
1 0 0 
1 0 0 
1 0 0 
1 0 0 
1 0 0 
1 0 0 
1 0 0 
1 0 0 
1 0 0 
1 0 0 
1 0 0 
1 0 0 
1 0 0 
1 0 0 
1 0 0 
1 0 0 
1 0 0 
1 0 0 
1 0 0 
1 0 0 
1 0 0 
1 0 0 
1 0 -2.26559e-74 
1 0 -2.07541e-71 
1 0 -4.46518e-72 
1 0 -8.17868e-76 
1 0 -1.69646e-71 
1 0 -9.38333e-65 
1 0 -1.86674e-62 
1 0 -6.83327e-60 
1 0 -1.47206e-60 
1 0 -6.70392e-64 
1 0 -6.01938e-65 
1 0 -1.29599e-65 
1 0 -4.79844e-69 
1 0 -4.30517e-70 
1 0 -9.26625e-71 
1 0 -2.76113e-74 
1 0 -2.47566e-75 
1 0 -5.32707e-76 
1 0 -1.25737e-79 
1 0 -1.12674e-80 
1 0 -2.42392e-81 
1 0 -4.42381e-85 
1 0 -3.96225e-86 
1 0 -8.52215e-87 
1 0 -1.15839e-90 
1 0 -1.03708e-91 
1 0 -2.2302e-92 
1 0 -2.12237e-96 
1 0 -1.89938e-97 
1 0 -4.08391e-98 
1 0 0 
1 0 0 
1 0 0 
1 0 0 
1 0 0 
1 0 0 
1 0 0 
1 0 0 
1 0 0 
1 0 0 
1 0 0 
1 0 0 
1 0 0 
1 0 0 
1 0 0 
1 0 0 
1 0 0 
1 0 0 
1 0 0 
1 0 0 
1 0 0 
1 0 0 
1 0 0 
1 0 0 
1 0 0 
1 0 0 
1 0 0 
1 0 0 
1 0 0 
1 0 0 
1 0 0 
1 0 0 
1 0 0 
1 0 0 
1 0 0 
1 0 0 
1 0 0 
1 0 0 
1 0 0 
1 0 0 
1 0 0 
1 0 0 
1 0 0 
1 0 0 
1 0 0 
1 0 0 
1 0 0 
1 0 0 
1 0 0 
1 0 0 
1 0 -1.23299e-77 
1 0 -1.51768e-74 
1 0 -3.2645e-75 
1 0 -4.45378e-79 
1 0 -1.24013e-74 
1 0 -1.11934e-67 
1 0 -2.75915e-65 
1 0 -1.2431e-62 
1 0 -2.67689e-63 
1 0 -9.92269e-67 
1 0 -8.90268e-68 
1 0 -1.91617e-68 
1 0 -5.71538e-72 
1 0 -5.1245e-73 
1 0 -1.10268e-73 
1 0 -2.60492e-77 
1 0 -2.33428e-78 
1 0 -5.02169e-79 
1 0 -9.17173e-83 
1 0 -8.21478e-84 
1 0 -1.76687e-84 
1 0 -2.40321e-88 
1 0 -2.15154e-89 
1 0 -4.6268e-90 
1 0 -4.40562e-94 
1 0 -3.94274e-95 
1 0 -8.47738e-96 
1 0 -5.03347e-100 
1 0 -4.50312e-101 
1 0 -9.68093e-102 
1 0 0 
1 0 0 
1 0 0 
1 0 0 
1 0 0 
1 0 0 
1 0 0 
1 0 0 
1 0 0 
1 0 0 
1 0 0 
1 0 0 
1 0 0 
1 0 0 
1 0 0 
1 0 0 
1 0 0 
1 0 0 
1 0 0 
1 0 0 
1 0 0 
1 0 0 
1 0 0 
1 0 0 
1 0 0 
1 0 0 
1 0 0 
1 0 0 
1 0 0 
1 0 0 
1 0 0 
1 0 0 
1 0 0 
1 0 0 
1 0 0 
1 0 0 
1 0 0 
1 0 0 
1 0 0 
1 0 0 
1 0 0 
1 0 0 
1 0 0 
1 0 0 
1 0 0 
1 0 0 
1 0 0 
1 0 0 
1 0 0 
1 0 0 
1 0 -4.69949e-81 
1 0 -8.26819e-78 
1 0 -1.77812e-78 
1 0 -1.69845e-82 
1 0 -6.7541e-78 
1 0 -1.05832e-70 
1 0 -3.28567e-68 
1 0 -1.84073e-65 
1 0 -3.96245e-66 
1 0 -1.18305e-69 
1 0 -1.06074e-70 
1 0 -2.28248e-71 
1 0 -5.39665e-75 
1 0 -4.83598e-76 
1 0 -1.04035e-76 
1 0 -1.90154e-80 
1 0 -1.70314e-81 
1 0 -3.66318e-82 
1 0 -4.98574e-86 
1 0 -4.46361e-87 
1 0 -9.59881e-88 
1 0 -9.14518e-92 
1 0 -8.18435e-93 
1 0 -1.75974e-93 
1 0 -1.04537e-97 
1 0 -9.3523e-99 
1 0 -2.01058e-99 
1 0 -5.59301e-104 
1 0 -5.00223e-105 
1 0 -1.07526e-105 
1 0 0 
1 0 0 
1 0 0 
1 0 0 
1 0 0 
1 0 0 
1 0 0 
1 0 0 
1 0 0 
1 0 0 
1 0 0 
1 0 0 
1 0 0 
1 0 0 
1 0 0 
1 0 0 
1 0 0 
1 0 0 
1 0 0 
1 0 0 
1 0 0 
1 0 0 
1 0 0 
1 0 0 
1 0 0 
1 0 0 
1 0 0 
1 0 0 
1 0 0 
1 0 0 
1 0 0 
1 0 0 
1 0 0 
1 0 0 
1 0 0 
1 0 0 
1 0 0 
1 0 0 
1 0 0 
1 0 0 
1 0 0 
1 0 0 
1 0 0 
1 0 0 
1 0 0 
1 0 0 
1 0 0 
1 0 0 
1 0 0 
1 0 0 
1 0 -1.11723e-84 
1 0 -3.15426e-81 
1 0 -6.78225e-82 
1 0 -4.03972e-86 
1 0 -2.57595e-81 
1 0 -7.74015e-74 
1 0 -3.10184e-71 
1 0 -2.19543e-68 
1 0 -4.7246e-69 
1 0 -1.11803e-72 
1 0 -1.00188e-73 
1 0 -2.15531e-74 
1 0 -3.94237e-78 
1 0 -3.53104e-79 
1 0 -7.59471e-80 
1 0 -1.03435e-83 
1 0 -9.26026e-85 
1 0 -1.99138e-85 
1 0 -1.89836e-89 
1 0 -1.69891e-90 
1 0 -3.65286e-91 
1 0 -2.17109e-95 
1 0 -1.94233e-96 
1 0 -4.17568e-97 
1 0 -1.1621e-101 
1 0 -1.03935e-102 
1 0 -2.23415e-103 
1 0 0 
1 0 0 
1 0 0 
1 0 0 
1 0 0 
1 0 0 
1 0 0 
1 0 0 
1 0 0 
1 0 0 
1 0 0 
1 0 0 
1 0 0 
1 0 0 
1 0 0 
1 0 0 
1 0 0 
1 0 0 
1 0 0 
1 0 0 
1 0 0 
1 0 0 
1 0 0 
1 0 0 
1 0 0 
1 0 0 
1 0 0 
1 0 0 
1 0 0 
1 0 0 
1 0 0 
1 0 0 
1 0 0 
1 0 0 
1 0 0 
1 0 0 
1 0 0 
1 0 0 
1 0 0 
1 0 0 
1 0 0 
1 0 0 
1 0 0 
1 0 0 
1 0 0 
1 0 0 
1 0 0 
1 0 0 
1 0 0 
1 0 0 
1 0 0 
1 0 0 
1 0 0 
1 0 -1.24407e-88 
1 0 -7.50482e-85 
1 0 -1.61343e-85 
1 0 -4.50021e-90 
1 0 -6.12743e-85 
1 0 -4.21727e-77 
1 0 -2.26559e-74 
1 0 -2.07541e-71 
1 0 -4.46518e-72 
1 0 -8.17353e-76 
1 0 -7.32075e-77 
1 0 -1.57458e-77 
1 0 -2.14586e-81 
1 0 -1.92114e-82 
1 0 -4.13134e-83 
1 0 -3.94061e-87 
1 0 -3.52659e-88 
1 0 -7.58261e-89 
1 0 -4.50901e-93 
1 0 -4.03393e-94 
1 0 -8.67225e-95 
1 0 -2.41458e-99 
1 0 -2.15953e-100 
1 0 -4.64206e-101 
1 0 0 
1 0 0 
1 0 0 
1 0 0 
1 0 0 
1 0 0 
1 0 0 
1 0 0 
1 0 0 
1 0 0 
1 0 0 
1 0 0 
1 0 0 
1 0 0 
1 0 0 
1 0 0 
1 0 0 
1 0 0 
1 0 0 
1 0 0 
1 0 0 
1 0 0 
1 0 0 
1 0 0 
1 0 0 
1 0 0 
1 0 0 
1 0 0 
1 0 0 
1 0 0 
1 0 0 
1 0 0 
1 0 0 
1 0 0 
1 0 0 
1 0 0 
1 0 0 
1 0 0 
1 0 0 
1 0 0 
1 0 0 
1 0 0 
1 0 0 
1 0 0 
1 0 0 
1 0 0 
1 0 0 
1 0 0 
1 0 0 
1 0 0 
1 0 0 
1 0 0 
1 0 0 
1 0 0 
1 0 0 
1 0 0 
1 0 0 
1 0 -8.36276e-89 
1 0 -1.79763e-89 
1 0 0 
1 0 -6.82648e-89 
1 0 -1.60903e-80 
1 0 -1.23299e-77 
1 0 -1.51768e-74 
1 0 -3.2645e-75 
1 0 -4.45182e-79 
1 0 -3.98561e-80 
1 0 -8.5709e-81 
1 0 -8.1799e-85 
1 0 -7.3205e-86 
1 0 -1.574e-86 
1 0 -9.36453e-91 
1 0 -8.37786e-92 
1 0 -1.80109e-92 
1 0 -5.01694e-97 
1 0 -4.48702e-98 
1 0 -9.64514e-99 
1 0 0 
1 0 0 
1 0 0 
1 0 0 
1 0 0 
1 0 0 
1 0 0 
1 0 0 
1 0 0 
1 0 0 
1 0 0 
1 0 0 
1 0 0 
1 0 0 
1 0 0 
1 0 0 
1 0 0 
1 0 0 
1 0 0 
1 0 0 
1 0 0 
1 0 0 
1 0 0 
1 0 0 
1 0 0 
1 0 0 
1 0 0 
1 0 0 
1 0 0 
1 0 0 
1 0 0 
1 0 0 
1 0 0 
1 0 0 
1 0 0 
1 0 0 
1 0 0 
1 0 0 
1 0 0 
1 0 0 
1 0 0 
1 0 0 
1 0 0 
1 0 0 
1 0 0 
1 0 0 
1 0 0 
1 0 0 
1 0 0 
1 0 0 
1 0 0 
1 0 0 
1 0 0 
1 0 0 
1 0 0 
1 0 0 
1 0 0 
1 0 0 
1 0 0 
1 0 0 
1 0 0 
1 0 0 
1 0 0 
1 0 0 
1 0 -3.82865e-84 
1 0 -4.69949e-81 
1 0 -8.26819e-78 
1 0 -1.77812e-78 
1 0 -1.69798e-82 
1 0 -1.51959e-83 
1 0 -3.2673e-84 
1 0 -1.94487e-88 
1 0 -1.73995e-89 
1 0 -3.7406e-90 
1 0 -1.04241e-94 
1 0 -9.323e-96 
1 0 -2.00404e-96 
1 0 0 
1 0 0 
1 0 0 
1 0 0 
1 0 0 
1 0 0 
1 0 0 
1 0 0 
1 0 0 
1 0 0 
1 0 0 
1 0 0 
1 0 0 
1 0 0 
1 0 0 
1 0 0 
1 0 0 
1 0 0 
1 0 0 
1 0 0 
1 0 0 
1 0 0 
1 0 0 
1 0 0 
1 0 0 
1 0 0 
1 0 0 
1 0 0 
1 0 0 
1 0 0 
1 0 0 
1 0 0 
1 0 0 
1 0 0 
1 0 0 
1 0 0 
1 0 0 
1 0 0 
1 0 0 
1 0 0 
1 0 0 
1 0 0 
1 0 0 
1 0 0 
1 0 0 
1 0 0 
1 0 0 
1 0 0 
1 0 0 
1 0 0 
1 0 0 
1 0 0 
1 0 0 
1 0 0 
1 0 0 
1 0 0 
1 0 0 
1 0 0 
1 0 0 
1 0 0 
1 0 0 
1 0 0 
1 0 0 
1 0 0 
1 0 0 
1 0 0 
1 0 0 
1 0 -4.26668e-88 
1 0 -1.11723e-84 
1 0 -3.15426e-81 
1 0 -6.78225e-82 
1 0 -4.0392e-86 
1 0 -3.61362e-87 
1 0 -7.76865e-88 
1 0 -2.16588e-92 
1 0 -1.93711e-93 
1 0 -4.16394e-94 
1 0 0 
1 0 0 
1 0 0 
1 0 0 
1 0 0 
1 0 0 
1 0 0 
1 0 0 
1 0 0 
1 0 0 
1 0 0 
1 0 0 
1 0 0 
1 0 0 
1 0 0 
1 0 0 
1 0 0 
1 0 0 
1 0 0 
1 0 0 
1 0 0 
1 0 0 
1 0 0 
1 0 0 
1 0 0 
1 0 0 
1 0 0 
1 0 0 
1 0 0 
1 0 0 
1 0 0 
1 0 0 
1 0 0 
1 0 0 
1 0 0 
1 0 0 
1 0 0 
1 0 0 
1 0 0 
1 0 0 
1 0 0 
1 0 0 
1 0 0 
1 0 0 
1 0 0 
1 0 0 
1 0 0 
1 0 0 
1 0 0 
1 0 0 
1 0 0 
1 0 0 
1 0 0 
1 0 0 
1 0 0 
1 0 0 
1 0 0 
1 0 0 
1 0 0 
1 0 0 
1 0 0 
1 0 0 
1 0 0 
1 0 0 
1 0 0 
1 0 0 
1 0 0 
1 0 0 
1 0 0 
1 0 0 
1 0 0 
1 0 -1.24407e-88 
1 0 -7.50482e-85 
1 0 -1.61343e-85 
1 0 -4.50021e-90 
1 0 -4.02487e-91 
1 0 -8.65172e-92 
1 0 0 
1 0 0 
1 0 0 
1 0 0 
1 0 0 
1 0 0 
1 0 0 
1 0 0 
1 0 0 
1 0 0 
1 0 0 
1 0 0 
1 0 0 
1 0 0 
1 0 0 
1 0 0 
1 0 0 
1 0 0 
1 0 0 
1 0 0 
1 0 0 
1 0 0 
1 0 0 
1 0 0 
1 0 0 
1 0 0 
1 0 0 
1 0 0 
1 0 0 
1 0 0 
1 0 0 
1 0 0 
1 0 0 
1 0 0 
1 0 0 
1 0 0 
1 0 0 
1 0 0 
1 0 0 
1 0 0 
1 0 0 
1 0 0 
1 0 0 
1 0 0 
1 0 0 
1 0 0 
1 0 0 
1 0 0 
1 0 0 
1 0 0 
1 0 0 
1 0 0 
1 0 0 
1 0 0 
1 0 0 
1 0 0 
1 0 0 
1 0 0 
1 0 0 
1 0 0 
1 0 0 
1 0 0 
1 0 0 
1 0 0 
1 0 0 
1 0 0 
1 0 0 
1 0 0 
1 0 0 
1 0 0 
1 0 0 
1 0 0 
1 0 0 
1 0 0 
1 0 0 
1 0 -8.36276e-89 
1 0 -1.79763e-89 
1 0 0 
1 0 0 
1 0 0 
1 0 0 
1 0 0 
1 0 0 
1 0 0 
1 0 0 
1 0 0 
1 0 0 
1 0 0 
1 0 0 
1 0 0 
1 0 0 
1 0 0 
1 0 0 
1 0 0 
1 0 0 
1 0 0 
1 0 0 
1 0 0 
1 0 0 
1 0 0 
1 0 0 
1 0 0 
1 0 0 
1 0 0 
1 0 0 
1 0 0 
1 0 0 
1 0 0 
1 0 0 
1 0 0 
1 0 0 
1 0 0 
1 0 0 
1 0 0 
1 0 0 
1 0 0 
1 0 0 
1 0 0 
1 0 0 
1 0 0 
1 0 0 
1 0 0 
1 0 0 
1 0 0 
1 0 0 
1 0 0 
1 0 0 
1 0 0 
1 0 0 
1 0 0 
1 0 0 
1 0 0 
1 0 0 
1 0 0 
1 0 0 
1 0 0 
1 0 0 
1 0 0 
1 0 0 
1 0 0 
1 0 0 
1 0 0 
1 0 0 
1 0 0 
1 0 0 
1 0 0 
1 0 0 
1 0 0 
1 0 0 
1 0 0 
1 0 0 
1 0 0 
1 0 0 
1 0 0 
1 0 0 
1 0 0 
1 0 0 
1 0 0 
1 0 0 
1 0 0 
1 0 0 
1 0 0 
1 0 0 
1 0 0 
1 0 0 
1 0 0 
1 0 0 
1 0 0 
1 0 0 
1 0 0 
1 0 0 
1 0 0 
1 0 0 
1 0 0 
1 0 0 
1 0 0 
1 0 0 
1 0 0 
1 0 0 
1 0 0 
1 0 0 
1 0 0 
1 0 0 
1 0 0 
1 0 0 
1 0 0 
1 0 0 
1 0 0 
1 0 0 
1 0 0 
1 0 0 
1 0 0 
1 0 0 
1 0 0 
1 0 0 
1 0 0 
1 0 0 
1 0 0 
1 0 0 
1 0 0 
1 0 0 
1 0 0 
1 0 0 
1 0 0 
1 0 0 
1 0 0 
1 0 0 
1 0 0 
1 0 0 
1 0 0 
1 0 0 
1 0 0 
1 0 0 
1 0 0 
1 0 0 
1 0 0 
1 0 0 
1 0 0 
1 0 0 
1 0 0 
1 0 0 
1 0 0 
1 0 0 
1 0 0 
1 0 0 
1 0 0 
1 0 0 
1 0 0 
1 0 0 
1 0 0 
1 0 0 
1 0 0 
1 0 0 
1 0 0 
1 0 0 
1 0 0 
1 0 0 
1 0 0 
1 0 0 
1 0 0 
1 0 0 
1 0 0 
1 0 0 
1 0 0 
1 0 0 
1 0 0 
1 0 0 
1 0 0 
1 0 0 
1 0 0 
1 0 0 
1 0 0 
1 0 0 
1 0 0 
1 0 0 
1 0 0 
1 0 0 
1 0 0 
1 0 0 
1 0 0 
1 0 0 
1 0 0 
1 0 0 
1 0 0 
1 0 0 
1 0 0 
1 0 0 
1 0 0 
1 0 0 
1 0 0 
1 0 0 
1 0 0 
1 0 0 
1 0 0 
1 0 0 
1 0 0 
1 0 0 
1 0 0 
1 0 0 
1 0 0 
1 0 0 
1 0 0 
1 0 0 
1 0 0 
1 0 0 
1 0 0 
1 0 0 
1 0 0 
1 0 0 
1 0 0 
1 0 0 
1 0 0 
1 0 0 
1 0 0 
1 0 0 
1 0 0 
1 0 0 
1 0 0 
1 0 0 
1 0 0 
1 0 0 
1 0 0 
1 0 0 
1 0 0 
1 0 0 
1 0 0 
1 0 0 
1 0 0 
1 0 0 
1 0 0 
1 0 0 
1 0 0 
1 0 0 
1 0 0 
1 0 0 
1 0 0 
1 0 0 
1 0 0 
1 0 0 
1 0 0 
1 0 0 
1 0 0 
1 0 0 
1 0 0 
1 0 0 
1 0 0 
1 0 0 
1 0 0 
1 0 0 
1 0 0 
1 0 0 
1 0 0 
1 0 0 
1 0 0 
1 0 0 
1 0 0 
1 0 0 
1 0 0 
1 0 0 
1 0 0 
1 0 0 
1 0 0 
1 0 0 
1 0 0 
1 0 0 
1 0 0 
1 0 0 
1 0 0 
1 0 0 
1 0 0 
1 0 0 
1 0 0 
1 0 0 
1 0 0 
1 0 0 
1 0 0 
1 0 0 
1 0 0 
1 0 0 
1 0 0 
1 0 0 
1 0 0 
1 0 0 
1 0 0 
1 0 0 
1 0 0 
1 0 0 
1 0 0 
1 0 0 
1 0 0 
1 0 0 
1 0 0 
1 0 0 
1 0 0 
1 0 0 
1 0 0 
1 0 0 
1 0 0 
1 0 0 
1 0 0 
1 0 0 
1 0 0 
1 0 0 
1 0 0 
1 0 0 
1 0 0 
1 0 0 
1 0 0 
1 0 0 
1 0 0 
1 0 0 
1 0 0 
1 0 0 
1 0 0 
1 0 0 
1 0 0 
1 0 0 
1 0 0 
1 0 0 
1 0 0 
1 0 0 
1 0 0 
1 0 0 
1 0 0 
1 0 0 
1 0 0 
1 0 0 
1 0 0 
1 0 0 
1 0 0 
1 0 0 
1 0 0 
1 0 0 
1 0 0 
1 0 0 
1 0 0 
1 0 0 
1 0 0 
1 0 0 
1 0 0 
1 0 0 
1 0 0 
1 0 0 
1 0 0 
1 0 0 
1 0 0 
1 0 0 
1 0 0 
1 0 0 
1 0 0 
1 0 0 
1 0 0 
1 0 0 
1 0 0 
1 0 0 
1 0 0 
1 0 0 
1 0 0 
1 0 0 
1 0 0 
1 0 0 
1 0 0 
1 0 0 
1 0 0 
1 0 0 
1 0 0 
1 0 0 
1 0 0 
1 0 0 
1 0 0 
1 0 0 
1 0 0 
1 0 0 
1 0 0 
1 0 0 
1 0 0 
1 0 0 
1 0 0 
1 0 0 
1 0 0 
1 0 0 
1 0 0 
1 0 0 
1 0 0 
1 0 0 
1 0 0 
1 0 0 
1 0 0 
1 0 0 
1 0 0 
1 0 0 
1 0 0 
1 0 0 
1 0 0 
1 0 0 
1 0 0 
1 0 0 
1 0 0 
1 0 0 
1 0 0 
1 0 0 
1 0 0 
1 0 0 
1 0 0 
1 0 0 
1 0 0 
1 0 0 
1 0 0 
1 0 0 
1 0 0 
1 0 0 
1 0 0 
1 0 0 
1 0 0 
1 0 0 
1 0 0 
1 0 0 
1 0 0 
1 0 0 
1 0 0 
1 0 0 
1 0 0 
1 0 0 
1 0 0 
1 0 0 
1 0 0 
1 0 0 
1 0 0 
1 0 0 
1 0 0 
1 0 0 
1 0 0 
1 0 0 
1 0 0 
1 0 0 
1 0 0 
1 0 0 
1 0 0 
1 0 0 
1 0 0 
1 0 0 
1 0 0 
1 0 0 
1 0 0 
1 0 0 
1 0 0 
1 0 0 
1 0 0 
1 0 0 
1 0 0 
1 0 0 
1 0 0 
1 0 0 
1 0 0 
1 0 0 
1 0 0 
1 0 0 
1 0 0 
1 0 0 
1 0 0 
1 0 0 
1 0 0 
1 0 0 
1 0 0 
1 0 0 
1 0 0 
1 0 0 
1 0 0 
1 0 0 
1 0 0 
1 0 0 
1 0 0 
1 0 0 
1 0 0 
1 0 0 
1 0 0 
1 0 0 
1 0 0 
1 0 0 
1 0 0 
1 0 0 
1 0 0 
1 0 0 
1 0 0 
1 0 0 
1 0 0 
1 0 0 
1 0 0 
1 0 0 
1 0 0 
1 0 0 
1 0 0 
1 0 0 
1 0 0 
1 0 0 
1 0 0 
1 0 0 
1 0 0 
1 0 0 
1 0 0 
1 0 0 
1 0 0 
1 0 0 
1 0 0 
1 0 0 
1 0 0 
1 0 0 
1 0 0 
1 0 0 
1 0 0 
1 0 0 
1 0 0 
1 0 0 
1 0 0 
1 0 0 
1 0 0 
1 0 0 
1 0 0 
1 0 0 
1 0 0 
1 0 0 
1 0 0 
1 0 0 
1 0 0 
1 0 0 
1 0 0 
1 0 0 
1 0 0 
1 0 0 
1 0 0 
1 0 0 
1 0 0 
1 0 0 
1 0 0 
1 0 0 
1 0 0 
1 0 0 
1 0 0 
1 0 0 
1 0 0 
1 0 0 
1 0 0 
1 0 0 
1 0 0 
1 0 0 
1 0 0 
1 0 0 
1 0 0 
1 0 0 
1 0 0 
1 0 0 
1 0 0 
1 0 0 
1 0 0 
1 0 0 
1 0 0 
1 0 0 
1 0 0 
1 0 0 
1 0 0 
1 0 0 
1 0 0 
1 0 0 
1 0 0 
1 0 0 
1 0 0 
1 0 0 
1 0 0 
1 0 0 
1 0 0 
1 0 0 
1 0 0 
1 0 0 
1 0 0 
1 0 0 
1 0 0 
1 0 0 
1 0 0 
1 0 0 
1 0 0 
1 0 0 
1 0 0 
1 0 0 
1 0 0 
1 0 0 
1 0 0 
1 0 0 
1 0 0 
1 0 0 
1 0 0 
1 0 0 
1 0 0 
1 0 0 
1 0 0 
1 0 0 
1 0 0 
1 0 0 
1 0 0 
1 0 0 
1 0 0 
1 0 0 
1 0 0 
1 0 0 
1 0 0 
1 0 0 
1 0 0 
1 0 0 
1 0 0 
1 0 0 
1 0 0 
1 0 0 
1 0 0 
1 0 0 
1 0 0 
1 0 0 
1 0 0 
1 0 0 
1 0 0 
1 0 0 
1 0 0 
1 0 0 
1 0 0 
1 0 0 
1 0 0 
1 0 0 
1 0 0 
1 0 0 
1 0 0 
1 0 0 
1 0 0 
1 0 0 
1 0 0 
1 0 0 
1 0 0 
1 0 0 
1 0 0 
1 0 0 
1 0 0 
1 0 0 
1 0 0 
1 0 0 
1 0 0 
1 0 0 
1 0 0 
1 0 0 
1 0 0 
1 0 0 
1 0 0 
1 0 0 
1 0 0 
1 0 0 
1 0 0 
1 0 0 
1 0 0 
1 0 0 
1 0 0 
1 0 0 
1 0 0 
1 0 0 
1 0 0 
1 0 0 
1 0 0 
1 0 0 
1 0 0 
1 0 0 
1 0 0 
1 0 0 
1 0 0 
1 0 0 
1 0 0 
1 0 0 
1 0 0 
1 0 0 
1 0 0 
1 0 0 
1 0 0 
1 0 0 
1 0 0 
1 0 0 
1 0 0 
1 0 0 
1 0 0 
1 0 0 
1 0 0 
1 0 0 
1 0 0 
1 0 0 
1 0 0 
1 0 0 
1 0 0 
1 0 0 
1 0 0 
1 0 0 
1 0 0 
1 0 0 
1 0 0 
1 0 0 
1 0 0 
1 0 0 
1 0 0 
1 0 0 
1 0 0 
1 0 0 
1 0 0 
1 0 0 
1 0 0 
1 0 0 
1 0 0 
1 0 0 
1 0 0 
1 0 0 
1 0 0 
1 0 0 
1 0 0 
1 0 0 
1 0 0 
1 0 0 
1 0 0 
1 0 0 
1 0 0 
1 0 0 
1 0 0 
1 0 0 
1 0 0 
1 0 0 
1 0 0 
1 0 0 
1 0 0 
1 0 0 
1 0 0 
1 0 0 
1 0 0 
1 0 0 
1 0 0 
1 0 0 
1 0 0 
1 0 0 
1 0 0 
1 0 0 
1 0 0 
1 0 0 
1 0 0 
1 0 0 
1 0 0 
1 0 0 
1 0 0 
1 0 0 
1 0 0 
1 0 0 
1 0 0 
1 0 0 
1 0 0 
1 0 0 
1 0 0 
1 0 0 
1 0 0 
1 0 0 
1 0 0 
1 0 0 
1 0 0 
1 0 0 
1 0 0 
1 0 0 
1 0 0 
1 0 0 
1 0 0 
1 0 0 
1 0 0 
1 0 0 
1 0 0 
1 0 0 
1 0 0 
1 0 0 
1 0 0 
1 0 0 
1 0 0 
1 0 0 
1 0 0 
1 0 0 
1 0 0 
1 0 0 
1 0 0 
1 0 0 
1 0 0 
1 0 0 
1 0 0 
1 0 0 
1 0 0 
1 0 0 
1 0 0 
1 0 0 
1 0 0 
1 0 0 
1 0 0 
1 0 0 
1 0 0 
1 0 0 
1 0 0 
1 0 0 
1 0 0 
1 0 0 
1 0 0 
1 0 0 
1 0 0 
1 0 0 
1 0 0 
1 0 0 
1 0 0 
1 0 0 
1 0 0 
1 0 0 
1 0 0 
1 0 0 
1 0 0 
1 0 0 
1 0 0 
1 0 0 
1 0 0 
1 0 0 
1 0 0 
1 0 0 
1 0 0 
1 0 0 
1 0 0 
1 0 0 
1 0 0 
1 0 0 
1 0 0 
1 0 0 
1 0 0 
1 0 0 
1 0 0 
1 0 0 
1 0 0 
1 0 0 
1 0 0 
1 0 0 
1 0 0 
1 0 0 
1 0 0 
1 0 0 
1 0 0 
1 0 0 
1 0 0 
1 0 0 
1 0 0 
1 0 0 
1 0 0 
1 0 0 
1 0 0 
1 0 0 
1 0 0 
1 0 0 
1 0 0 
1 0 0 
1 0 0 
1 0 0 
1 0 0 
1 0 0 
1 0 0 
1 0 0 
1 0 0 
1 0 0 
1 0 0 
1 0 0 
1 0 0 
1 0 0 
1 0 0 
1 0 0 
1 0 0 
1 0 0 
1 0 0 
1 0 0 
1 0 0 
1 0 0 
1 0 0 
1 0 0 
1 0 0 
1 0 0 
1 0 0 
1 0 0 
1 0 0 
1 0 0 
1 0 0 
1 0 0 
1 0 0 
1 0 0 
1 0 0 
1 0 0 
1 0 0 
1 0 0 
1 0 0 
1 0 0 
1 0 0 
1 0 0 
1 0 0 
1 0 0 
1 0 0 
1 0 0 
1 0 0 
1 0 0 
1 0 0 
1 0 0 
1 0 0 
1 0 0 
1 0 0 
1 0 0 
1 0 0 
1 0 0 
1 0 0 
1 0 0 
1 0 0 
1 0 0 
1 0 0 
1 0 0 
1 0 0 
1 0 0 
1 0 0 
1 0 0 
1 0 0 
1 0 0 
1 0 0 
1 0 0 
1 0 0 
1 0 0 
1 0 0 
1 0 0 
1 0 0 
1 0 0 
1 0 0 
1 0 0 
1 0 0 
1 0 0 
1 0 0 
1 0 0 
1 0 0 
1 0 0 
1 0 0 
1 0 0 
1 0 0 
1 0 0 
1 0 0 
1 0 0 
1 0 0 
1 0 0 
1 0 0 
1 0 0 
1 0 0 
1 0 0 
1 0 0 
1 0 0 
1 0 0 
1 0 0 
1 0 0 
1 0 0 
1 0 0 
1 0 0 
1 0 0 
1 0 0 
1 0 0 
1 0 0 
1 0 0 
1 0 0 
1 0 0 
1 0 0 
1 0 0 
1 0 0 
1 0 0 
1 0 0 
1 0 0 
1 0 0 
1 0 0 
1 0 0 
1 0 0 
1 0 0 
1 0 0 
1 0 0 
1 0 0 
1 0 0 
1 0 0 
1 0 0 
1 0 0 
1 0 0 
1 0 0 
1 0 0 
1 0 0 
1 0 0 
1 0 0 
1 0 0 
1 0 0 
1 0 0 
1 0 0 
1 0 0 
1 0 0 
1 0 0 
1 0 0 
1 0 0 
1 0 0 
1 0 0 
1 0 0 
1 0 0 
1 0 0 
1 0 0 
1 0 0 
1 0 0 
1 0 0 
1 0 0 
1 0 0 
1 0 0 
1 0 0 
1 0 0 
1 0 0 
1 0 0 
1 0 0 
1 0 0 
1 0 0 
1 0 0 
1 0 0 
1 0 0 
1 0 0 
1 0 0 
1 0 0 
1 0 0 
1 0 0 
1 0 0 
1 0 0 
1 0 0 
1 0 0 
1 0 0 
1 0 0 
1 0 0 
1 0 0 
1 0 0 
1 0 0 
1 0 0 
1 0 0 
1 0 0 
1 0 0 
1 0 0 
1 0 0 
1 0 0 
1 0 0 
1 0 0 
1 0 0 
1 0 0 
1 0 0 
1 0 0 
1 0 0 
1 0 0 
1 0 0 
1 0 0 
1 0 0 
1 0 0 
1 0 0 
1 0 0 
1 0 0 
1 0 0 
1 0 0 
1 0 0 
1 0 0 
1 0 0 
1 0 0 
1 0 0 
1 0 0 
1 0 0 
1 0 0 
1 0 0 
1 0 0 
1 0 0 
1 0 0 
1 0 0 
1 0 0 
1 0 0 
1 0 0 
1 0 0 
1 0 0 
1 0 0 
1 0 0 
1 0 0 
1 0 0 
1 0 0 
1 0 0 
1 0 0 
1 0 0 
1 0 0 
1 0 0 
1 0 0 
1 0 0 
1 0 0 
1 0 0 
1 0 0 
1 0 0 
1 0 0 
1 0 0 
1 0 0 
1 0 0 
1 0 0 
1 0 0 
1 0 0 
1 0 0 
1 0 0 
1 0 0 
1 0 0 
1 0 0 
1 0 0 
1 0 0 
1 0 0 
1 0 0 
1 0 0 
1 0 0 
1 0 0 
1 0 0 
1 0 0 
1 0 0 
1 0 0 
1 0 0 
1 0 0 
1 0 0 
1 0 0 
1 0 0 
1 0 0 
1 0 0 
1 0 0 
1 0 0 
1 0 0 
1 0 0 
1 0 0 
1 0 0 
1 0 0 
1 0 0 
1 0 0 
1 0 0 
1 0 0 
1 0 0 
1 0 0 
1 0 0 
1 0 0 
1 0 0 
1 0 0 
1 0 0 
1 0 0 
1 0 0 
1 0 0 
1 0 0 
1 0 0 
1 0 0 
1 0 0 
1 0 0 
1 0 0 
1 0 0 
1 0 0 
1 0 0 
1 0 0 
1 0 0 
1 0 0 
1 0 0 
1 0 0 
1 0 0 
1 0 0 
1 0 0 
1 0 0 
1 0 0 
1 0 0 
1 0 0 
1 0 0 
1 0 0 
1 0 0 
1 0 0 
1 0 0 
1 0 0 
1 0 0 
1 0 0 
1 0 0 
1 0 0 
1 0 0 
1 0 0 
1 0 0 
1 0 0 
1 0 0 
1 0 0 
1 0 0 
1 0 0 
1 0 0 
1 0 0 
1 0 0 
1 0 0 
1 0 0 
1 0 0 
1 0 0 
1 0 0 
1 0 0 
1 0 0 
1 0 0 
1 0 0 
1 0 0 
1 0 0 
1 0 0 
1 0 0 
1 0 0 
1 0 0 
1 0 0 
1 0 0 
1 0 0 
1 0 0 
1 0 0 
1 0 0 
1 0 0 
1 0 0 
1 0 0 
1 0 0 
1 0 0 
1 0 0 
1 0 0 
1 0 0 
1 0 0 
1 0 0 
1 0 0 
1 0 0 
1 0 0 
1 0 0 
1 0 0 
1 0 0 
1 0 0 
1 0 0 
1 0 0 
1 0 0 
1 0 0 
1 0 0 
1 0 0 
1 0 0 
1 0 0 
1 0 0 
1 0 0 
1 0 0 
1 0 0 
1 0 0 
1 0 0 
1 0 0 
1 0 0 
1 0 0 
1 0 0 
1 0 0 
1 0 0 
1 0 0 
1 0 0 
1 0 0 
1 0 0 
1 0 0 
1 0 0 
1 0 0 
1 0 0 
1 0 0 
1 0 0 
1 0 0 
1 0 0 
1 0 0 
1 0 0 
1 0 0 
1 0 0 
1 0 0 
1 0 0 
1 0 0 
1 0 0 
1 0 0 
1 0 0 
1 0 0 
1 0 0 
1 0 0 
1 0 0 
1 0 0 
1 0 0 
1 0 0 
1 0 0 
1 0 0 
1 0 0 
1 0 0 
1 0 0 
1 0 0 
1 0 0 
1 0 0 
1 0 0 
1 0 0 
1 0 0 
1 0 0 
1 0 0 
1 0 0 
1 0 0 
1 0 0 
1 0 0 
1 0 0 
1 0 0 
1 0 0 
1 0 0 
1 0 0 
1 0 0 
1 0 0 
1 0 0 
1 0 0 
1 0 0 
1 0 0 
1 0 0 
1 0 0 
1 0 0 
1 0 0 
1 0 0 
1 0 0 
1 0 0 
1 0 0 
1 0 0 
1 0 0 
1 0 0 
1 0 0 
1 0 0 
1 0 0 
1 0 0 
1 0 0 
1 0 0 
1 0 0 
1 0 0 
1 0 0 
1 0 0 
1 0 0 
1 0 0 
1 0 0 
1 0 0 
1 0 0 
1 0 0 
1 0 0 
1 0 0 
1 0 0 
1 0 0 
1 0 0 
1 0 0 
1 0 0 
1 0 0 
1 0 0 
1 0 0 
1 0 0 
1 0 0 
1 0 0 
1 0 0 
1 0 0 
1 0 0 
1 0 0 
1 0 0 
1 0 0 
1 0 0 
1 0 0 
1 0 0 
1 0 0 
1 0 0 
1 0 0 
1 0 0 
1 0 0 
1 0 0 
1 0 0 
1 0 0 
1 0 0 
1 0 0 
1 0 0 
1 0 0 
1 0 0 
1 0 0 
1 0 0 
1 0 0 
1 0 0 
1 0 0 
1 0 0 
1 0 0 
1 0 0 
1 0 0 
1 0 0 
1 0 0 
1 0 0 
1 0 0 
1 0 0 
1 0 0 
1 0 0 
1 0 0 
1 0 0 
1 0 0 
1 0 0 
1 0 0 
1 0 0 
1 0 0 
1 0 0 
1 0 0 
1 0 0 
1 0 0 
1 0 0 
1 0 0 
1 0 0 
1 0 0 
1 0 0 
1 0 0 
1 0 0 
1 0 0 
1 0 0 
1 0 0 
1 0 0 
1 0 0 
1 0 0 
1 0 0 
1 0 0 
1 0 0 
1 0 0 
1 0 0 
1 0 0 
1 0 0 
1 0 0 
1 0 0 
1 0 0 
1 0 0 
1 0 0 
1 0 0 
1 0 0 
1 0 0 
1 0 0 
1 0 0 
1 0 0 
1 0 0 
1 0 0 
1 0 0 
1 0 0 
1 0 0 
1 0 0 
1 0 0 
1 0 0 
1 0 0 
1 0 0 
1 0 0 
1 0 0 
1 0 0 
1 0 0 
1 0 0 
1 0 0 
1 0 0 
1 0 0 
1 0 0 
1 0 0 
1 0 0 
1 0 0 
1 0 0 
1 0 0 
1 0 0 
1 0 0 
1 0 0 
1 0 0 
1 0 0 
1 0 0 
1 0 0 
1 0 0 
1 0 0 
1 0 0 
1 0 0 
1 0 0 
1 0 0 
1 0 0 
1 0 0 
1 0 0 
1 0 0 
1 0 0 
1 0 0 
1 0 0 
1 0 0 
1 0 0 
1 0 0 
1 0 0 
1 0 0 
1 0 0 
1 0 0 
1 0 0 
1 0 0 
1 0 0 
1 0 0 
1 0 0 
1 0 0 
1 0 0 
1 0 0 
1 0 0 
1 0 0 
1 0 0 
1 0 0 
1 0 0 
1 0 0 
1 0 0 
1 0 0 
1 0 0 
1 0 0 
1 0 0 
1 0 0 
1 0 0 
1 0 0 
1 0 0 
1 0 0 
1 0 0 
1 0 0 
1 0 0 
1 0 0 
1 0 0 
1 0 0 
1 0 0 
1 0 0 
1 0 0 
1 0 0 
1 0 0 
1 0 0 
1 0 0 
1 0 0 
1 0 0 
1 0 0 
1 0 0 
1 0 0 
1 0 0 
1 0 0 
1 0 0 
1 0 0 
1 0 0 
1 0 0 
1 0 0 
1 0 0 
1 0 0 
1 0 0 
1 0 0 
1 0 0 
1 0 0 
1 0 0 
1 0 0 
1 0 0 
1 0 0 
1 0 0 
1 0 0 
1 0 0 
1 0 0 
1 0 0 
1 0 0 
1 0 0 
1 0 0 
1 0 0 
1 0 0 
1 0 0 
1 0 0 
1 0 0 
1 0 0 
1 0 0 
1 0 0 
1 0 0 
1 0 0 
1 0 0 
1 0 0 
1 0 0 
1 0 0 
1 0 0 
1 0 0 
1 0 0 
1 0 0 
1 0 0 
1 0 0 
1 0 0 
1 0 0 
1 0 0 
1 0 0 
1 0 0 
1 0 0 
1 0 0 
1 0 0 
1 0 0 
1 0 0 
1 0 0 
1 0 0 
1 0 0 
1 0 0 
1 0 0 
1 0 0 
1 0 0 
1 0 0 
1 0 0 
1 0 0 
1 0 0 
1 0 0 
1 0 0 
1 0 0 
1 0 0 
1 0 0 
1 0 0 
1 0 0 
1 0 0 
1 0 0 
1 0 0 
1 0 0 
1 0 0 
1 0 0 
1 0 0 
1 0 0 
1 0 0 
1 0 0 
1 0 0 
1 0 0 
1 0 0 
1 0 0 
1 0 0 
1 0 0 
1 0 0 
1 0 0 
1 0 0 
1 0 0 
1 0 0 
1 0 0 
1 0 0 
1 0 0 
1 0 0 
1 0 0 
1 0 0 
1 0 0 
1 0 0 
1 0 0 
1 0 0 
1 0 0 
1 0 0 
1 0 0 
1 0 0 
1 0 0 
1 0 0 
1 0 0 
1 0 0 
1 0 0 
1 0 0 
1 0 0 
1 0 0 
1 0 0 
1 0 0 
1 0 0 
1 0 0 
1 0 0 
1 0 0 
1 0 0 
1 0 0 
1 0 0 
1 0 0 
1 0 0 
1 0 0 
1 0 0 
1 0 0 
1 0 0 
1 0 0 
1 0 0 
1 0 0 
1 0 0 
1 0 0 
1 0 0 
1 0 0 
1 0 0 
1 0 0 
1 0 0 
1 0 0 
1 0 0 
1 0 0 
1 0 0 
1 0 0 
1 0 0 
1 0 0 
1 0 0 
1 0 0 
1 0 0 
1 0 0 
1 0 0 
1 0 0 
1 0 0 
1 0 0 
1 0 0 
1 0 0 
1 0 0 
1 0 0 
1 0 0 
1 0 0 
1 0 0 
1 0 0 
1 0 0 
1 0 0 
1 0 0 
1 0 0 
1 0 0 
1 0 0 
1 0 0 
1 0 0 
1 0 0 
1 0 0 
1 0 0 
1 0 0 
1 0 0 
1 0 0 
1 0 0 
1 0 0 
1 0 0 
1 0 0 
1 0 0 
1 0 0 
1 0 0 
1 0 0 
1 0 0 
1 0 0 
1 0 0 
1 0 0 
1 0 0 
1 0 0 
1 0 0 
1 0 0 
1 0 0 
1 0 0 
1 0 0 
1 0 0 
1 0 0 
1 0 0 
1 0 0 
1 0 0 
1 0 0 
1 0 0 
1 0 0 
1 0 0 
1 0 0 
1 0 0 
1 0 0 
1 0 0 
1 0 0 
1 0 0 
1 0 0 
1 0 0 
1 0 0 
1 0 0 
1 0 0 
1 0 0 
1 0 0 
1 0 0 
1 0 0 
1 0 0 
1 0 0 
1 0 0 
1 0 0 
1 0 0 
1 0 0 
1 0 0 
1 0 0 
1 0 0 
1 0 0 
1 0 0 
1 0 0 
1 0 0 
1 0 0 
1 0 0 
1 0 0 
1 0 0 
1 0 0 
1 0 0 
1 0 0 
1 0 0 
1 0 0 
1 0 0 
1 0 0 
1 0 0 
1 0 0 
1 0 0 
1 0 0 
1 0 0 
1 0 0 
1 0 0 
1 0 0 
1 0 0 
1 0 0 
1 0 0 
1 0 0 
1 0 0 
1 0 0 
1 0 0 
1 0 0 
1 0 0 
1 0 0 
1 0 0 
1 0 0 
1 0 0 
1 0 0 
1 0 0 
1 0 0 
1 0 0 
1 0 0 
1 0 0 
1 0 0 
1 0 0 
1 0 0 
1 0 0 
1 0 0 
1 0 0 
1 0 0 
1 0 0 
1 0 0 
1 0 0 
1 0 0 
1 0 0 
1 0 0 
1 0 0 
1 0 0 
1 0 0 
1 0 0 
1 0 0 
1 0 0 
1 0 0 
1 0 0 
1 0 0 
1 0 0 
1 0 0 
1 0 0 
1 0 0 
1 0 0 
1 0 0 
1 0 0 
1 0 0 
1 0 0 
1 0 0 
1 0 0 
1 0 0 
1 0 0 
1 0 0 
1 0 0 
1 0 0 
1 0 0 
1 0 0 
1 0 0 
1 0 0 
1 0 0 
1 0 0 
1 0 0 
1 0 0 
1 0 0 
1 0 0 
1 0 0 
1 0 0 
1 0 0 
1 0 0 
1 0 0 
1 0 0 
1 0 0 
1 0 0 
1 0 0 
1 0 0 
1 0 0 
1 0 0 
1 0 0 
1 0 0 
1 0 0 
1 0 0 
1 0 0 
1 0 0 
1 0 0 
1 0 0 
1 0 0 
1 0 0 
1 0 0 
1 0 0 
1 0 0 
1 0 0 
1 0 0 
1 0 0 
1 0 0 
1 0 0 
1 0 0 
1 0 0 
1 0 0 
1 0 0 
1 0 0 
1 0 0 
1 0 0 
1 0 0 
1 0 0 
1 0 0 
1 0 0 
1 0 0 
1 0 0 
1 0 0 
1 0 0 
1 0 0 
1 0 0 
1 0 0 
1 0 0 
1 0 0 
1 0 0 
1 0 0 
1 0 0 
1 0 0 
1 0 0 
1 0 0 
1 0 0 
1 0 0 
1 0 0 
1 0 0 
1 0 0 
1 0 0 
1 0 0 
1 0 0 
1 0 0 
1 0 0 
1 0 0 
1 0 0 
1 0 0 
1 0 0 
1 0 0 
1 0 0 
1 0 0 
1 0 0 
1 0 0 
1 0 0 
1 0 0 
1 0 0 
1 0 0 
1 0 0 
1 0 0 
1 0 0 
1 0 0 
1 0 0 
1 0 0 
1 0 0 
1 0 0 
1 0 0 
1 0 0 
1 0 0 
1 0 0 
1 0 0 
1 0 0 
1 0 0 
1 0 0 
1 0 0 
1 0 0 
1 0 0 
1 0 0 
1 0 0 
1 0 0 
1 0 0 
1 0 0 
1 0 0 
1 0 0 
1 0 0 
1 0 0 
1 0 0 
1 0 0 
1 0 0 
1 0 0 
1 0 0 
1 0 0 
1 0 0 
1 0 0 
1 0 0 
1 0 0 
1 0 0 
1 0 0 
1 0 0 
1 0 0 
1 0 0 
1 0 0 
1 0 0 
1 0 0 
1 0 0 
1 0 0 
1 0 0 
1 0 0 
1 0 0 
1 0 0 
1 0 0 
1 0 0 
1 0 0 
1 0 0 
1 0 0 
1 0 0 
1 0 0 
1 0 0 
1 0 0 
1 0 0 
1 0 0 
1 0 0 
1 0 0 
1 0 0 
1 0 0 
1 0 0 
1 0 0 
1 0 0 
1 0 0 
1 0 0 
1 0 0 
1 0 0 
1 0 0 
1 0 0 
1 0 0 
1 0 0 
1 0 0 
1 0 0 
1 0 0 
1 0 0 
1 0 0 
1 0 0 
1 0 0 
1 0 0 
1 0 0 
1 0 0 
1 0 0 
1 0 0 
1 0 0 
1 0 0 
1 0 0 
1 0 0 
1 0 0 
1 0 0 
1 0 0 
1 0 0 
1 0 0 
1 0 0 
1 0 0 
1 0 0 
1 0 0 
1 0 0 
1 0 0 
1 0 0 
1 0 0 
1 0 0 
1 0 0 
1 0 0 
1 0 0 
1 0 0 
1 0 0 
1 0 0 
1 0 0 
1 0 0 
1 0 0 
1 0 0 
1 0 0 
1 0 0 
1 0 0 
1 0 0 
1 0 0 
1 0 0 
1 0 0 
1 0 0 
1 0 0 
1 0 0 
1 0 0 
1 0 0 
1 0 0 
1 0 0 
1 0 0 
1 0 0 
1 0 0 
1 0 0 
1 0 0 
1 0 0 
1 0 0 
1 0 0 
1 0 0 
1 0 0 
1 0 0 
1 0 0 
1 0 0 
1 0 0 
1 0 0 
1 0 0 
1 0 0 
1 0 0 
1 0 0 
1 0 0 
1 0 0 
1 0 0 
1 0 0 
1 0 0 
1 0 0 
1 0 0 
1 0 0 
1 0 0 
1 0 0 
1 0 0 
1 0 0 
1 0 0 
1 0 0 
1 0 0 
1 0 0 
1 0 0 
1 0 0 
1 0 0 
1 0 0 
1 0 0 
1 0 0 
1 0 0 
1 0 0 
1 0 0 
1 0 0 
1 0 0 
1 0 0 
1 0 0 
1 0 0 
1 0 0 
1 0 0 
1 0 0 
1 0 0 
1 0 0 
1 0 0 
1 0 0 
1 0 0 
1 0 0 
1 0 0 
1 0 0 
1 0 0 
1 0 0 
1 0 0 
1 0 0 
1 0 0 
1 0 0 
1 0 0 
1 0 0 
1 0 0 
1 0 0 
1 0 0 
1 0 0 
1 0 0 
1 0 0 
1 0 0 
1 0 0 
1 0 0 
1 0 0 
1 0 0 
1 0 0 
1 0 0 
1 0 0 
1 0 0 
1 0 0 
1 0 0 
1 0 0 
1 0 0 
1 0 0 
1 0 0 
1 0 0 
1 0 0 
1 0 0 
