2 0 0 
2 0 0 
2 0 0 
2 0 0 
2 0 0 
2 0 0 
2 0 0 
2 0 0 
2 0 0 
2 0 0 
2 0 0 
2 0 0 
2 0 0 
2 0 0 
2 0 0 
2 0 0 
2 0 0 
2 0 0 
2 0 0 
2 0 0 
2 0 0 
2 0 0 
2 0 0 
2 0 0 
2 0 0 
2 0 0 
2 0 0 
2 0 0 
2 0 0 
2 0 0 
2 0 0 
2 0 0 
2 0 0 
2 0 0 
2 0 0 
2 0 0 
2 0 0 
2 0 0 
2 0 0 
2 0 0 
2 0 0 
2 0 0 
2 0 0 
2 0 0 
2 0 0 
2 0 0 
2 0 0 
2 0 0 
2 0 0 
2 0 0 
2 0 0 
2 0 0 
2 0 0 
2 0 0 
2 0 0 
2 0 0 
2 0 0 
2 0 0 
2 0 0 
2 0 0 
2 0 0 
2 0 0 
2 0 0 
2 0 0 
2 0 0 
2 0 0 
2 0 0 
2 0 0 
2 0 0 
2 0 0 
2 0 0 
2 0 0 
2 0 0 
2 0 0 
2 0 0 
2 0 0 
2 0 0 
2 0 0 
2 0 0 
2 0 0 
2 0 0 
2 0 0 
2 0 0 
2 0 0 
2 0 0 
2 0 0 
2 0 0 
2 0 0 
2 0 0 
2 0 0 
2 0 0 
2 0 0 
2 0 0 
2 0 0 
2 0 0 
2 0 0 
2 0 0 
2 0 0 
2 0 0 
2 0 0 
2 0 0 
2 0 0 
2 0 0 
2 0 0 
2 0 0 
2 0 0 
2 0 0 
2 0 0 
2 0 0 
2 0 0 
2 0 0 
2 0 0 
2 0 0 
2 0 0 
2 0 0 
2 0 0 
2 0 0 
2 0 0 
2 0 0 
2 0 0 
2 0 0 
2 0 0 
2 0 0 
2 0 0 
2 0 0 
2 0 0 
2 0 0 
2 0 0 
2 0 0 
2 0 0 
2 0 0 
2 0 0 
2 0 0 
2 0 0 
2 0 0 
2 0 0 
2 0 0 
2 0 0 
2 0 0 
2 0 0 
2 0 -1.33735e-69 
2 0 0 
2 0 0 
2 0 0 
2 0 0 
2 0 0 
2 0 0 
2 0 0 
2 0 0 
2 0 0 
2 0 0 
2 0 0 
2 0 0 
2 0 0 
2 0 0 
2 0 0 
2 0 0 
2 0 0 
2 0 0 
2 0 1.33735e-69 
2 0 -6.75871e-66 
2 0 -4.36298e-86 
2 0 0 
2 0 0 
2 0 0 
2 0 0 
2 0 0 
2 0 0 
2 0 0 
2 0 0 
2 0 0 
2 0 0 
2 0 0 
2 0 0 
2 0 0 
2 0 0 
2 0 0 
2 0 0 
2 0 1.09074e-86 
2 0 6.75871e-66 
2 0 -4.44241e-61 
2 0 -4.06249e-82 
2 0 0 
2 0 0 
2 0 0 
2 0 0 
2 0 0 
2 0 0 
2 0 0 
2 0 0 
2 0 0 
2 0 0 
2 0 0 
2 0 0 
2 0 0 
2 0 0 
2 0 0 
2 0 0 
2 0 1.4697e-82 
2 0 4.44241e-61 
2 0 -2.41067e-57 
2 0 -1.83384e-78 
2 0 4.14076e-84 
2 0 0 
2 0 0 
2 0 0 
2 0 0 
2 0 0 
2 0 0 
2 0 0 
2 0 0 
2 0 0 
2 0 0 
2 0 0 
2 0 0 
2 0 0 
2 0 0 
2 0 0 
2 0 7.34577e-79 
2 0 2.41067e-57 
2 0 -4.50141e-54 
2 0 -4.96359e-75 
2 0 2.92456e-80 
2 0 0 
2 0 0 
2 0 0 
2 0 0 
2 0 0 
2 0 0 
2 0 0 
2 0 0 
2 0 0 
2 0 0 
2 0 0 
2 0 0 
2 0 0 
2 0 0 
2 0 0 
2 0 2.01064e-75 
2 0 4.50141e-54 
2 0 -5.84083e-51 
2 0 -8.96523e-72 
2 0 9.7408e-77 
2 0 3.48623e-80 
2 0 0 
2 0 0 
2 0 0 
2 0 0 
2 0 0 
2 0 0 
2 0 0 
2 0 0 
2 0 0 
2 0 0 
2 0 0 
2 0 0 
2 0 0 
2 0 -2.93766e-85 
2 0 3.64624e-72 
2 0 5.84082e-51 
2 0 -4.5084e-48 
2 0 -1.15751e-68 
2 0 2.03706e-73 
2 0 2.1331e-76 
2 0 0 
2 0 0 
2 0 0 
2 0 0 
2 0 0 
2 0 0 
2 0 0 
2 0 0 
2 0 0 
2 0 0 
2 0 0 
2 0 0 
2 0 0 
2 0 -1.26071e-76 
2 0 4.84799e-69 
2 0 4.5084e-48 
2 0 -1.54338e-45 
2 0 -1.11889e-65 
2 0 3.00343e-70 
2 0 6.18289e-73 
2 0 0 
2 0 0 
2 0 0 
2 0 0 
2 0 0 
2 0 0 
2 0 0 
2 0 0 
2 0 0 
2 0 0 
2 0 0 
2 0 0 
2 0 0 
2 0 -7.268e-73 
2 0 4.98557e-66 
2 0 1.54338e-45 
2 0 8.57437e-44 
2 0 -8.36127e-63 
2 0 2.38868e-63 
2 0 1.12881e-69 
2 0 0 
2 0 0 
2 0 0 
2 0 0 
2 0 0 
2 0 0 
2 0 0 
2 0 0 
2 0 0 
2 0 0 
2 0 0 
2 0 0 
2 0 -2.79221e-73 
2 0 -9.70135e-65 
2 0 4.0702e-63 
2 0 -8.57446e-44 
2 0 1.45522e-40 
2 0 -4.94163e-60 
2 0 -3.55972e-49 
2 0 1.45584e-66 
2 0 0 
2 0 0 
2 0 0 
2 0 0 
2 0 0 
2 0 0 
2 0 0 
2 0 0 
2 0 0 
2 0 0 
2 0 0 
2 0 0 
2 0 -1.85561e-69 
2 0 3.55972e-49 
2 0 2.66949e-60 
2 0 -1.45524e-40 
2 0 5.7832e-38 
2 0 -2.34911e-57 
2 0 -1.29413e-45 
2 0 1.40993e-63 
2 0 0 
2 0 0 
2 0 0 
2 0 0 
2 0 0 
2 0 0 
2 0 0 
2 0 0 
2 0 0 
2 0 0 
2 0 0 
2 0 0 
2 0 -7.19047e-66 
2 0 1.29413e-45 
2 0 1.4156e-57 
2 0 -5.91275e-38 
2 0 2.5652e-35 
2 0 -9.09593e-55 
2 0 -2.12172e-42 
2 0 1.06399e-60 
2 0 1.319e-67 
2 0 0 
2 0 0 
2 0 0 
2 0 0 
2 0 0 
2 0 0 
2 0 0 
2 0 0 
2 0 0 
2 0 0 
2 0 -8.1055e-67 
2 0 -1.79542e-62 
2 0 2.12172e-42 
2 0 6.10829e-55 
2 0 -2.86202e-35 
2 0 1.78647e-32 
2 0 -3.35863e-43 
2 0 -2.068e-39 
2 0 6.40751e-58 
2 0 6.64367e-64 
2 0 0 
2 0 0 
2 0 0 
2 0 0 
2 0 0 
2 0 0 
2 0 0 
2 0 0 
2 0 0 
2 0 0 
2 0 -4.62687e-63 
2 0 -3.01592e-59 
2 0 2.068e-39 
2 0 2.15238e-52 
2 0 -2.00072e-32 
2 0 1.26401e-29 
2 0 -3.01188e-35 
2 0 -1.32921e-36 
2 0 3.12845e-55 
2 0 1.56436e-60 
2 0 0 
2 0 0 
2 0 0 
2 0 0 
2 0 0 
2 0 0 
2 0 0 
2 0 0 
2 0 0 
2 0 0 
2 0 -1.22055e-59 
2 0 -3.57527e-56 
2 0 1.32921e-36 
2 0 3.02365e-35 
2 0 -1.27348e-29 
2 0 6.43175e-27 
2 0 -6.97557e-32 
2 0 -5.9027e-34 
2 0 1.25151e-52 
2 0 2.29057e-57 
2 0 2.74134e-70 
2 0 0 
2 0 0 
2 0 0 
2 0 0 
2 0 0 
2 0 0 
2 0 0 
2 0 0 
2 0 0 
2 0 -1.97838e-56 
2 0 -3.11248e-53 
2 0 5.9027e-34 
2 0 6.99858e-32 
2 0 -5.79006e-27 
2 0 2.12361e-24 
2 0 -6.75643e-29 
2 0 -1.8427e-31 
2 0 4.1318e-50 
2 0 2.34282e-54 
2 0 1.43936e-66 
2 0 0 
2 0 0 
2 0 0 
2 0 0 
2 0 0 
2 0 0 
2 0 0 
2 0 0 
2 0 0 
2 0 -2.20793e-53 
2 0 -2.04841e-50 
2 0 1.8427e-31 
2 0 6.77449e-29 
2 0 -1.77089e-24 
2 0 4.15539e-22 
2 0 -3.51322e-26 
2 0 -4.13155e-29 
2 0 1.13277e-47 
2 0 1.78521e-51 
2 0 3.54246e-63 
2 0 0 
2 0 0 
2 0 0 
2 0 0 
2 0 0 
2 0 0 
2 0 0 
2 0 0 
2 0 0 
2 0 -1.80058e-50 
2 0 -1.03958e-47 
2 0 5.20032e-29 
2 0 3.52038e-26 
2 0 -3.35977e-22 
2 1.65863e-17 4.11661e-20 
2 1.65863e-17 -1.39829e-23 
2 1.65863e-17 -1.22545e-24 
2 1.65863e-17 2.60307e-45 
2 1.65863e-17 1.05716e-48 
2 1.65863e-17 1.0728e-59 
2 1.65863e-17 0 
2 1.65863e-17 0 
2 1.65863e-17 0 
2 1.65863e-17 0 
2 1.65863e-17 0 
2 1.65863e-17 0 
2 1.65863e-17 0 
2 1.65863e-17 0 
2 1.65863e-17 0 
2 1.65863e-17 -1.11063e-47 
2 1.65863e-17 -4.12006e-45 
2 1.65863e-17 2.08998e-26 
2 1.65863e-17 1.10355e-23 
2 1.65863e-17 -3.39326e-20 
2 2.52743e-15 1.61428e-18 
2 2.54402e-15 1.79181e-18 
2 2.54402e-15 -1.45143e-21 
2 2.54402e-15 5.11881e-43 
2 2.54402e-15 5.01751e-46 
2 2.54402e-15 2.96091e-56 
2 2.54402e-15 0 
2 2.54402e-15 0 
2 2.54402e-15 0 
2 2.54402e-15 0 
2 2.54402e-15 0 
2 2.54402e-15 0 
2 2.54402e-15 0 
2 2.54402e-15 0 
2 2.54402e-15 0 
2 2.54402e-15 -5.28833e-45 
2 2.54402e-15 -1.28394e-42 
2 2.54402e-15 1.99689e-24 
2 2.54402e-15 2.67945e-21 
2 2.53572e-15 -3.32975e-18 
2 9.02602e-14 2.02223e-17 
2 9.09393e-14 3.44158e-16 
2 9.09464e-14 -5.77565e-19 
2 9.09464e-14 9.00138e-41 
2 9.09464e-14 1.95275e-43 
2 9.09464e-14 1.62753e-49 
2 9.09464e-14 0 
2 9.09464e-14 0 
2 9.09464e-14 0 
2 9.09464e-14 0 
2 9.09464e-14 0 
2 9.09464e-14 0 
2 9.09464e-14 0 
2 9.09464e-14 0 
2 9.09464e-14 -1.62697e-49 
2 9.09464e-14 -1.96547e-42 
2 9.09464e-14 -3.15331e-40 
2 9.09464e-14 -2.56198e-22 
2 9.09393e-14 6.19196e-19 
2 9.02602e-14 -3.54812e-16 
2 2.44437e-12 2.75832e-17 
2 2.44332e-12 -2.38698e-18 
2 2.4433e-12 -7.76788e-17 
2 2.4433e-12 1.51139e-38 
2 2.4433e-12 6.32157e-41 
2 2.4433e-12 1.10616e-43 
2 2.4433e-12 2.95461e-60 
2 2.4433e-12 0 
2 2.4433e-12 0 
2 2.4433e-12 0 
2 2.4433e-12 0 
2 2.4433e-12 0 
2 2.4433e-12 0 
2 2.4433e-12 0 
2 2.4433e-12 -1.10613e-43 
2 2.4433e-12 -5.72471e-40 
2 2.4433e-12 -6.09466e-38 
2 2.4433e-12 -8.38941e-20 
2 2.44331e-12 8.15289e-17 
2 2.44435e-12 -3.39697e-17 
2 5.43134e-11 5.97371e-18 
2 5.43131e-11 -3.71395e-16 
2 5.43127e-11 -1.95438e-16 
2 5.43128e-11 1.31872e-25 
2 5.43128e-11 9.32996e-38 
2 5.43128e-11 -3.6673e-29 
2 5.43128e-11 9.76292e-52 
2 5.43128e-11 0 
2 5.43128e-11 0 
2 5.43128e-11 0 
2 5.43128e-11 0 
2 5.43128e-11 0 
2 5.43128e-11 0 
2 5.43128e-11 0 
2 5.43128e-11 3.6673e-29 
2 5.43128e-11 -5.16706e-37 
2 5.43128e-11 -2.36613e-35 
2 5.43126e-11 -8.9386e-18 
2 5.4313e-11 2.27659e-16 
2 5.43126e-11 -4.67707e-17 
2 9.99949e-10 -3.57676e-16 
2 9.9995e-10 -4.36195e-16 
2 9.9995e-10 9.20397e-18 
2 9.9995e-10 8.29331e-18 
2 9.9995e-10 -3.39046e-28 
2 9.9995e-10 -5.79058e-26 
2 9.9995e-10 1.48758e-49 
2 9.9995e-10 0 
2 9.9995e-10 0 
2 9.9995e-10 0 
2 9.9995e-10 0 
2 9.9995e-10 0 
2 9.9995e-10 0 
2 9.9995e-10 0 
2 9.9995e-10 5.79058e-26 
2 9.9995e-10 3.39046e-28 
2 9.9995e-10 -8.29315e-18 
2 9.9995e-10 -8.76247e-17 
2 9.99949e-10 1.58682e-16 
2 9.99949e-10 -8.86258e-17 
2 1.5323e-08 3.93759e-16 
2 1.5323e-08 -1.44378e-16 
2 1.5323e-08 1.62071e-16 
2 1.5323e-08 6.4048e-20 
2 1.5323e-08 -4.04492e-25 
2 1.5323e-08 -3.4523e-23 
2 1.5323e-08 -3.45169e-46 
2 1.5323e-08 0 
2 1.5323e-08 0 
2 1.5323e-08 0 
2 1.5323e-08 0 
2 1.5323e-08 0 
2 1.5323e-08 0 
2 1.5323e-08 0 
2 1.5323e-08 3.4523e-23 
2 1.5323e-08 4.04492e-25 
2 1.5323e-08 5.36363e-25 
2 1.5323e-08 -1.671e-16 
2 1.5323e-08 1.29552e-16 
2 1.5323e-08 -5.38342e-16 
2 1.9646e-07 4.97232e-16 
2 1.9646e-07 -1.44987e-16 
2 1.9646e-07 2.74085e-17 
2 1.9646e-07 9.22637e-18 
2 1.9646e-07 -1.64274e-22 
2 1.9646e-07 -9.30387e-21 
2 1.9646e-07 -2.16062e-41 
2 1.9646e-07 -1.15466e-42 
2 1.9646e-07 0 
2 1.9646e-07 0 
2 1.9646e-07 0 
2 1.9646e-07 0 
2 1.9646e-07 1.15466e-42 
2 1.9646e-07 0 
2 1.9646e-07 9.30387e-21 
2 1.9646e-07 1.64274e-22 
2 1.9646e-07 2.53234e-21 
2 1.9646e-07 -1.47701e-17 
2 1.9646e-07 1.72012e-16 
2 1.9646e-07 -4.55844e-16 
2 2.11698e-06 1.36939e-16 
2 2.11698e-06 -1.59378e-16 
2 2.11698e-06 2.90865e-16 
2 2.11698e-06 1.79331e-16 
2 2.11698e-06 -2.40544e-20 
2 2.11698e-06 -1.00284e-18 
2 2.11698e-06 -7.05362e-38 
2 2.11698e-06 -3.42783e-39 
2 2.11698e-06 0 
2 2.11698e-06 0 
2 2.11698e-06 0 
2 2.11698e-06 0 
2 2.11698e-06 3.42783e-39 
2 2.11698e-06 2.36022e-46 
2 2.11698e-06 1.00284e-18 
2 2.11698e-06 2.40544e-20 
2 2.11698e-06 9.48742e-19 
2 2.11698e-06 1.42209e-16 
2 2.11698e-06 1.93747e-16 
2 2.11698e-06 1.34161e-16 
2 1.92349e-05 -4.11901e-16 
2 1.92349e-05 -9.22125e-17 
2 1.92349e-05 1.91408e-16 
2 1.92349e-05 3.77922e-16 
2 1.92349e-05 -5.56686e-19 
2 1.92349e-05 -1.55297e-17 
2 1.92349e-05 -5.75376e-37 
2 1.92349e-05 -4.45933e-36 
2 1.92349e-05 -3.30622e-39 
2 1.92349e-05 0 
2 1.92349e-05 0 
2 1.92349e-05 3.30622e-39 
2 1.92349e-05 4.45602e-36 
2 1.92349e-05 7.72778e-43 
2 1.92349e-05 1.55297e-17 
2 1.92349e-05 5.56687e-19 
2 1.92349e-05 2.25618e-17 
2 1.92349e-05 3.35824e-16 
2 1.92349e-05 -6.18747e-17 
2 1.92349e-05 2.20244e-16 
1.99997 0.000147598 3.31448e-18 
1.99997 0.000147598 -8.33517e-16 
1.99997 0.000147598 3.09486e-17 
1.99997 0.000147598 7.92702e-17 
1.99997 0.000147598 -4.03009e-18 
1.99997 0.000147598 -1.61158e-16 
1.99997 0.000147598 4.98788e-32 
1.99997 0.000147598 -3.90492e-33 
1.99997 0.000147598 -8.70715e-36 
1.99997 0.000147598 0 
1.99997 0.000147598 0 
1.99997 0.000147598 8.70715e-36 
1.99997 0.000147598 3.31671e-33 
1.99997 0.000147598 1.98759e-39 
1.99997 0.000147598 1.61158e-16 
1.99997 0.000147598 4.03009e-18 
1.99997 0.000147598 9.33624e-17 
1.99997 0.000147598 -8.16891e-17 
1.99997 0.000147598 -3.89948e-16 
1.99997 0.000147598 6.91563e-17 
1.99978 0.000955991 -1.104e-17 
1.99978 0.000955991 2.26246e-16 
1.99978 0.000955991 2.14321e-16 
1.99978 0.000955991 1.74375e-16 
1.99978 0.000955991 -8.95652e-18 
1.99978 0.000955991 -3.38955e-16 
1.99978 0.000955991 1.79352e-18 
1.99978 0.000955991 -2.73886e-30 
1.99978 0.000955991 -9.83392e-33 
1.99978 0.000955991 0 
1.99978 0.000955991 0 
1.99978 0.000955991 9.83392e-33 
1.99978 0.000955991 1.5492e-30 
1.99978 0.000955991 -1.79352e-18 
1.99978 0.000955991 3.38956e-16 
1.99978 0.000955991 1.72494e-17 
1.99978 0.000955991 4.91167e-16 
1.99978 0.000955991 -7.71203e-16 
1.99978 0.000955991 -5.01261e-16 
1.99978 0.000955991 1.67692e-18 
1.99882 0.0052093 -3.38171e-17 
1.99882 0.0052093 3.51177e-17 
1.99882 0.0052093 1.2993e-16 
1.99882 0.0052093 -1.90319e-16 
1.99882 0.0052093 -3.47443e-16 
1.99882 0.0052093 -1.61245e-16 
1.99882 0.0052093 3.43388e-16 
1.99882 0.0052093 8.29315e-18 
1.99882 0.0052093 -6.18423e-30 
1.99882 0.0052093 0 
1.99882 0.0052093 0 
1.99882 0.0052093 6.18198e-30 
1.99882 0.0052093 -8.29315e-18 
1.99882 0.0052093 -3.43388e-16 
1.99882 0.0052093 1.61244e-16 
1.99882 0.0052093 3.47435e-16 
1.99882 0.0052093 -2.52618e-16 
1.99882 0.0052093 2.89485e-16 
1.99882 0.0052093 3.36423e-16 
1.99882 0.0052093 -4.58742e-16 
1.99463 0.023714 1.10427e-16 
1.99463 0.023714 5.70777e-17 
1.99463 0.023714 -2.13918e-16 
1.99463 0.023714 -6.64518e-16 
1.99463 0.023714 -1.06375e-17 
1.99463 0.023714 -1.59692e-17 
1.99463 0.023714 1.79674e-18 
1.99463 0.023714 -3.97197e-26 
1.99463 0.023714 -2.34759e-27 
1.99463 0.023714 -3.83745e-43 
1.99463 0.023714 0 
1.99463 0.023714 2.34321e-27 
1.99463 0.023714 -2.92257e-25 
1.99463 0.023714 -1.79672e-18 
1.99463 0.023714 1.59467e-17 
1.99463 0.023714 2.36676e-18 
1.99463 0.023714 7.36464e-18 
1.99463 0.023714 -3.45073e-16 
1.99463 0.023714 1.611e-17 
1.99463 0.023714 7.70732e-16 
1.97969 0.0892031 5.05259e-16 
1.97969 0.0892031 4.18391e-16 
1.97969 0.0892031 9.03833e-17 
1.97969 0.0892031 -2.33416e-16 
1.97969 0.0892031 -3.89572e-19 
1.97969 0.0892031 -1.29507e-19 
1.97969 0.0892031 5.19183e-21 
1.97969 0.0892031 5.75831e-22 
1.97969 0.0892031 -5.43273e-25 
1.97969 0.0892031 -2.57668e-32 
1.97969 0.0892031 2.57668e-32 
1.97969 0.0892031 5.39856e-25 
1.97969 0.0892031 -6.56276e-22 
1.97969 0.0892031 -3.14516e-25 
1.97969 0.0892031 1.30773e-19 
1.97969 0.0892031 1.47419e-20 
1.97969 0.0892031 5.64811e-20 
1.97969 0.0892031 -7.93596e-18 
1.97969 0.0892031 1.93846e-17 
1.97969 0.0892031 1.52815e-17 
1.93656 0.273655 -3.84007e-16 
1.93656 0.273655 -3.20358e-17 
1.93656 0.273655 4.91696e-16 
1.93656 0.273655 -8.79004e-17 
1.93656 0.273655 -7.72295e-17 
1.93656 0.273655 8.92511e-18 
1.93656 0.273655 6.01261e-19 
1.93656 0.273655 2.82739e-19 
1.93656 0.273655 8.29308e-18 
1.93656 0.273655 -4.98971e-29 
1.93656 0.273655 4.98971e-29 
1.93656 0.273655 7.17507e-23 
1.93656 0.273655 -8.56117e-18 
1.93656 0.273655 -1.45794e-21 
1.93656 0.273655 -8.81173e-18 
1.93656 0.273655 -1.31412e-19 
1.93656 0.273655 5.08736e-19 
1.93656 0.273655 7.06957e-17 
1.93656 0.273655 1.17958e-16 
1.93656 0.273655 -2.09568e-16 
1.83503 0.68123 7.54375e-16 
1.83503 0.68123 -2.10461e-16 
1.83503 0.68123 1.43836e-16 
1.83503 0.68123 -1.12138e-16 
1.83503 0.68123 -5.4968e-16 
1.83503 0.68123 3.67245e-16 
1.83503 0.68123 3.67952e-17 
1.83503 0.68123 4.5293e-17 
1.83503 0.68123 -4.98474e-21 
1.83503 0.68123 -3.94566e-26 
1.83503 0.68123 3.94566e-26 
1.83503 0.68123 6.78272e-21 
1.83503 0.68123 -3.67511e-17 
1.83503 0.68123 -2.40309e-18 
1.83503 0.68123 5.63342e-20 
1.83503 0.68123 1.65934e-18 
1.83503 0.68123 1.74704e-17 
1.83503 0.68123 1.98389e-16 
1.83503 0.68123 3.45229e-16 
1.83503 0.68123 -9.73321e-17 
1.71721 1.13381 -3.66382e-16 
1.71721 1.13381 -5.34215e-16 
1.71721 1.13381 3.52861e-16 
1.71721 1.13381 -2.517e-16 
1.71721 1.13381 -8.24922e-16 
1.71721 1.13381 3.26681e-16 
1.71721 1.13381 5.96163e-16 
1.71721 1.13381 1.47332e-16 
1.71721 1.13381 -1.18508e-19 
1.71721 1.13381 -1.62486e-23 
1.71721 1.13381 1.62487e-23 
1.71721 1.13381 1.76622e-18 
1.71721 1.13381 -9.41239e-17 
1.71721 1.13381 -3.87015e-16 
1.71721 1.13381 1.486e-18 
1.71721 1.13381 3.66245e-16 
1.71721 1.13381 -1.29505e-16 
1.71721 1.13381 3.26255e-16 
1.71721 1.13381 8.83401e-19 
1.71721 1.13381 -4.41923e-16 
1.62036 1.38829 2.93e-17 
1.62036 1.38829 -1.87176e-17 
1.62036 1.38829 1.84694e-16 
1.62036 1.38829 -3.73603e-16 
1.62036 1.38829 -4.90282e-17 
1.62036 1.38829 -4.83459e-17 
1.62036 1.38829 3.25237e-16 
1.62036 1.38829 3.23575e-16 
1.62036 1.38829 -1.44915e-18 
1.62036 1.38829 -3.51108e-21 
1.62036 1.38829 4.1501e-18 
1.62036 1.38829 1.73841e-16 
1.62036 1.38829 -5.10498e-17 
1.62036 1.38829 -2.71671e-16 
1.62036 1.38829 -2.91327e-16 
1.62036 1.38829 -2.82113e-16 
1.62036 1.38829 -8.26407e-17 
1.62036 1.38829 -2.52147e-16 
1.62036 1.38829 6.60924e-17 
1.62036 1.38829 6.57582e-16 
1.56551 1.6557 -2.95957e-17 
1.56551 1.6557 -2.17909e-16 
1.56551 1.6557 -4.7642e-17 
1.56551 1.6557 6.99721e-17 
1.56551 1.6557 -1.38675e-16 
1.56551 1.6557 1.70782e-16 
1.56551 1.6557 1.96846e-16 
1.56551 1.6557 -1.2034e-16 
1.56551 1.6557 -1.08522e-17 
1.56551 1.6557 -3.29091e-19 
1.56551 1.6557 -3.79857e-18 
1.56551 1.6557 -1.71787e-16 
1.56551 1.6557 -1.5363e-16 
1.56551 1.6557 6.11494e-16 
1.56551 1.6557 -2.21825e-16 
1.56551 1.6557 -1.83962e-16 
1.56551 1.6557 -4.42266e-16 
1.56551 1.6557 -4.67242e-17 
1.56551 1.6557 1.17586e-16 
1.56551 1.6557 -6.57117e-17 
1.51269 1.7762 -1.0784e-16 
1.51269 1.7762 5.9264e-17 
1.51269 1.7762 -2.53441e-17 
1.51269 1.7762 6.43417e-17 
1.51269 1.7762 2.05567e-16 
1.51269 1.7762 -9.38317e-17 
1.51269 1.7762 -1.26336e-16 
1.51269 1.7762 1.42939e-16 
1.51269 1.7762 -6.14123e-17 
1.51269 1.7762 -4.24662e-18 
1.51269 1.7762 4.63425e-18 
1.51269 1.7762 -1.2658e-16 
1.51269 1.7762 3.04698e-17 
1.51269 1.7762 2.12567e-16 
1.51269 1.7762 4.75293e-17 
1.51269 1.7762 -1.00906e-16 
1.51269 1.7762 -3.60232e-17 
1.51269 1.7762 -2.80232e-16 
1.51269 1.7762 -1.54167e-16 
1.51269 1.7762 1.89741e-16 
1.47404 1.78733 3.50136e-17 
1.47404 1.78733 1.12013e-16 
1.47404 1.78733 1.87562e-16 
1.47404 1.78733 -8.85145e-17 
1.47404 1.78733 -3.74948e-17 
1.47404 1.78733 -2.20994e-17 
1.47404 1.78733 3.35477e-17 
1.47404 1.78733 3.39203e-17 
1.47404 1.78733 1.90018e-16 
1.47404 1.78733 -2.65543e-17 
1.47404 1.78733 -1.72979e-16 
1.47404 1.78733 -1.57667e-16 
1.47404 1.78733 -2.65853e-16 
1.47404 1.78733 1.7836e-16 
1.47404 1.78733 1.16477e-16 
1.47404 1.78733 6.88103e-17 
1.47404 1.78733 1.23648e-16 
1.47404 1.78733 -7.15221e-16 
1.47404 1.78733 1.19538e-16 
1.47404 1.78733 1.47298e-16 
1.45865 1.85569 2.50788e-16 
1.45865 1.85569 1.64648e-16 
1.45865 1.85569 1.94959e-16 
1.45865 1.85569 -5.69918e-17 
1.45865 1.85569 -2.09849e-16 
1.45865 1.85569 -1.17415e-16 
1.45865 1.85569 -1.56041e-16 
1.45865 1.85569 -1.65329e-16 
1.45865 1.85569 -2.20395e-16 
1.45865 1.85569 -8.06085e-17 
1.45865 1.85569 -5.6629e-18 
1.45865 1.85569 -2.80503e-16 
1.45865 1.85569 -1.3507e-17 
1.45865 1.85569 4.41236e-16 
1.45865 1.85569 3.98241e-16 
1.45865 1.85569 -1.73908e-16 
1.45865 1.85569 -3.07068e-16 
1.45865 1.85569 2.79926e-16 
1.45865 1.85569 2.86766e-16 
1.45865 1.85569 2.80268e-16 
1.46168 1.94111 1.87297e-16 
1.46168 1.94111 2.38294e-16 
1.46168 1.94111 1.016e-16 
1.46168 1.94111 -2.72558e-16 
1.46168 1.94111 -3.4871e-16 
1.46168 1.94111 -9.49415e-17 
1.46168 1.94111 -2.65701e-16 
1.46168 1.94111 -2.91696e-16 
1.46168 1.94111 -3.00166e-16 
1.46168 1.94111 -1.60081e-16 
1.46168 1.94111 -1.07978e-16 
1.46168 1.94111 2.32091e-16 
1.46168 1.94111 3.85575e-16 
1.46168 1.94111 1.77187e-16 
1.46168 1.94111 2.59608e-16 
1.46168 1.94111 2.74471e-17 
1.46168 1.94111 -2.96428e-16 
1.46168 1.94111 4.27753e-18 
1.46168 1.94111 5.69002e-16 
1.46168 1.94111 7.5772e-17 
1.45808 1.94217 4.14877e-17 
1.45808 1.94217 6.99718e-17 
1.45808 1.94217 1.89907e-16 
1.45808 1.94217 -4.05248e-17 
1.45808 1.94217 -5.14701e-16 
1.45808 1.94217 -2.49611e-16 
1.45808 1.94217 -1.29351e-17 
1.45808 1.94217 -1.45584e-16 
1.45808 1.94217 -2.69691e-16 
1.45808 1.94217 -3.57692e-16 
1.45808 1.94217 -8.52339e-17 
1.45808 1.94217 4.02679e-16 
1.45808 1.94217 3.16199e-16 
1.45808 1.94217 1.96267e-17 
1.45808 1.94217 -6.78494e-17 
1.45808 1.94217 -3.03605e-17 
1.45808 1.94217 1.23904e-16 
1.45808 1.94217 -1.05267e-16 
1.45808 1.94217 1.16553e-17 
1.45808 1.94217 5.43791e-17 
1.44791 1.88316 1.08464e-16 
1.44791 1.88316 1.60485e-16 
1.44791 1.88316 -1.33196e-16 
1.44791 1.88316 -2.33846e-16 
1.44791 1.88316 -4.08631e-16 
1.44791 1.88316 -3.36669e-16 
1.44791 1.88316 1.32741e-17 
1.44791 1.88316 -9.61694e-17 
1.44791 1.88316 -8.69428e-17 
1.44791 1.88316 -8.58255e-17 
1.44791 1.88316 7.46356e-18 
1.44791 1.88316 9.10831e-17 
1.44791 1.88316 -4.32251e-17 
1.44791 1.88316 -7.25438e-17 
1.44791 1.88316 -8.6199e-17 
1.44791 1.88316 -2.864e-17 
1.44791 1.88316 -1.89688e-16 
1.44791 1.88316 -9.0485e-17 
1.44791 1.88316 5.99358e-17 
1.44791 1.88316 8.02262e-17 
1.44576 1.86046 4.19414e-17 
1.44576 1.86046 -1.21059e-16 
1.44576 1.86046 -2.42586e-16 
1.44576 1.86046 -3.36051e-16 
1.44576 1.86046 -2.22855e-16 
1.44576 1.86046 -3.73791e-17 
1.44576 1.86046 7.11883e-17 
1.44576 1.86046 7.12268e-18 
1.44576 1.86046 5.38283e-17 
1.44576 1.86046 1.18809e-17 
1.44576 1.86046 -3.25404e-17 
1.44576 1.86046 -3.80481e-17 
1.44576 1.86046 -1.56961e-16 
1.44576 1.86046 -2.75132e-17 
1.44576 1.86046 -9.59297e-17 
1.44576 1.86046 -2.49061e-16 
1.44576 1.86046 -1.34395e-16 
1.44576 1.86046 -2.7128e-16 
1.44576 1.86046 -1.52325e-16 
1.44576 1.86046 1.28523e-16 
1.45023 1.88248 2.69584e-18 
1.45023 1.88248 -3.91625e-16 
1.45023 1.88248 -1.48148e-16 
1.45023 1.88248 -3.9134e-17 
1.45023 1.88248 -2.65631e-16 
1.45023 1.88248 -4.22779e-17 
1.45023 1.88248 1.81963e-16 
1.45023 1.88248 1.21877e-16 
1.45023 1.88248 1.16996e-16 
1.45023 1.88248 8.12066e-17 
1.45023 1.88248 -6.32334e-17 
1.45023 1.88248 -1.20174e-16 
1.45023 1.88248 -1.00212e-16 
1.45023 1.88248 1.44055e-16 
1.45023 1.88248 -2.71029e-16 
1.45023 1.88248 -4.1689e-16 
1.45023 1.88248 -3.00535e-16 
1.45023 1.88248 -2.14114e-16 
1.45023 1.88248 -2.55146e-16 
1.45023 1.88248 1.15703e-16 
1.45992 1.93352 -1.99829e-16 
1.45992 1.93352 -2.58748e-16 
1.45992 1.93352 -2.31823e-16 
1.45992 1.93352 -3.09639e-16 
1.45992 1.93352 -9.39674e-17 
1.45992 1.93352 6.84301e-17 
1.45992 1.93352 1.63169e-16 
1.45992 1.93352 1.49347e-16 
1.45992 1.93352 4.06453e-18 
1.45992 1.93352 8.82688e-17 
1.45992 1.93352 -5.36399e-17 
1.45992 1.93352 3.5395e-17 
1.45992 1.93352 2.13298e-16 
1.45992 1.93352 5.42666e-17 
1.45992 1.93352 -3.61344e-16 
1.45992 1.93352 -3.26449e-16 
1.45992 1.93352 -2.39537e-16 
1.45992 1.93352 8.26828e-18 
1.45992 1.93352 -7.3025e-17 
1.45992 1.93352 7.83897e-17 
1.45996 1.93693 -3.88899e-17 
1.45996 1.93693 -2.64227e-16 
1.45996 1.93693 -3.38567e-16 
1.45996 1.93693 -1.89174e-16 
1.45996 1.93693 1.53119e-16 
1.45996 1.93693 1.75255e-16 
1.45996 1.93693 4.36631e-16 
1.45996 1.93693 3.71522e-16 
1.45996 1.93693 -1.48609e-16 
1.45996 1.93693 5.37059e-17 
1.45996 1.93693 -2.55225e-17 
1.45996 1.93693 -1.22137e-16 
1.45996 1.93693 2.90823e-16 
1.45996 1.93693 1.10846e-16 
1.45996 1.93693 -2.83016e-16 
1.45996 1.93693 -1.028e-16 
1.45996 1.93693 -3.61949e-16 
1.45996 1.93693 -3.66992e-17 
1.45996 1.93693 1.98845e-16 
1.45996 1.93693 5.66515e-17 
1.45123 1.8884 -2.18356e-16 
1.45123 1.8884 -4.19431e-16 
1.45123 1.8884 -2.16274e-16 
1.45123 1.8884 1.94399e-16 
1.45123 1.8884 1.3148e-16 
1.45123 1.8884 7.88325e-17 
1.45123 1.8884 4.89786e-16 
1.45123 1.8884 4.77626e-16 
1.45123 1.8884 -5.44609e-17 
1.45123 1.8884 3.77653e-18 
1.45123 1.8884 -1.33873e-18 
1.45123 1.8884 -9.10602e-17 
1.45123 1.8884 4.9172e-17 
1.45123 1.8884 -5.62249e-17 
1.45123 1.8884 -2.86793e-16 
1.45123 1.8884 -2.68786e-16 
1.45123 1.8884 -1.48358e-16 
1.45123 1.8884 1.46538e-16 
1.45123 1.8884 1.42215e-16 
1.45123 1.8884 3.86084e-17 
1.44438 1.84967 -4.00584e-16 
1.44438 1.84967 -1.92387e-16 
1.44438 1.84967 -3.4016e-17 
1.44438 1.84967 1.77963e-16 
1.44438 1.84967 5.563e-17 
1.44438 1.84967 -2.83206e-18 
1.44438 1.84967 3.5448e-16 
1.44438 1.84967 3.51589e-16 
1.44438 1.84967 1.60817e-16 
1.44438 1.84967 1.36666e-16 
1.44438 1.84967 1.74064e-16 
1.44438 1.84967 -1.86626e-16 
1.44438 1.84967 -6.74852e-18 
1.44438 1.84967 -4.51493e-17 
1.44438 1.84967 -4.47737e-16 
1.44438 1.84967 -2.51744e-16 
1.44438 1.84967 6.49755e-18 
1.44438 1.84967 -1.788e-17 
1.44438 1.84967 -1.61504e-16 
1.44438 1.84967 -1.75396e-16 
1.44593 1.86333 -1.65998e-16 
1.44593 1.86333 3.03898e-16 
1.44593 1.86333 1.00807e-16 
1.44593 1.86333 -7.30448e-17 
1.44593 1.86333 9.20544e-17 
1.44593 1.86333 6.98519e-17 
1.44593 1.86333 -2.9097e-17 
1.44593 1.86333 3.52703e-16 
1.44593 1.86333 3.17005e-16 
1.44593 1.86333 -1.12694e-17 
1.44593 1.86333 6.66031e-18 
1.44593 1.86333 -6.2493e-18 
1.44593 1.86333 -3.7078e-18 
1.44593 1.86333 6.10303e-17 
1.44593 1.86333 -2.78809e-16 
1.44593 1.86333 -5.86e-16 
1.44593 1.86333 -2.94295e-16 
1.44593 1.86333 -2.31524e-16 
1.44593 1.86333 -1.24777e-16 
1.44593 1.86333 -3.94294e-17 
1.45595 1.91672 5.58319e-17 
1.45595 1.91672 2.55666e-16 
1.45595 1.91672 1.03558e-16 
1.45595 1.91672 1.42919e-17 
1.45595 1.91672 2.40613e-16 
1.45595 1.91672 -8.60305e-17 
1.45595 1.91672 -3.27474e-16 
1.45595 1.91672 2.96738e-16 
1.45595 1.91672 4.87384e-16 
1.45595 1.91672 3.90247e-18 
1.45595 1.91672 4.56857e-21 
1.45595 1.91672 -3.0303e-21 
1.45595 1.91672 -4.00108e-17 
1.45595 1.91672 -8.64407e-17 
1.45595 1.91672 -3.49184e-16 
1.45595 1.91672 -4.48455e-16 
1.45595 1.91672 -3.4249e-16 
1.45595 1.91672 -4.52937e-16 
1.45595 1.91672 -1.63792e-17 
1.45595 1.91672 -1.0858e-16 
1.45145 1.89838 2.02508e-16 
1.45145 1.89838 -7.90302e-17 
1.45145 1.89838 -9.21875e-17 
1.45145 1.89838 1.00816e-16 
1.45145 1.89838 1.246e-16 
1.45145 1.89838 -1.39132e-16 
1.45145 1.89838 -3.23565e-16 
1.45145 1.89838 2.92911e-16 
1.45145 1.89838 2.93847e-16 
1.45145 1.89838 -8.98604e-22 
1.45145 1.89838 -7.28497e-27 
1.45145 1.89838 -1.77205e-24 
1.45145 1.89838 -1.36185e-16 
1.45145 1.89838 1.46599e-17 
1.45145 1.89838 -7.00614e-17 
1.45145 1.89838 -3.39751e-16 
1.45145 1.89838 -4.28069e-16 
1.45145 1.89838 -2.56942e-16 
1.45145 1.89838 -2.8906e-16 
1.45145 1.89838 -1.41838e-16 
1.37451 1.50592 4.27342e-16 
1.37451 1.50592 3.37589e-16 
1.37451 1.50592 3.64654e-17 
1.37451 1.50592 3.00898e-16 
1.37451 1.50592 -5.88909e-17 
1.37451 1.50592 -3.42556e-16 
1.37451 1.50592 -2.62282e-16 
1.37451 1.50592 -1.00338e-18 
1.37451 1.50592 1.98622e-16 
1.37451 1.50592 -3.92959e-24 
1.37451 1.50592 -9.27311e-31 
1.37451 1.50592 -1.98772e-27 
1.37451 1.50592 -1.39227e-16 
1.37451 1.50592 7.62221e-19 
1.37451 1.50592 2.50265e-16 
1.37451 1.50592 -2.74481e-17 
1.37451 1.50592 -1.01438e-16 
1.37451 1.50592 -3.55004e-16 
1.37451 1.50592 -1.35881e-16 
1.37451 1.50592 -1.73379e-16 
1.08962 0.309464 8.41551e-17 
1.08962 0.309464 4.34419e-17 
1.08962 0.309464 4.70019e-18 
1.08962 0.309464 3.86625e-17 
1.08962 0.309464 -7.0337e-18 
1.08962 0.309464 -5.19933e-17 
1.08962 0.309464 -7.65964e-17 
1.08962 0.309464 -7.07921e-18 
1.08962 0.309464 4.24196e-17 
1.08962 0.309464 -1.52768e-26 
1.08962 0.309464 0 
1.08962 0.309464 -7.76872e-31 
1.08962 0.309464 -3.70782e-17 
1.08962 0.309464 6.61476e-18 
1.08962 0.309464 8.63297e-17 
1.08962 0.309464 2.81515e-18 
1.08962 0.309464 -9.77989e-18 
1.08962 0.309464 -4.78751e-18 
1.08962 0.309464 -8.90142e-17 
1.08962 0.309464 -4.05964e-16 
1.00949 0.0301327 -6.37947e-18 
1.00949 0.0301327 1.80394e-18 
1.00949 0.0301327 2.38436e-19 
1.00949 0.0301327 -1.51619e-19 
1.00949 0.0301327 -3.49358e-19 
1.00949 0.0301327 -5.30127e-19 
1.00949 0.0301327 -2.3322e-18 
1.00949 0.0301327 -1.14724e-19 
1.00949 0.0301327 2.83854e-18 
1.00949 0.0301327 -2.9142e-29 
1.00949 0.0301327 0 
1.00949 0.0301327 0 
1.00949 0.0301327 -2.81943e-18 
1.00949 0.0301327 1.01867e-19 
1.00949 0.0301327 3.70932e-18 
1.00949 0.0301327 8.17362e-19 
1.00949 0.0301327 -7.32582e-21 
1.00949 0.0301327 -2.75845e-20 
1.00949 0.0301327 -3.31894e-18 
1.00949 0.0301327 -5.20744e-17 
1.00087 0.00273306 5.45739e-19 
1.00087 0.00273306 5.84259e-20 
1.00087 0.00273306 7.01069e-21 
1.00087 0.00273306 -7.8501e-21 
1.00087 0.00273306 -1.17605e-20 
1.00087 0.00273306 -1.44948e-20 
1.00087 0.00273306 -1.31764e-20 
1.00087 0.00273306 -6.29407e-22 
1.00087 0.00273306 1.83861e-20 
1.00087 0.00273306 -3.57972e-32 
1.00087 0.00273306 0 
1.00087 0.00273306 0 
1.00087 0.00273306 -1.83729e-20 
1.00087 0.00273306 5.42856e-22 
1.00087 0.00273306 3.31613e-20 
1.00087 0.00273306 1.37026e-20 
1.00087 0.00273306 4.96951e-21 
1.00087 0.00273306 -2.17609e-20 
1.00087 0.00273306 -5.83953e-20 
1.00087 0.00273306 -3.75835e-19 
1.00008 0.000248099 -2.17259e-20 
1.00008 0.000248099 1.75388e-21 
1.00008 0.000248099 -1.68509e-23 
1.00008 0.000248099 -1.54601e-22 
1.00008 0.000248099 -2.69921e-22 
1.00008 0.000248099 -3.49214e-22 
1.00008 0.000248099 -3.06736e-23 
1.00008 0.000248099 -2.18864e-24 
1.00008 0.000248099 4.65863e-23 
1.00008 0.000248099 -2.80053e-35 
1.00008 0.000248099 0 
1.00008 0.000248099 0 
1.00008 0.000248099 -4.65902e-23 
1.00008 0.000248099 1.91625e-24 
1.00008 0.000248099 3.68063e-22 
1.00008 0.000248099 2.84611e-22 
1.00008 0.000248099 7.36389e-23 
1.00008 0.000248099 -4.12632e-22 
1.00008 0.000248099 -2.11215e-21 
1.00008 0.000248099 -9.88551e-21 
1.00001 2.19196e-05 -2.2359e-21 
1.00001 2.19196e-05 -4.88962e-23 
1.00001 2.19196e-05 -1.86321e-23 
1.00001 2.19196e-05 -3.77885e-24 
1.00001 2.19196e-05 -4.15461e-24 
1.00001 2.19196e-05 -4.503e-24 
1.00001 2.19196e-05 -3.33424e-26 
1.00001 2.19196e-05 -4.47446e-27 
1.00001 2.19196e-05 5.33653e-26 
1.00001 2.19196e-05 -1.31284e-38 
1.00001 2.19196e-05 0 
1.00001 2.19196e-05 0 
1.00001 2.19196e-05 -5.33653e-26 
1.00001 2.19196e-05 4.03619e-27 
1.00001 2.19196e-05 4.03515e-24 
1.00001 2.19196e-05 3.95068e-24 
1.00001 2.19196e-05 2.22184e-24 
1.00001 2.19196e-05 2.66747e-23 
1.00001 2.19196e-05 -6.5544e-23 
1.00001 2.19196e-05 -2.73321e-22 
1 1.81978e-06 -4.47592e-23 
1 1.81978e-06 -1.37559e-23 
1 1.81978e-06 -2.11257e-25 
1 1.81978e-06 -1.04847e-25 
1 1.81978e-06 -5.73714e-26 
1 1.81978e-06 -3.74377e-26 
1 1.81978e-06 -1.41895e-29 
1 1.81978e-06 -5.50315e-30 
1 1.81978e-06 2.31433e-29 
1 1.81978e-06 -2.84144e-42 
1 1.81978e-06 0 
1 1.81978e-06 0 
1 1.81978e-06 -2.31433e-29 
1 1.81978e-06 5.05001e-30 
1 1.81978e-06 3.10061e-26 
1 1.81978e-06 4.23916e-26 
1 1.81978e-06 7.12177e-26 
1 1.81978e-06 4.68179e-25 
1 1.81978e-06 -9.69904e-25 
1 1.81978e-06 -3.0134e-24 
1 1.38222e-07 -4.29614e-25 
1 1.38222e-07 -2.65673e-25 
1 1.38222e-07 -3.28353e-27 
1 1.38222e-07 -2.59466e-27 
1 1.38222e-07 -8.70199e-28 
1 1.38222e-07 -2.2692e-28 
1 1.38222e-07 6.37226e-33 
1 1.38222e-07 -4.00988e-33 
1 1.38222e-07 0 
1 1.38222e-07 0 
1 1.38222e-07 0 
1 1.38222e-07 0 
1 1.38222e-07 0 
1 1.38222e-07 3.48784e-33 
1 1.38222e-07 1.66172e-28 
1 1.38222e-07 4.18686e-28 
1 1.38222e-07 1.95109e-27 
1 1.38222e-07 7.50061e-27 
1 1.38222e-07 3.49717e-26 
1 1.38222e-07 2.28384e-25 
1 9.38656e-09 6.99955e-26 
1 9.38656e-09 -4.38311e-27 
1 9.38656e-09 -6.68887e-29 
1 9.38656e-09 -5.11043e-29 
1 9.38656e-09 -1.25854e-29 
1 9.38656e-09 -1.07845e-30 
1 9.38656e-09 1.45527e-35 
1 9.38656e-09 -1.60083e-36 
1 9.38656e-09 0 
1 9.38656e-09 0 
1 9.38656e-09 0 
1 9.38656e-09 0 
1 9.38656e-09 0 
1 9.38656e-09 1.02477e-36 
1 9.38656e-09 6.37263e-31 
1 9.38656e-09 3.74099e-30 
1 9.38656e-09 4.27006e-29 
1 9.38656e-09 1.29768e-28 
1 9.38656e-09 2.48451e-27 
1 9.38656e-09 9.49398e-27 
1 5.59012e-10 2.63757e-27 
1 5.59012e-10 -9.17619e-29 
1 5.59012e-10 -1.03821e-30 
1 5.59012e-10 -7.7296e-31 
1 5.59012e-10 -1.44768e-31 
1 5.59012e-10 -4.19782e-33 
1 5.59012e-10 8.50722e-39 
1 5.59012e-10 -2.76148e-40 
1 5.59012e-10 0 
1 5.59012e-10 0 
1 5.59012e-10 0 
1 5.59012e-10 0 
1 5.59012e-10 0 
1 5.59012e-10 0 
1 5.59012e-10 1.76678e-33 
1 5.59012e-10 2.75324e-32 
1 5.59012e-10 7.19552e-31 
1 5.59012e-10 1.76804e-30 
1 5.59012e-10 2.62035e-29 
1 5.59012e-10 1.79857e-28 
1 2.87543e-11 3.98107e-29 
1 2.87543e-11 -1.93797e-30 
1 2.87543e-11 -4.39623e-33 
1 2.87543e-11 -8.94267e-33 
1 2.87543e-11 -1.25437e-33 
1 2.87543e-11 -1.35903e-35 
1 2.87543e-11 3.07936e-42 
1 2.87543e-11 -3.59778e-50 
1 2.87543e-11 0 
1 2.87543e-11 0 
1 2.87543e-11 0 
1 2.87543e-11 0 
1 2.87543e-11 0 
1 2.87543e-11 0 
1 2.87543e-11 3.53591e-36 
1 2.87543e-11 1.58388e-34 
1 2.87543e-11 9.14385e-33 
1 2.87543e-11 1.41723e-32 
1 2.87543e-11 3.45945e-31 
1 2.87543e-11 6.48418e-30 
1 1.26179e-12 5.89484e-31 
1 1.26179e-12 -3.30497e-32 
1 1.26179e-12 7.87486e-34 
1 1.26179e-12 -7.9847e-35 
1 1.26179e-12 -8.21977e-36 
1 1.26179e-12 -3.54304e-38 
1 1.26179e-12 4.05254e-45 
1 1.26179e-12 0 
1 1.26179e-12 0 
1 1.26179e-12 0 
1 1.26179e-12 0 
1 1.26179e-12 0 
1 1.26179e-12 0 
1 1.26179e-12 0 
1 1.26179e-12 5.04678e-39 
1 1.26179e-12 7.03365e-37 
1 1.26179e-12 8.76855e-35 
1 1.26179e-12 -3.26841e-34 
1 1.26179e-12 5.69096e-33 
1 1.26179e-12 2.13919e-31 
1 4.67567e-14 7.64217e-33 
1 4.67567e-14 -4.33352e-34 
1 4.67567e-14 1.17663e-35 
1 4.67567e-14 -5.57193e-37 
1 4.67567e-14 -4.14108e-38 
1 4.67567e-14 -5.27298e-41 
1 4.67567e-14 4.09788e-48 
1 4.67567e-14 0 
1 4.67567e-14 0 
1 4.67567e-14 0 
1 4.67567e-14 0 
1 4.67567e-14 0 
1 4.67567e-14 0 
1 4.67567e-14 0 
1 4.67567e-14 5.00172e-42 
1 4.67567e-14 2.41728e-39 
1 4.67567e-14 6.4269e-37 
1 4.67567e-14 -1.29282e-35 
1 4.67567e-14 8.56434e-35 
1 4.67567e-14 4.94217e-33 
1 1.30915e-15 2.59044e-35 
1 1.30915e-15 -4.39867e-36 
1 1.30915e-15 8.4278e-38 
1 1.30915e-15 -3.07604e-39 
1 1.30915e-15 -1.62872e-40 
1 1.30915e-15 3.99423e-43 
1 1.30915e-15 3.0445e-51 
1 1.30915e-15 0 
1 1.30915e-15 0 
1 1.30915e-15 0 
1 1.30915e-15 0 
1 1.30915e-15 0 
1 1.30915e-15 0 
1 1.30915e-15 0 
1 1.30915e-15 3.26726e-45 
1 1.30915e-15 6.45961e-42 
1 1.30915e-15 3.65665e-39 
1 1.30915e-15 -9.42673e-38 
1 1.30915e-15 1.08215e-36 
1 1.30915e-15 8.53115e-35 
1 4.14658e-18 -6.10855e-36 
1 4.14658e-18 -3.53022e-38 
1 4.14658e-18 4.40451e-40 
1 4.14658e-18 -1.35702e-41 
1 4.14658e-18 -5.05756e-43 
1 4.14658e-18 2.18283e-45 
1 4.14658e-18 1.56358e-54 
1 4.14658e-18 0 
1 4.14658e-18 0 
1 4.14658e-18 0 
1 4.14658e-18 0 
1 4.14658e-18 0 
1 4.14658e-18 0 
1 4.14658e-18 0 
1 4.14658e-18 1.26412e-48 
1 4.14658e-18 1.34473e-44 
1 4.14658e-18 1.63722e-41 
1 4.14658e-18 -3.71336e-40 
1 4.14658e-18 1.11596e-38 
1 4.14658e-18 1.09037e-36 
1 0 -9.36123e-38 
1 0 -2.29411e-40 
1 0 1.55791e-42 
1 0 -4.81923e-44 
1 0 -1.24835e-45 
1 0 1.77876e-48 
1 0 4.96388e-58 
1 0 0 
1 0 0 
1 0 0 
1 0 0 
1 0 0 
1 0 0 
1 0 0 
1 0 2.19353e-52 
1 0 2.17398e-47 
1 0 5.82781e-44 
1 0 -1.04149e-42 
1 0 9.29825e-41 
1 0 1.03999e-38 
1 0 -6.82633e-40 
1 0 -1.23366e-42 
1 0 4.21731e-45 
1 0 -1.38379e-46 
1 0 -2.45499e-48 
1 0 1.81019e-51 
1 0 7.35115e-62 
1 0 0 
1 0 0 
1 0 0 
1 0 0 
1 0 0 
1 0 0 
1 0 0 
1 0 0 
1 0 2.70272e-50 
1 0 1.65965e-46 
1 0 -2.71751e-45 
1 0 6.2662e-43 
1 0 7.63412e-41 
1 0 -3.69209e-42 
1 0 -5.58533e-45 
1 0 1.01582e-47 
1 0 -3.21596e-49 
1 0 -3.83842e-51 
1 0 1.37565e-54 
1 0 0 
1 0 0 
1 0 0 
1 0 0 
1 0 0 
1 0 0 
1 0 0 
1 0 0 
1 0 0 
1 0 2.53523e-53 
1 0 3.78993e-49 
1 0 -7.62048e-48 
1 0 3.43638e-45 
1 0 4.4781e-43 
1 0 -1.43732e-44 
1 0 -2.15378e-47 
1 0 2.44315e-50 
1 0 -6.02379e-52 
1 0 -4.73726e-54 
1 0 6.12784e-58 
1 0 0 
1 0 0 
1 0 0 
1 0 0 
1 0 0 
1 0 0 
1 0 0 
1 0 0 
1 0 0 
1 0 1.73603e-56 
1 0 6.92589e-52 
1 0 -2.18915e-50 
1 0 1.54466e-47 
1 0 2.17518e-45 
1 0 -4.69943e-47 
1 0 -7.11358e-50 
1 0 5.91545e-53 
1 0 -8.86677e-55 
1 0 -4.55375e-57 
1 0 1.53868e-61 
1 0 0 
1 0 0 
1 0 0 
1 0 0 
1 0 0 
1 0 0 
1 0 0 
1 0 0 
1 0 0 
1 0 8.18983e-60 
1 0 1.0059e-54 
1 0 -5.85e-53 
1 0 5.72794e-50 
1 0 9.00407e-48 
1 0 -1.45757e-49 
1 0 -2.01324e-52 
1 0 1.35316e-55 
1 0 -7.34788e-58 
1 0 -3.33542e-60 
1 0 2.55732e-65 
1 0 0 
1 0 0 
1 0 0 
1 0 0 
1 0 0 
1 0 0 
1 0 0 
1 0 0 
1 0 0 
1 0 2.37954e-63 
1 0 1.14603e-57 
1 0 -1.37975e-55 
1 0 1.76075e-52 
1 0 3.23519e-50 
1 0 -4.35559e-52 
1 0 -4.86593e-55 
1 0 2.75669e-58 
1 0 2.56037e-60 
1 0 -1.79691e-63 
1 0 1.68839e-69 
1 0 0 
1 0 0 
1 0 0 
1 0 0 
1 0 0 
1 0 0 
1 0 0 
1 0 0 
1 0 0 
1 0 3.20927e-67 
1 0 1.00231e-60 
1 0 -2.81238e-58 
1 0 4.49983e-55 
1 0 1.01596e-52 
1 0 -1.19001e-54 
1 0 -9.98587e-58 
1 0 4.83045e-61 
1 0 1.20545e-62 
1 0 -6.70908e-67 
1 0 2.20414e-73 
1 0 0 
1 0 0 
1 0 0 
1 0 0 
1 0 0 
1 0 0 
1 0 0 
1 0 0 
1 0 0 
1 0 0 
1 0 6.49692e-64 
1 0 -4.8955e-61 
1 0 9.56871e-58 
1 0 2.78218e-55 
1 0 -2.83463e-57 
1 0 -1.72725e-60 
1 0 7.13539e-64 
1 0 5.33695e-66 
1 0 -1.55079e-70 
1 0 0 
1 0 0 
1 0 0 
1 0 0 
1 0 0 
1 0 0 
1 0 0 
1 0 0 
1 0 0 
1 0 0 
1 0 0 
1 0 2.94061e-67 
1 0 -7.19063e-64 
1 0 1.69064e-60 
1 0 6.59487e-58 
1 0 -5.73271e-60 
1 0 -2.49614e-63 
1 0 8.7512e-67 
1 0 2.93153e-69 
1 0 -1.67325e-74 
1 0 0 
1 0 0 
1 0 0 
1 0 0 
1 0 0 
1 0 0 
1 0 0 
1 0 0 
1 0 0 
1 0 0 
1 0 0 
1 0 8.29739e-71 
1 0 -8.78824e-67 
1 0 2.47215e-63 
1 0 1.34072e-60 
1 0 -9.69345e-63 
1 0 -2.9823e-66 
1 0 8.77055e-70 
1 0 7.97526e-73 
1 0 0 
1 0 0 
1 0 0 
1 0 0 
1 0 0 
1 0 0 
1 0 0 
1 0 0 
1 0 0 
1 0 0 
1 0 0 
1 0 0 
1 0 1.09892e-74 
1 0 -8.79048e-70 
1 0 2.97111e-66 
1 0 2.31536e-63 
1 0 -1.3541e-65 
1 0 -2.90698e-69 
1 0 7.04213e-73 
1 0 1.80098e-76 
1 0 0 
1 0 0 
1 0 0 
1 0 0 
1 0 0 
1 0 0 
1 0 0 
1 0 0 
1 0 0 
1 0 0 
1 0 0 
1 0 0 
1 0 0 
1 0 -7.05052e-73 
1 0 2.9035e-69 
1 0 3.36274e-66 
1 0 -1.54314e-68 
1 0 -2.27147e-72 
1 0 4.41019e-76 
1 0 2.11322e-80 
1 0 0 
1 0 0 
1 0 0 
1 0 0 
1 0 0 
1 0 0 
1 0 0 
1 0 0 
1 0 0 
1 0 0 
1 0 0 
1 0 0 
1 0 0 
1 0 -4.41278e-76 
1 0 2.27077e-72 
1 0 4.06071e-69 
1 0 -1.41223e-71 
1 0 -1.38818e-75 
1 0 2.07145e-79 
1 0 0 
1 0 0 
1 0 0 
1 0 0 
1 0 0 
1 0 0 
1 0 0 
1 0 0 
1 0 0 
1 0 0 
1 0 0 
1 0 0 
1 0 0 
1 0 0 
1 0 -2.07196e-79 
1 0 1.38805e-75 
1 0 4.0196e-72 
1 0 -1.01592e-74 
1 0 -6.39542e-79 
1 0 6.85247e-83 
1 0 0 
1 0 0 
1 0 0 
1 0 0 
1 0 0 
1 0 0 
1 0 0 
1 0 0 
1 0 0 
1 0 0 
1 0 0 
1 0 0 
1 0 0 
1 0 0 
1 0 -6.85291e-83 
1 0 6.39504e-79 
1 0 3.20075e-75 
1 0 -5.57194e-78 
1 0 -2.09162e-82 
1 0 1.42105e-86 
1 0 0 
1 0 0 
1 0 0 
1 0 0 
1 0 0 
1 0 0 
1 0 0 
1 0 0 
1 0 0 
1 0 0 
1 0 0 
1 0 0 
1 0 0 
1 0 0 
1 0 -1.42105e-86 
1 0 2.09155e-82 
1 0 1.99681e-78 
1 0 -2.22542e-81 
1 0 -4.3377e-86 
1 0 1.38653e-90 
1 0 0 
1 0 0 
1 0 0 
1 0 0 
1 0 0 
1 0 0 
1 0 0 
1 0 0 
1 0 0 
1 0 0 
1 0 0 
1 0 0 
1 0 0 
1 0 0 
1 0 -1.38653e-90 
1 0 4.33766e-86 
1 0 9.38456e-82 
1 0 -6.00829e-85 
1 0 -4.30084e-90 
1 0 0 
1 0 0 
1 0 0 
1 0 0 
1 0 0 
1 0 0 
1 0 0 
1 0 0 
1 0 0 
1 0 0 
1 0 0 
1 0 0 
1 0 0 
1 0 0 
1 0 0 
1 0 0 
1 0 4.30084e-90 
1 0 3.11929e-85 
1 0 -9.5597e-89 
1 0 0 
1 0 0 
1 0 0 
1 0 0 
1 0 0 
1 0 0 
1 0 0 
1 0 0 
1 0 0 
1 0 0 
1 0 0 
1 0 0 
1 0 0 
1 0 0 
1 0 0 
1 0 0 
1 0 0 
1 0 0 
1 0 6.52494e-89 
1 0 -6.44665e-93 
1 0 0 
1 0 0 
1 0 0 
1 0 0 
1 0 0 
1 0 0 
1 0 0 
1 0 0 
1 0 0 
1 0 0 
1 0 0 
1 0 0 
1 0 0 
1 0 0 
1 0 0 
1 0 0 
1 0 0 
1 0 0 
1 0 6.44665e-93 
1 0 0 
1 0 0 
1 0 0 
1 0 0 
1 0 0 
1 0 0 
1 0 0 
1 0 0 
1 0 0 
1 0 0 
1 0 0 
1 0 0 
1 0 0 
1 0 0 
1 0 0 
1 0 0 
1 0 0 
1 0 0 
1 0 0 
1 0 0 
1 0 0 
1 0 0 
1 0 0 
1 0 0 
1 0 0 
1 0 0 
1 0 0 
1 0 0 
1 0 0 
1 0 0 
1 0 0 
1 0 0 
1 0 0 
1 0 0 
1 0 0 
1 0 0 
1 0 0 
1 0 0 
1 0 0 
1 0 0 
1 0 0 
1 0 0 
1 0 0 
1 0 0 
1 0 0 
1 0 0 
1 0 0 
1 0 0 
1 0 0 
1 0 0 
1 0 0 
1 0 0 
1 0 0 
1 0 0 
1 0 0 
1 0 0 
1 0 0 
1 0 0 
1 0 0 
1 0 0 
1 0 0 
1 0 0 
1 0 0 
1 0 0 
1 0 0 
1 0 0 
1 0 0 
1 0 0 
1 0 0 
1 0 0 
1 0 0 
1 0 0 
1 0 0 
1 0 0 
1 0 0 
1 0 0 
1 0 0 
1 0 0 
1 0 0 
1 0 0 
1 0 0 
1 0 0 
1 0 0 
1 0 0 
1 0 0 
1 0 0 
1 0 0 
1 0 0 
1 0 0 
1 0 0 
1 0 0 
1 0 0 
1 0 0 
1 0 0 
1 0 0 
1 0 0 
1 0 0 
1 0 0 
1 0 0 
1 0 0 
1 0 0 
1 0 0 
1 0 0 
1 0 0 
1 0 0 
1 0 0 
1 0 0 
1 0 0 
1 0 0 
1 0 0 
1 0 0 
1 0 0 
1 0 0 
1 0 0 
1 0 0 
1 0 0 
1 0 0 
1 0 0 
1 0 0 
1 0 0 
1 0 0 
1 0 0 
1 0 0 
1 0 0 
1 0 0 
1 0 0 
1 0 0 
1 0 0 
1 0 0 
1 0 0 
1 0 0 
1 0 0 
1 0 0 
1 0 0 
1 0 0 
1 0 0 
1 0 0 
1 0 0 
1 0 0 
1 0 0 
1 0 0 
1 0 0 
1 0 0 
1 0 0 
1 0 0 
1 0 0 
1 0 0 
1 0 0 
1 0 0 
1 0 0 
1 0 0 
1 0 0 
1 0 0 
1 0 0 
1 0 0 
1 0 0 
1 0 0 
1 0 0 
1 0 0 
1 0 0 
1 0 0 
1 0 0 
1 0 0 
1 0 0 
1 0 0 
1 0 0 
1 0 0 
1 0 0 
1 0 0 
1 0 0 
1 0 0 
1 0 0 
1 0 0 
1 0 0 
1 0 0 
1 0 0 
1 0 0 
1 0 0 
1 0 0 
1 0 0 
1 0 0 
1 0 0 
1 0 0 
1 0 0 
1 0 0 
1 0 0 
1 0 0 
1 0 0 
1 0 0 
1 0 0 
1 0 0 
1 0 0 
1 0 0 
1 0 0 
1 0 0 
1 0 0 
1 0 0 
1 0 0 
1 0 0 
1 0 0 
1 0 0 
1 0 0 
1 0 0 
1 0 0 
1 0 0 
1 0 0 
1 0 0 
1 0 0 
1 0 0 
1 0 0 
1 0 0 
1 0 0 
1 0 0 
1 0 0 
1 0 0 
1 0 0 
1 0 0 
1 0 0 
1 0 0 
1 0 0 
1 0 0 
1 0 0 
1 0 0 
1 0 0 
1 0 0 
1 0 0 
1 0 0 
1 0 0 
1 0 0 
1 0 0 
1 0 0 
1 0 0 
1 0 0 
1 0 0 
1 0 0 
1 0 0 
1 0 0 
1 0 0 
1 0 0 
1 0 0 
1 0 0 
1 0 0 
1 0 0 
1 0 0 
1 0 0 
1 0 0 
1 0 0 
1 0 0 
1 0 0 
1 0 0 
1 0 0 
1 0 0 
1 0 0 
1 0 0 
1 0 0 
1 0 0 
1 0 0 
1 0 0 
1 0 0 
1 0 0 
1 0 0 
1 0 0 
1 0 0 
1 0 0 
1 0 0 
1 0 0 
1 0 0 
1 0 0 
1 0 0 
1 0 0 
1 0 0 
1 0 0 
1 0 0 
1 0 0 
1 0 0 
1 0 0 
1 0 0 
1 0 0 
1 0 0 
1 0 0 
1 1.07707e-63 0 
1 6.21137e-64 0 
1 1.61419e-62 0 
1 5.74501e-61 0 
1 1.69151e-59 0 
1 4.1517e-58 0 
1 8.55157e-57 0 
1 1.48387e-55 0 
1 2.17212e-54 0 
1 2.67849e-53 0 
1 2.76867e-52 0 
1 2.38114e-51 0 
1 1.6936e-50 0 
1 9.7578e-50 0 
1 4.08936e-49 0 
1 6.48285e-49 0 
1 -9.56537e-49 0 
1 -5.00458e-48 0 
1 2.58174e-47 0 
1 1.59276e-46 0 
1 1.86864e-48 0 
1 3.12566e-47 0 
1 1.0142e-45 0 
1 2.77002e-44 0 
1 6.38913e-43 0 
1 1.2499e-41 0 
1 2.08092e-40 0 
1 2.95623e-39 0 
1 3.59132e-38 0 
1 3.72283e-37 0 
1 3.29352e-36 0 
1 2.48745e-35 0 
1 1.41865e-34 0 
1 2.68113e-34 0 
1 -4.05611e-34 0 
1 -6.83744e-33 0 
1 -3.85643e-32 0 
1 -1.51438e-31 0 
1 -4.78027e-31 0 
1 -1.23399e-30 0 
1 -9.80543e-37 1.16039e-36 
1 -4.43329e-35 0 
1 -1.66962e-33 0 
1 -5.26634e-32 0 
1 -1.40368e-30 0 
1 -3.18584e-29 0 
1 -6.19641e-28 0 
1 -1.03805e-26 0 
1 -1.5036e-25 0 
1 -1.88838e-24 0 
1 -2.05998e-23 0 
1 -1.95357e-22 0 
1 -1.61067e-21 0 
1 -1.15366e-20 0 
1 -7.16819e-20 0 
1 -3.85548e-19 0 
1 -1.79054e-18 0 
1 -7.15754e-18 0 
1 -2.46187e-17 0 
1 -7.15472e-17 0 
1 -1.67011e-16 0 
1 -2.26326e-16 -9.05436e-17 
1 -4.7126e-41 6.19153e-39 
1 -7.11965e-43 2.10432e-38 
1 -1.18025e-41 0 
1 -8.00242e-40 0 
1 -4.42678e-38 0 
1 -2.0124e-36 0 
1 -7.59069e-35 0 
1 -2.39882e-33 0 
1 -6.40811e-32 0 
1 -1.45825e-30 0 
1 -2.84506e-29 0 
1 -4.78334e-28 0 
1 -6.95747e-27 0 
1 -8.77951e-26 0 
1 -9.62878e-25 0 
1 -9.18646e-24 0 
1 -7.62521e-23 0 
1 -5.50362e-22 0 
1 -3.45063e-21 0 
1 -1.87726e-20 0 
1 -8.85786e-20 0 
1 -3.63029e-19 0 
1 -1.29852e-18 -3.36601e-17 
1 -4.08292e-18 -2.73595e-17 
1 -2.06022e-46 5.95397e-44 
1 -1.62121e-48 1.98801e-41 
1 -1.04676e-50 9.12975e-41 
1 8.74631e-51 3.10909e-40 
1 1.34829e-48 0 
1 1.69929e-46 0 
1 1.74223e-44 0 
1 1.44712e-42 0 
1 9.73558e-41 0 
1 5.3285e-39 0 
1 2.39138e-37 0 
1 8.88315e-36 0 
1 2.75698e-34 0 
1 7.20999e-33 0 
1 1.60027e-31 0 
1 3.03203e-30 0 
1 4.92718e-29 0 
1 6.89592e-28 0 
1 8.34648e-27 0 
1 8.77042e-26 0 
1 8.02375e-25 0 
1 6.40188e-24 0 
1 4.45438e-23 0 
1 2.69139e-22 0 
1 1.45021e-21 -1.07705e-17 
1 4.30052e-21 -1.02551e-17 
1 4.20517e-21 -2.92701e-18 
1 -2.58468e-20 -3.97846e-19 
1 -2.13885e-49 5.26361e-47 
1 -1.37894e-51 5.7642e-46 
1 -1.09125e-53 2.37242e-43 
1 -7.99031e-52 1.09215e-42 
1 -1.49967e-49 3.7253e-42 
1 -2.32182e-47 0 
1 -2.94641e-45 0 
1 -3.0471e-43 0 
1 -2.55866e-41 0 
1 -1.74477e-39 0 
1 -9.70725e-38 0 
1 -4.44203e-36 0 
1 -1.68791e-34 0 
1 -5.37763e-33 0 
1 -1.44933e-31 0 
1 -3.32993e-30 0 
1 -6.56459e-29 0 
1 -1.11626e-27 0 
1 -1.64397e-26 0 
1 -2.1035e-25 0 
1 -2.34346e-24 0 
1 -2.2762e-23 0 
1 -1.92845e-22 0 
1 -1.4245e-21 0 
1 -9.16149e-21 0 
1 -5.11772e-20 -2.95491e-18 
1 -2.47458e-19 -3.3793e-18 
1 -1.03178e-18 -9.29824e-19 
1 -3.6895e-18 -1.0156e-19 
1 -1.14084e-17 -3.98042e-18 
1 -2.727e-55 1.44483e-52 
1 -1.20308e-57 8.95373e-50 
1 -4.21943e-58 4.13637e-49 
1 -1.35053e-55 4.54668e-48 
1 -3.66121e-53 2.29787e-45 
1 -8.27019e-51 1.05988e-44 
1 -1.54928e-48 3.61994e-44 
1 -2.39283e-46 0 
1 -3.02736e-44 0 
1 -3.11895e-42 0 
1 -2.60668e-40 0 
1 -1.76731e-38 0 
1 -9.76561e-37 0 
1 -4.4335e-35 0 
1 -1.66962e-33 0 
1 -5.26636e-32 0 
1 -1.4037e-30 0 
1 -3.18603e-29 0 
1 -6.19758e-28 0 
1 -1.03855e-26 0 
1 -1.50525e-25 0 
1 -1.89257e-24 0 
1 -2.06847e-23 0 
1 -1.96749e-22 0 
1 -1.62922e-21 0 
1 -1.17383e-20 0 
1 -7.34698e-20 0 
1 -3.9842e-19 -6.96874e-19 
1 -1.86487e-18 -9.62396e-19 
1 -7.50207e-18 -2.56616e-19 
1 -2.57587e-17 -2.2728e-20 
1 -7.64936e-17 -1.23193e-18 
1 -1.67184e-16 -4.05375e-17 
1 -2.79124e-16 -9.69177e-17 
1 -1.58168e-58 6.94459e-56 
1 -5.80722e-61 7.67477e-55 
1 -1.78373e-63 5.76355e-52 
1 -4.78889e-66 2.66584e-51 
1 -1.04782e-64 2.93901e-50 
1 -4.84958e-62 1.81317e-47 
1 -1.87878e-59 8.3761e-47 
1 -6.09376e-57 2.86375e-46 
1 -1.65226e-54 0 
1 -3.73303e-52 0 
1 -6.99506e-50 0 
1 -1.08073e-47 0 
1 -1.3679e-45 0 
1 -1.41005e-43 0 
1 -1.17928e-41 0 
1 -8.00248e-40 0 
1 -4.42678e-38 0 
1 -2.0124e-36 0 
1 -7.59073e-35 0 
1 -2.39885e-33 0 
1 -6.40839e-32 0 
1 -1.45843e-30 0 
1 -2.84598e-29 0 
1 -4.78699e-28 0 
1 -6.96872e-27 0 
1 -8.80686e-26 0 
1 -9.68189e-25 0 
1 -9.26968e-24 0 
1 -7.73128e-23 -1.41679e-19 
1 -5.61407e-22 -2.36904e-19 
1 -3.54489e-21 -6.14691e-20 
1 -1.9433e-20 -4.45661e-21 
1 -9.23867e-20 -2.76614e-19 
1 -3.81203e-19 -1.40217e-17 
1 -1.37226e-18 -3.62512e-17 
1 -4.32821e-18 -2.7856e-17 
1 -6.59014e-65 6.06215e-62 
1 -1.69334e-67 6.59576e-59 
1 -3.64393e-70 3.05621e-58 
1 -6.54986e-73 3.38407e-57 
1 -9.78466e-76 3.06225e-54 
1 -1.22082e-78 1.41778e-53 
1 -1.79759e-77 1.5668e-52 
1 -1.78836e-74 1.17239e-49 
1 -1.44946e-71 5.4226e-49 
1 -9.68325e-69 1.85549e-48 
1 -5.37464e-66 0 
1 -2.49084e-63 0 
1 -9.66287e-61 0 
1 -3.13916e-58 0 
1 -8.52797e-56 0 
1 -1.93129e-53 0 
1 -3.62932e-51 0 
1 -5.6273e-49 0 
1 -7.15428e-47 0 
1 -7.41579e-45 0 
1 -6.24484e-43 0 
1 -4.2732e-41 0 
1 -2.38728e-39 0 
1 -1.09768e-37 0 
1 -4.19407e-36 0 
1 -1.34464e-34 0 
1 -3.64987e-33 0 
1 -8.45411e-32 0 
1 -1.68211e-30 0 
1 -2.89067e-29 0 
1 -4.309e-28 -2.49083e-20 
1 -5.59022e-27 -5.04106e-20 
1 -6.32692e-26 -1.27743e-20 
1 -6.25656e-25 -7.65509e-22 
1 -5.40974e-24 -5.50153e-20 
1 -4.08985e-23 -4.15256e-18 
1 -2.70173e-22 -1.15445e-17 
1 -1.56055e-21 -1.07324e-17 
1 -7.97773e-21 -3.0681e-18 
1 -3.41698e-20 -2.6376e-19 
1 -2.22808e-68 1.67536e-65 
1 -4.79358e-71 1.86051e-64 
1 -8.61471e-74 2.41964e-61 
1 -1.28672e-76 1.12189e-60 
1 -1.58458e-79 1.24422e-59 
1 -1.58991e-82 1.35051e-56 
1 -1.284e-85 6.25764e-56 
1 -1.1946e-84 6.92879e-55 
1 -1.90129e-81 6.25154e-52 
1 -2.36296e-78 2.89434e-51 
1 -2.35144e-75 9.91039e-51 
1 -1.9061e-72 0 
1 -1.27359e-69 0 
1 -7.07035e-67 0 
1 -3.27744e-64 0 
1 -1.27177e-61 0 
1 -4.13286e-59 0 
1 -1.12317e-56 0 
1 -2.54475e-54 0 
1 -4.78487e-52 0 
1 -7.42425e-50 0 
1 -9.44726e-48 0 
1 -9.80361e-46 0 
1 -8.26732e-44 0 
1 -5.66705e-42 0 
1 -3.17269e-40 0 
1 -1.46247e-38 0 
1 -5.60418e-37 0 
1 -1.80274e-35 0 
1 -4.91203e-34 0 
1 -1.1427e-32 0 
1 -2.28482e-31 -3.79756e-21 
1 -3.94839e-30 -9.28451e-21 
1 -5.92323e-29 -2.305e-21 
1 -7.74038e-28 -1.15175e-22 
1 -8.83364e-27 -9.65705e-21 
1 -8.81949e-26 -1.05163e-18 
1 -7.71082e-25 -3.14477e-18 
1 -5.90521e-24 -3.53862e-18 
1 -3.9601e-23 -9.74431e-19 
1 -2.32362e-22 -7.18038e-20 
1 -1.19166e-21 -1.07873e-20 
1 -3.17121e-75 4.99347e-72 
1 -4.73245e-78 9.27162e-69 
1 -5.82346e-81 4.30318e-68 
1 -5.83913e-84 4.78402e-67 
1 -4.68918e-87 7.42699e-64 
1 -2.94081e-90 3.44546e-63 
1 -1.38617e-93 3.82619e-62 
1 -4.61346e-97 4.96617e-59 
1 -9.65323e-101 2.3026e-58 
1 -1.42602e-100 2.55363e-57 
1 -1.44243e-96 2.76512e-54 
1 -6.88782e-93 1.28122e-53 
1 -2.06757e-89 4.38934e-53 
1 -4.38179e-86 0 
1 -6.97856e-83 0 
1 -8.67825e-80 0 
1 -8.64176e-77 0 
1 -7.01051e-74 0 
1 -4.68835e-71 0 
1 -2.60541e-68 0 
1 -1.20918e-65 0 
1 -4.69868e-63 0 
1 -1.52949e-60 0 
1 -4.16505e-58 0 
1 -9.45992e-56 0 
1 -1.78412e-53 0 
1 -2.77866e-51 0 
1 -3.55245e-49 0 
1 -3.70817e-47 0 
1 -3.15001e-45 0 
1 -2.17861e-43 0 
1 -1.23271e-41 0 
1 -5.75266e-40 0 
1 -2.23552e-38 -5.0326e-22 
1 -7.30502e-37 -1.48245e-21 
1 -2.02547e-35 -3.61544e-22 
1 -4.80357e-34 -1.51776e-23 
1 -9.81063e-33 -1.48927e-21 
1 -1.73537e-31 -2.28456e-19 
1 -2.67092e-30 -7.34852e-19 
1 -3.59009e-29 -1.00681e-18 
1 -4.22626e-28 -2.68399e-19 
1 -4.36633e-27 -1.69475e-20 
1 -3.96447e-26 -2.40034e-21 
1 -3.16581e-25 -6.23436e-22 
1 -2.22384e-24 -3.10353e-23 
1 -6.22334e-79 8.05381e-76 
1 -7.65698e-82 8.96941e-75 
1 -7.67664e-85 1.99374e-71 
1 -6.16415e-88 9.25698e-71 
1 -3.86545e-91 1.0301e-69 
1 -1.82185e-94 1.90994e-66 
1 -6.06303e-98 8.86446e-66 
1 -1.26855e-101 9.85491e-65 
1 -1.25301e-105 1.52738e-61 
1 0 7.08564e-61 
1 0 7.86853e-60 
1 0 1.01925e-56 
1 -1.87372e-101 4.72581e-56 
1 -1.89552e-97 1.61974e-55 
1 -9.05202e-94 0 
1 -2.71743e-90 0 
1 -5.75952e-87 0 
1 -9.17364e-84 0 
1 -1.14092e-80 0 
1 -1.13626e-77 0 
1 -9.2191e-75 0 
1 -6.16636e-72 0 
1 -3.42742e-69 0 
1 -1.59102e-66 0 
1 -6.18409e-64 0 
1 -2.01364e-61 0 
1 -5.48551e-59 0 
1 -1.24647e-56 0 
1 -2.35215e-54 0 
1 -3.6659e-52 0 
1 -4.69089e-50 0 
1 -4.90197e-48 0 
1 -4.16991e-46 0 
1 -2.88895e-44 0 
1 -1.63802e-42 -5.80669e-23 
1 -7.66285e-41 -2.0552e-22 
1 -2.98628e-39 -4.93525e-23 
1 -9.78993e-38 -1.75143e-24 
1 -2.72448e-36 -2.00952e-22 
1 -6.48827e-35 -4.27263e-20 
1 -1.33139e-33 -1.47933e-19 
1 -2.3676e-32 -2.46692e-19 
1 -3.66598e-31 -6.3966e-20 
1 -4.96131e-30 -3.47048e-21 
1 -5.88595e-29 -4.66393e-22 
1 -6.13509e-28 -1.18511e-22 
1 -5.62719e-27 -5.13983e-24 
1 -4.54626e-26 -6.46437e-25 
1 -2.81932e-86 7.96576e-83 
1 -2.2625e-89 2.58635e-79 
1 -1.41804e-92 1.20159e-78 
1 -6.6803e-96 1.33912e-77 
1 -2.22224e-99 3.5815e-74 
1 -4.64779e-103 1.66344e-73 
1 -4.58933e-107 1.85255e-72 
1 0 4.1129e-69 
1 0 1.90962e-68 
1 0 2.12499e-67 
1 0 3.93441e-64 
1 0 1.82604e-63 
1 0 2.03005e-62 
1 0 3.14104e-59 
1 0 1.45715e-58 
1 0 4.99612e-58 
1 0 0 
1 0 0 
1 -6.86276e-103 0 
1 -6.94494e-99 0 
1 -3.31778e-95 0 
1 -9.96419e-92 0 
1 -2.11287e-88 0 
1 -3.36711e-85 0 
1 -4.19015e-82 0 
1 -4.17587e-79 0 
1 -3.39071e-76 0 
1 -2.26995e-73 0 
1 -1.26299e-70 0 
1 -5.86985e-68 0 
1 -2.28474e-65 0 
1 -7.45198e-63 0 
1 -2.03413e-60 0 
1 -4.63347e-58 0 
1 -8.76982e-56 0 
1 -1.3719e-53 0 
1 -1.76366e-51 -5.83854e-24 
1 -1.85374e-49 -2.47682e-23 
1 -1.58828e-47 -5.86786e-24 
1 -1.11005e-45 -1.76878e-25 
1 -6.3597e-44 -2.36814e-23 
1 -3.01114e-42 -6.90361e-21 
1 -1.18959e-40 -2.57617e-20 
1 -3.95983e-39 -5.21503e-20 
1 -1.12078e-37 -1.32047e-20 
1 -2.71924e-36 -6.17559e-22 
1 -5.69492e-35 -7.92124e-23 
1 -1.03561e-33 -1.97422e-23 
1 -1.6432e-32 -7.47165e-25 
1 -2.28406e-31 -9.05168e-26 
1 -2.79019e-30 -2.20363e-26 
1 -3.00298e-29 -6.90758e-28 
1 -2.97416e-90 7.1555e-87 
1 -1.86389e-93 7.98356e-86 
1 -8.77996e-97 3.18114e-82 
1 -2.92049e-100 1.47828e-81 
1 -6.10774e-104 1.64848e-80 
1 -6.03054e-108 5.34748e-77 
1 0 2.48437e-76 
1 0 2.76872e-75 
1 0 7.39724e-72 
1 0 3.43568e-71 
1 0 3.82623e-70 
1 0 8.48443e-67 
1 0 3.93932e-66 
1 0 4.38357e-65 
1 0 8.10463e-62 
1 0 3.76151e-61 
1 0 1.29011e-60 
1 0 0 
1 0 0 
1 0 0 
1 0 0 
1 -9.01792e-104 0 
1 -9.12647e-100 0 
1 -4.36025e-96 0 
1 -1.3096e-92 0 
1 -2.7772e-89 0 
1 -4.42623e-86 0 
1 -5.50875e-83 0 
1 -5.49065e-80 0 
1 -4.45891e-77 0 
1 -2.98555e-74 0 
1 -1.66146e-71 0 
1 -7.72348e-69 0 
1 -3.00702e-66 0 
1 -9.8108e-64 0 
1 -2.67901e-61 0 
1 -6.10518e-59 0 
1 -1.15618e-56 -5.11623e-25 
1 -1.80992e-54 -2.59642e-24 
1 -2.32879e-52 -6.0788e-25 
1 -2.45042e-50 -1.56166e-26 
1 -2.1024e-48 -2.43553e-24 
1 -1.47185e-46 -9.66511e-22 
1 -8.4496e-45 -3.8946e-21 
1 -4.0102e-43 -9.53549e-21 
1 -1.58866e-41 -2.3656e-21 
1 -5.30485e-40 -9.56654e-23 
1 -1.50682e-38 -1.17729e-23 
1 -3.67056e-37 -2.88435e-24 
1 -7.72203e-36 -9.53735e-26 
1 -1.41138e-34 -1.11712e-26 
1 -2.25226e-33 -2.68198e-27 
1 -3.15087e-32 -7.39096e-29 
1 -3.87714e-31 -8.32239e-30 
1 -3.2194e-98 1.93735e-94 
1 -1.07043e-101 1.23498e-90 
1 -2.23779e-105 5.74133e-90 
1 -2.20877e-109 6.40873e-89 
1 0 3.18841e-85 
1 0 1.48199e-84 
1 0 1.65348e-83 
1 0 6.58324e-80 
1 0 3.05925e-79 
1 0 3.41146e-78 
1 0 1.10563e-74 
1 0 5.1366e-74 
1 0 5.72449e-73 
1 0 1.52782e-69 
1 0 7.09601e-69 
1 0 7.90262e-68 
1 0 1.75022e-64 
1 0 8.12627e-64 
1 0 2.78785e-63 
1 0 0 
1 0 0 
1 0 0 
1 0 0 
1 0 0 
1 0 0 
1 0 0 
1 0 0 
1 -3.30294e-105 0 
1 -3.34382e-101 0 
1 -1.59813e-97 0 
1 -4.802e-94 0 
1 -1.01881e-90 0 
1 -1.62461e-87 0 
1 -2.02315e-84 0 
1 -2.01786e-81 0 
1 -1.63995e-78 0 
1 -1.09903e-75 0 
1 -6.12235e-73 0 
1 -2.84944e-70 0 
1 -1.11094e-67 -3.90401e-26 
1 -3.63065e-65 -2.36739e-25 
1 -9.93399e-63 -5.48517e-26 
1 -2.26936e-60 -1.20333e-27 
1 -4.31047e-58 -2.1843e-25 
1 -6.77269e-56 -1.17485e-22 
1 -8.75441e-54 -5.12507e-22 
1 -9.26455e-52 -1.51199e-21 
1 -8.00522e-50 -3.68538e-22 
1 -5.65267e-48 -1.29202e-23 
1 -3.27829e-46 -1.53246e-24 
1 -1.57428e-44 -3.69785e-25 
1 -6.32011e-43 -1.06897e-26 
1 -2.14197e-41 -1.21459e-27 
1 -6.18477e-40 -2.87968e-28 
1 -1.53394e-38 -6.9715e-30 
1 -3.29117e-37 -7.65055e-31 
1 -6.14581e-36 -1.78819e-31 
1 -1.00393e-34 -3.66189e-33 
1 -1.40676e-102 8.16734e-99 
1 -2.94072e-106 9.12387e-98 
1 -2.90241e-110 7.73788e-94 
1 0 3.59789e-93 
1 0 4.01779e-92 
1 0 2.55958e-88 
1 0 1.18993e-87 
1 0 1.32825e-86 
1 0 6.60355e-83 
1 0 3.06936e-82 
1 0 3.42454e-81 
1 0 1.36237e-77 
1 0 6.33097e-77 
1 0 7.05983e-76 
1 0 2.28595e-72 
1 0 1.06202e-71 
1 0 1.18357e-70 
1 0 3.15552e-67 
1 0 1.46559e-66 
1 0 5.02908e-66 
1 0 0 
1 0 0 
1 0 0 
1 0 0 
1 0 0 
1 0 0 
1 0 0 
1 0 0 
1 0 0 
1 0 0 
1 -4.34019e-106 0 
1 -4.39417e-102 0 
1 -2.10028e-98 0 
1 -6.3113e-95 0 
1 -1.33915e-91 0 
1 -2.13563e-88 0 
1 -2.65981e-85 0 
1 -2.65318e-82 0 
1 -2.15659e-79 0 
1 -1.4455e-76 0 
1 -8.05394e-74 -2.5895e-27 
1 -3.74925e-71 -1.87588e-26 
1 -1.46214e-68 -4.30653e-27 
1 -4.77987e-66 -8.07252e-29 
1 -1.30833e-63 -1.7059e-26 
1 -2.99014e-61 -1.24135e-23 
1 -5.6827e-59 -5.88091e-23 
1 -8.93492e-57 -2.08361e-22 
1 -1.15593e-54 -5.00145e-23 
1 -1.22461e-52 -1.52276e-24 
1 -1.05958e-50 -1.74766e-25 
1 -7.49432e-49 -4.16036e-26 
1 -4.355e-47 -1.0514e-27 
1 -2.09621e-45 -1.16226e-28 
1 -8.43803e-44 -2.72462e-29 
1 -2.8685e-42 -5.7867e-31 
1 -8.31117e-41 -6.20315e-32 
1 -2.06932e-39 -1.43597e-32 
1 -4.45916e-38 -2.58311e-34 
1 -8.36739e-37 -2.69853e-35 
1 -1.06305e-111 3.05472e-107 
1 0 5.83797e-103 
1 0 2.71527e-102 
1 0 3.03426e-101 
1 0 3.64426e-97 
1 0 1.69473e-96 
1 0 1.89321e-95 
1 0 1.60473e-91 
1 0 7.46153e-91 
1 0 8.33233e-90 
1 0 5.30491e-86 
1 0 2.46621e-85 
1 0 2.75289e-84 
1 0 1.36767e-80 
1 0 6.35696e-80 
1 0 7.09258e-79 
1 0 2.81935e-75 
1 0 1.31016e-74 
1 0 1.46099e-73 
1 0 4.72631e-70 
1 0 2.19578e-69 
1 0 7.53613e-69 
1 0 0 
1 0 0 
1 0 0 
1 0 0 
1 0 0 
1 0 0 
1 0 0 
1 0 0 
1 0 0 
1 0 0 
1 0 0 
1 0 0 
1 0 0 
1 0 0 
1 -1.58965e-107 0 
1 -1.60996e-103 0 
1 -7.69802e-100 0 
1 -2.31421e-96 0 
1 -4.91264e-93 0 
1 -7.83863e-90 0 
1 -9.76839e-87 -1.48885e-28 
1 -9.75064e-84 -1.28947e-27 
1 -7.93172e-81 -2.93618e-28 
1 -5.32108e-78 -4.69899e-30 
1 -2.96779e-75 -1.15761e-27 
1 -1.38321e-72 -1.14027e-24 
1 -5.40181e-70 -5.88905e-24 
1 -1.76883e-67 -2.49911e-23 
1 -4.85124e-65 -5.91915e-24 
1 -1.11142e-62 -1.56652e-25 
1 -2.11849e-60 -1.74566e-26 
1 -3.34312e-58 -4.10556e-27 
1 -4.34478e-56 -9.06347e-29 
1 -4.62903e-54 -9.7731e-30 
1 -4.03322e-52 -2.26777e-30 
1 -2.87685e-50 -4.21669e-32 
1 -1.68851e-48 -4.42451e-33 
1 -8.2213e-47 -1.01528e-33 
1 -3.35262e-45 -1.59927e-35 
1 -1.15631e-43 -1.63985e-36 
1 -3.40403e-42 -3.72756e-37 
1 -8.62433e-41 -4.98869e-39 
1 0 2.69602e-112 
1 0 3.01443e-111 
1 0 1.22019e-106 
1 0 5.67584e-106 
1 0 6.34451e-105 
1 0 1.21198e-100 
1 0 5.63699e-100 
1 0 6.29923e-99 
1 0 7.56187e-95 
1 0 3.51659e-94 
1 0 3.92843e-93 
1 0 3.32798e-89 
1 0 1.54742e-88 
1 0 1.72801e-87 
1 0 1.09948e-83 
1 0 5.11138e-83 
1 0 5.70553e-82 
1 0 2.83258e-78 
1 0 1.31659e-77 
1 0 1.46894e-76 
1 0 5.83448e-73 
1 0 2.71129e-72 
1 0 9.307e-72 
1 0 0 
1 0 0 
1 0 0 
1 0 0 
1 0 0 
1 0 0 
1 0 0 
1 0 0 
1 0 0 
1 0 0 
1 0 0 
1 0 0 
1 0 0 
1 0 0 
1 0 0 
1 0 0 
1 -2.08886e-108 0 
1 -2.11568e-104 0 
1 -1.01168e-100 0 
1 -3.04158e-97 0 
1 -6.45727e-94 -7.39115e-30 
1 -1.03042e-90 -7.66788e-29 
1 -1.28424e-87 -1.73334e-29 
1 -1.28206e-84 -2.36313e-31 
1 -1.04305e-81 -6.80425e-29 
1 -6.99855e-79 -9.09866e-26 
1 -3.90412e-76 -5.14563e-25 
1 -1.82e-73 -2.61064e-24 
1 -7.10944e-71 -6.11118e-25 
1 -2.32872e-68 -1.40588e-26 
1 -6.38915e-66 -1.52572e-27 
1 -1.46441e-63 -3.5495e-28 
1 -2.79287e-61 -6.83434e-30 
1 -4.41036e-59 -7.20521e-31 
1 -5.73668e-57 -1.65652e-31 
1 -6.11853e-55 -2.68902e-33 
1 -5.33809e-53 -2.76705e-34 
1 -3.81379e-51 -6.29886e-35 
1 -2.24278e-49 -8.65409e-37 
1 -1.09449e-47 -8.72335e-38 
1 -4.47497e-46 -1.96908e-38 
1 -1.54799e-44 -2.29272e-40 
1 -4.57234e-43 -2.27036e-41 
1 0 0 
1 0 0 
1 0 0 
1 0 0 
1 0 1.20413e-110 
1 0 5.60172e-110 
1 0 6.26329e-109 
1 0 2.53428e-104 
1 0 1.17885e-103 
1 0 1.31772e-102 
1 0 2.51612e-98 
1 0 1.17026e-97 
1 0 1.30774e-96 
1 0 1.5691e-92 
1 0 7.29694e-92 
1 0 8.15152e-91 
1 0 6.90176e-87 
1 0 3.20912e-86 
1 0 3.58363e-85 
1 0 2.27873e-81 
1 0 1.05936e-80 
1 0 1.1825e-79 
1 0 5.86654e-76 
1 0 2.72678e-75 
1 0 9.36156e-75 
1 0 0 
1 0 0 
1 0 0 
1 0 0 
1 0 0 
1 0 0 
1 0 0 
1 0 0 
1 0 0 
1 0 0 
1 0 0 
1 0 0 
1 0 0 
1 0 0 
1 0 0 
1 0 0 
1 0 0 
1 0 0 
1 0 0 
1 0 0 
1 -7.65076e-110 -3.15195e-31 
1 -7.75157e-106 -3.92926e-30 
1 -3.70804e-102 -8.82431e-31 
1 -1.11527e-98 -1.02114e-32 
1 -2.36884e-95 -3.44996e-30 
1 -3.78208e-92 -6.29528e-27 
1 -4.71648e-89 -3.91882e-26 
1 -4.71166e-86 -2.37471e-25 
1 -3.83621e-83 -5.5017e-26 
1 -2.57625e-80 -1.09918e-27 
1 -1.43862e-77 -1.16477e-28 
1 -6.71442e-75 -2.68343e-29 
1 -2.62651e-72 -4.49558e-31 
1 -8.61745e-70 -4.6436e-32 
1 -2.36901e-67 -1.05868e-32 
1 -5.44291e-65 -1.49485e-34 
1 -1.04111e-62 -1.5111e-35 
1 -1.65004e-60 -3.41486e-36 
1 -2.15594e-58 -4.07245e-38 
1 -2.31232e-56 -4.04137e-39 
1 -2.03128e-54 -9.06422e-40 
1 -1.46333e-52 -9.12726e-42 
1 -8.68994e-51 -8.91423e-43 
1 -4.28867e-49 -1.98634e-43 
1 -1.77584e-47 -1.685e-45 
1 0 0 
1 0 0 
1 0 0 
1 0 0 
1 0 0 
1 0 0 
1 0 0 
1 0 0 
1 0 2.5019e-108 
1 0 1.16391e-107 
1 0 1.30137e-106 
1 0 5.26358e-102 
1 0 2.4484e-101 
1 0 2.73685e-100 
1 0 5.22355e-96 
1 0 2.42949e-95 
1 0 2.71492e-94 
1 0 3.25588e-90 
1 0 1.51412e-89 
1 0 1.69144e-88 
1 0 1.43132e-84 
1 0 6.65524e-84 
1 0 7.43192e-83 
1 0 4.72281e-79 
1 0 2.19559e-78 
1 0 7.53888e-78 
1 0 0 
1 0 0 
1 0 0 
1 0 0 
1 0 0 
1 0 0 
1 0 0 
1 0 0 
1 0 0 
1 0 0 
1 0 0 
1 0 0 
1 0 0 
1 0 0 
1 0 0 
1 0 0 
1 0 0 
1 0 0 
1 0 0 
1 0 0 
1 0 -1.14731e-32 
1 0 -1.72622e-31 
1 -1.00534e-110 -3.854e-32 
1 -1.01865e-106 -3.7661e-34 
1 -4.87313e-103 -1.50099e-31 
1 -1.46581e-99 -3.76611e-28 
1 -3.11364e-96 -2.59605e-27 
1 -4.97171e-93 -1.87888e-26 
1 -6.2007e-90 -4.31328e-27 
1 -6.19513e-87 -7.46987e-29 
1 -5.04475e-84 -7.74727e-30 
1 -3.38841e-81 -1.76919e-30 
1 -1.89249e-78 -2.5704e-32 
1 -8.83471e-76 -2.60619e-33 
1 -3.4568e-73 -5.8968e-34 
1 -1.13451e-70 -7.20922e-36 
1 -3.12e-68 -7.17033e-37 
1 -7.17155e-66 -1.60967e-37 
1 -1.37251e-63 -1.65658e-39 
1 -2.17675e-61 -1.62064e-40 
1 -2.84655e-59 -3.61372e-41 
1 -3.05624e-57 -3.1249e-43 
1 -2.68829e-55 -3.01375e-44 
1 -1.93974e-53 -6.68099e-45 
1 -1.1541e-51 -4.83664e-47 
1 -5.70841e-50 -4.60725e-48 
1 0 0 
1 0 0 
1 0 0 
1 0 0 
1 0 0 
1 0 0 
1 0 0 
1 0 0 
1 0 0 
1 0 0 
1 0 0 
1 0 0 
1 0 0 
1 0 5.19838e-106 
1 0 2.41834e-105 
1 0 2.70395e-104 
1 0 1.09322e-99 
1 0 5.08522e-99 
1 0 5.6843e-98 
1 0 1.08443e-93 
1 0 5.04371e-93 
1 0 5.63625e-92 
1 0 6.75597e-88 
1 0 3.14181e-87 
1 0 3.50976e-86 
1 0 2.96836e-82 
1 0 1.3802e-81 
1 0 4.73965e-81 
1 0 0 
1 0 0 
1 0 0 
1 0 0 
1 0 0 
1 0 0 
1 0 0 
1 0 0 
1 0 0 
1 0 0 
1 0 0 
1 0 0 
1 0 0 
1 0 0 
1 0 0 
1 0 0 
1 0 0 
1 0 0 
1 0 0 
1 0 0 
1 0 -3.53754e-34 
1 0 -6.46023e-33 
1 0 -1.4347e-33 
1 0 -1.17617e-35 
1 0 -5.56748e-33 
1 0 -1.94045e-29 
1 -3.6822e-112 -1.49141e-28 
1 -3.73218e-108 -1.29044e-27 
1 -1.78611e-104 -2.93836e-28 
1 -5.37479e-101 -4.39844e-30 
1 -1.14223e-97 -4.47405e-31 
1 -1.82482e-94 -1.01362e-31 
1 -2.27726e-91 -1.27164e-33 
1 -2.27674e-88 -1.26779e-34 
1 -1.85539e-85 -2.84882e-35 
1 -1.24731e-82 -2.99868e-37 
1 -6.97354e-80 -2.93882e-38 
1 -3.25931e-77 -6.55768e-39 
1 -1.27706e-74 -5.78388e-41 
1 -4.19818e-72 -5.58545e-42 
1 -1.15682e-69 -1.23886e-42 
1 -2.6654e-67 -9.12559e-45 
1 -5.11606e-65 -8.70112e-46 
1 -8.14313e-63 -1.91992e-46 
1 -1.06963e-60 -1.17545e-48 
1 -1.15478e-58 -1.10857e-49 
1 -1.02265e-56 -2.43517e-50 
1 -7.43931e-55 -1.23213e-52 
1 0 0 
1 0 0 
1 0 0 
1 0 0 
1 0 0 
1 0 0 
1 0 0 
1 0 0 
1 0 0 
1 0 0 
1 0 0 
1 0 0 
1 0 0 
1 0 0 
1 0 0 
1 0 0 
1 0 0 
1 0 1.08011e-103 
1 0 5.02476e-103 
1 0 5.61819e-102 
1 0 2.27056e-97 
1 0 1.05617e-96 
1 0 1.1806e-95 
1 0 2.25131e-91 
1 0 1.04709e-90 
1 0 1.1701e-89 
1 0 1.40187e-85 
1 0 6.51926e-85 
1 0 2.23897e-84 
1 0 0 
1 0 0 
1 0 0 
1 0 0 
1 0 0 
1 0 0 
1 0 0 
1 0 0 
1 0 0 
1 0 0 
1 0 0 
1 0 0 
1 0 0 
1 0 0 
1 0 0 
1 0 0 
1 0 0 
1 0 0 
1 0 0 
1 0 0 
1 0 -9.15859e-36 
1 0 -2.04371e-34 
1 0 -4.51702e-35 
1 0 -3.08241e-37 
1 0 -1.74699e-34 
1 0 -8.56683e-31 
1 0 -7.40001e-30 
1 0 -7.67033e-29 
1 -4.83854e-113 -1.73389e-29 
1 -4.90459e-109 -2.23453e-31 
1 -2.34739e-105 -2.23341e-32 
1 -7.06442e-102 -5.02375e-33 
1 -1.50146e-98 -5.41291e-35 
1 -2.399e-95 -5.31473e-36 
1 -2.99419e-92 -1.18682e-36 
1 -2.99395e-89 -1.06834e-38 
1 -2.44029e-86 -1.0331e-39 
1 -1.64083e-83 -2.29269e-40 
1 -9.17574e-81 -1.71921e-42 
1 -4.28971e-78 -1.64087e-43 
1 -1.68131e-75 -3.62208e-44 
1 -5.52913e-73 -2.25229e-46 
1 -1.52425e-70 -2.12566e-47 
1 -3.51385e-68 -4.67075e-48 
1 -6.74902e-66 -2.39518e-50 
1 -1.0751e-63 -2.23899e-51 
1 -1.41362e-61 -4.90062e-52 
1 -1.52806e-59 -2.06101e-54 
1 -1.35532e-57 -1.91118e-55 
1 0 0 
1 0 0 
1 0 0 
1 0 0 
1 0 0 
1 0 0 
1 0 0 
1 0 0 
1 0 0 
1 0 0 
1 0 0 
1 0 0 
1 0 0 
1 0 0 
1 0 0 
1 0 0 
1 0 0 
1 0 0 
1 0 0 
1 0 0 
1 0 0 
1 0 2.24421e-101 
1 0 1.04403e-100 
1 0 1.16733e-99 
1 0 4.71585e-95 
1 0 2.19362e-94 
1 0 2.45205e-93 
1 0 4.67378e-89 
1 0 2.17379e-88 
1 0 7.46634e-88 
1 0 0 
1 0 0 
1 0 0 
1 0 0 
1 0 0 
1 0 0 
1 0 0 
1 0 0 
1 0 0 
1 0 0 
1 0 0 
1 0 0 
1 0 0 
1 0 0 
1 0 0 
1 0 0 
1 0 0 
1 0 0 
1 0 0 
1 0 0 
1 0 -1.97211e-37 
1 0 -5.4168e-36 
1 0 -1.19208e-36 
1 0 -6.71279e-39 
1 0 -4.59639e-36 
1 0 -3.2201e-32 
1 0 -3.15463e-31 
1 0 -3.92974e-30 
1 0 -8.8254e-31 
1 0 -9.74206e-33 
1 -1.92284e-127 -9.58413e-34 
1 -4.52293e-123 -2.14191e-34 
1 -3.05305e-119 -1.96908e-36 
1 -3.07457e-115 -1.90685e-37 
1 -6.99845e-112 -4.23422e-38 
1 -6.80256e-109 -3.23383e-40 
1 -2.92956e-106 -3.08969e-41 
1 9.2129e-105 -6.82308e-42 
1 4.16867e-101 -4.31085e-44 
1 3.69352e-98 -4.07148e-45 
1 3.19234e-95 -8.94903e-46 
1 2.07293e-92 -4.65246e-48 
1 9.22551e-90 -4.35132e-49 
1 2.87605e-87 -9.52599e-50 
1 8.7435e-85 -4.05313e-52 
1 9.61997e-83 -3.75981e-53 
1 -4.94792e-81 -8.20355e-54 
1 -3.85061e-78 -2.84481e-56 
1 -6.36647e-76 -2.62116e-57 
1 7.79751e-75 -5.7034e-58 
1 0 0 
1 0 0 
1 0 0 
1 0 0 
1 0 0 
1 0 0 
1 0 0 
1 0 0 
1 0 0 
1 0 0 
1 0 0 
1 0 0 
1 0 0 
1 0 0 
1 0 0 
1 0 0 
1 0 0 
1 0 0 
1 0 0 
1 0 0 
1 0 0 
1 0 0 
1 0 0 
1 0 0 
1 0 4.66296e-99 
1 0 2.16926e-98 
1 0 2.42545e-97 
1 0 9.79458e-93 
1 0 4.55605e-92 
1 0 1.565e-91 
1 0 0 
1 0 0 
1 0 0 
1 0 0 
1 0 0 
1 0 0 
1 0 0 
1 0 0 
1 0 0 
1 0 0 
1 0 0 
1 0 0 
1 0 0 
1 0 0 
1 0 0 
1 0 0 
1 0 0 
1 0 0 
1 0 0 
1 0 0 
1 0 -3.49883e-39 
1 0 -1.19128e-37 
1 0 -2.61162e-38 
1 0 -1.20312e-40 
1 0 -1.00425e-37 
1 0 -1.02261e-33 
1 0 -1.14801e-32 
1 0 -1.72629e-31 
1 0 -3.85418e-32 
1 0 -3.62107e-34 
1 0 -3.51191e-35 
1 0 -7.80302e-36 
1 0 -6.07297e-38 
1 0 -5.80855e-39 
1 0 -1.28329e-39 
1 0 -8.24139e-42 
1 0 -7.78974e-43 
1 0 -1.7127e-43 
1 0 -9.0298e-46 
1 0 -8.44983e-47 
1 0 -1.85025e-47 
1 0 -7.96647e-50 
1 0 -7.39262e-51 
1 0 -1.61324e-51 
1 0 -5.64974e-54 
1 0 -5.20682e-55 
1 0 -1.13306e-55 
1 0 -3.22334e-58 
1 0 -2.95419e-59 
1 0 -6.41409e-60 
1 0 0 
1 0 0 
1 0 0 
1 0 0 
1 0 0 
1 0 0 
1 0 0 
1 0 0 
1 0 0 
1 0 0 
1 0 0 
1 0 0 
1 0 0 
1 0 0 
1 0 0 
1 0 0 
1 0 0 
1 0 0 
1 0 0 
1 0 0 
1 0 0 
1 0 0 
1 0 0 
1 0 0 
1 0 0 
1 0 0 
1 0 0 
1 0 9.68858e-97 
1 0 4.50722e-96 
1 0 1.54834e-95 
1 0 0 
1 0 0 
1 0 0 
1 0 0 
1 0 0 
1 0 0 
1 0 0 
1 0 0 
1 0 0 
1 0 0 
1 0 0 
1 0 0 
1 0 0 
1 0 0 
1 0 0 
1 0 0 
1 0 0 
1 0 0 
1 0 0 
1 0 0 
1 0 -5.07411e-41 
1 0 -2.15307e-39 
1 0 -4.70428e-40 
1 0 -1.76028e-42 
1 0 -1.80471e-39 
1 0 -2.71956e-35 
1 0 -3.53906e-34 
1 0 -6.46033e-33 
1 0 -1.43472e-33 
1 0 -1.13854e-35 
1 0 -1.0902e-36 
1 0 -2.40968e-37 
1 0 -1.57368e-39 
1 0 -1.48863e-40 
1 0 -3.27405e-41 
1 0 -1.75112e-43 
1 0 -1.63955e-44 
1 0 -3.59091e-45 
1 0 -1.56494e-47 
1 0 -1.45276e-48 
1 0 -3.17072e-49 
1 0 -1.12161e-51 
1 0 -1.03394e-52 
1 0 -2.25018e-53 
1 0 -6.45371e-56 
1 0 -5.91577e-57 
1 0 -1.2845e-57 
1 0 -2.99399e-60 
1 0 -2.73213e-61 
1 0 -5.92146e-62 
1 0 0 
1 0 0 
1 0 0 
1 0 0 
1 0 0 
1 0 0 
1 0 0 
1 0 0 
1 0 0 
1 0 0 
1 0 0 
1 0 0 
1 0 0 
1 0 0 
1 0 0 
1 0 0 
1 0 0 
1 0 0 
1 0 0 
1 0 0 
1 0 0 
1 0 0 
1 0 0 
1 0 0 
1 0 0 
1 0 0 
1 0 0 
1 0 0 
1 0 0 
1 0 0 
1 0 0 
1 0 0 
1 0 0 
1 0 0 
1 0 0 
1 0 0 
1 0 0 
1 0 0 
1 0 0 
1 0 0 
1 0 0 
1 0 0 
1 0 0 
1 0 0 
1 0 0 
1 0 0 
1 0 0 
1 0 0 
1 0 0 
1 0 0 
1 0 -5.98703e-43 
1 0 -3.17227e-41 
1 0 -6.91123e-42 
1 0 -2.09245e-44 
1 0 -2.64619e-41 
1 0 -5.99834e-37 
1 0 -9.16133e-36 
1 0 -2.04372e-34 
1 0 -4.51705e-35 
1 0 -3.0012e-37 
1 0 -2.84134e-38 
1 0 -6.25125e-39 
1 0 -3.39297e-41 
1 0 -3.1786e-42 
1 0 -6.96332e-43 
1 0 -3.07243e-45 
1 0 -2.85326e-46 
1 0 -6.22836e-47 
1 0 -2.22584e-49 
1 0 -2.05236e-50 
1 0 -4.46706e-51 
1 0 -1.29183e-53 
1 0 -1.18435e-54 
1 0 -2.57176e-55 
1 0 -6.03422e-58 
1 0 -5.50705e-59 
1 0 -1.19361e-59 
1 0 -2.28446e-62 
1 0 -2.07738e-63 
1 0 -4.49595e-64 
1 0 0 
1 0 0 
1 0 0 
1 0 0 
1 0 0 
1 0 0 
1 0 0 
1 0 0 
1 0 0 
1 0 0 
1 0 0 
1 0 0 
1 0 0 
1 0 0 
1 0 0 
1 0 0 
1 0 0 
1 0 0 
1 0 0 
1 0 0 
1 0 0 
1 0 0 
1 0 0 
1 0 0 
1 0 0 
1 0 0 
1 0 0 
1 0 0 
1 0 0 
1 0 0 
1 0 0 
1 0 0 
1 0 0 
1 0 0 
1 0 0 
1 0 0 
1 0 0 
1 0 0 
1 0 0 
1 0 0 
1 0 0 
1 0 0 
1 0 0 
1 0 0 
1 0 0 
1 0 0 
1 0 0 
1 0 0 
1 0 0 
1 0 0 
1 0 -5.74575e-45 
1 0 -3.79246e-43 
1 0 -8.24264e-44 
1 0 -2.02036e-46 
1 0 -3.15097e-43 
1 0 -1.08679e-38 
1 0 -1.97252e-37 
1 0 -5.41681e-36 
1 0 -1.19209e-36 
1 0 -6.56841e-39 
1 0 -6.15704e-40 
1 0 -1.34914e-40 
1 0 -6.02849e-43 
1 0 -5.60065e-44 
1 0 -1.22276e-44 
1 0 -4.41547e-47 
1 0 -4.07238e-48 
1 0 -8.86466e-49 
1 0 -2.58519e-51 
1 0 -2.37049e-52 
1 0 -5.14779e-53 
1 0 -1.21597e-55 
1 0 -1.10986e-56 
1 0 -2.40564e-57 
1 0 -4.62879e-60 
1 0 -4.20949e-61 
1 0 -9.11061e-62 
1 0 -1.43787e-64 
1 0 -1.30383e-65 
1 0 -2.81855e-66 
1 0 0 
1 0 0 
1 0 0 
1 0 0 
1 0 0 
1 0 0 
1 0 0 
1 0 0 
1 0 0 
1 0 0 
1 0 0 
1 0 0 
1 0 0 
1 0 0 
1 0 0 
1 0 0 
1 0 0 
1 0 0 
1 0 0 
1 0 0 
1 0 0 
1 0 0 
1 0 0 
1 0 0 
1 0 0 
1 0 0 
1 0 0 
1 0 0 
1 0 0 
1 0 0 
1 0 0 
1 0 0 
1 0 0 
1 0 0 
1 0 0 
1 0 0 
1 0 0 
1 0 0 
1 0 0 
1 0 0 
1 0 0 
1 0 0 
1 0 0 
1 0 0 
1 0 0 
1 0 0 
1 0 0 
1 0 0 
1 0 0 
1 0 0 
1 0 -4.50033e-47 
1 0 -3.6786e-45 
1 0 -7.97958e-46 
1 0 -1.59025e-48 
1 0 -3.04657e-45 
1 0 -1.60451e-40 
1 0 -3.49931e-39 
1 0 -1.19128e-37 
1 0 -2.61163e-38 
1 0 -1.18214e-40 
1 0 -1.09869e-41 
1 0 -2.39911e-42 
1 0 -8.75563e-45 
1 0 -8.07744e-46 
1 0 -1.75847e-46 
1 0 -5.17213e-49 
1 0 -4.74339e-50 
1 0 -1.03015e-50 
1 0 -2.44991e-53 
1 0 -2.23637e-54 
1 0 -4.8476e-55 
1 0 -9.37786e-58 
1 0 -8.52899e-59 
1 0 -1.84599e-59 
1 0 -2.92594e-62 
1 0 -2.65333e-63 
1 0 -5.73591e-64 
1 0 -7.50219e-67 
1 0 -6.78729e-68 
1 0 -1.46586e-68 
1 0 0 
1 0 0 
1 0 0 
1 0 0 
1 0 0 
1 0 0 
1 0 0 
1 0 0 
1 0 0 
1 0 0 
1 0 0 
1 0 0 
1 0 0 
1 0 0 
1 0 0 
1 0 0 
1 0 0 
1 0 0 
1 0 0 
1 0 0 
1 0 0 
1 0 0 
1 0 0 
1 0 0 
1 0 0 
1 0 0 
1 0 0 
1 0 0 
1 0 0 
1 0 0 
1 0 0 
1 0 0 
1 0 0 
1 0 0 
1 0 0 
1 0 0 
1 0 0 
1 0 0 
1 0 0 
1 0 0 
1 0 0 
1 0 0 
1 0 0 
1 0 0 
1 0 0 
1 0 0 
1 0 0 
1 0 0 
1 0 0 
1 0 0 
1 0 -2.89261e-49 
1 0 -2.90604e-47 
1 0 -6.29382e-48 
1 0 -1.02621e-50 
1 0 -2.40057e-47 
1 0 -1.92136e-42 
1 0 -5.07458e-41 
1 0 -2.15307e-39 
1 0 -4.70429e-40 
1 0 -1.73549e-42 
1 0 -1.60149e-43 
1 0 -3.48685e-44 
1 0 -1.03451e-46 
1 0 -9.48915e-48 
1 0 -2.06096e-48 
1 0 -4.93522e-51 
1 0 -4.50554e-52 
1 0 -9.76677e-53 
1 0 -1.89974e-55 
1 0 -1.7279e-56 
1 0 -3.73992e-57 
1 0 -5.95364e-60 
1 0 -5.39919e-61 
1 0 -1.16721e-61 
1 0 -1.53196e-64 
1 0 -1.38602e-65 
1 0 -2.99344e-66 
1 0 -3.26001e-69 
1 0 -2.94382e-70 
1 0 -6.35291e-71 
1 0 0 
1 0 0 
1 0 0 
1 0 0 
1 0 0 
1 0 0 
1 0 0 
1 0 0 
1 0 0 
1 0 0 
1 0 0 
1 0 0 
1 0 0 
1 0 0 
1 0 0 
1 0 0 
1 0 0 
1 0 0 
1 0 0 
1 0 0 
1 0 0 
1 0 0 
1 0 0 
1 0 0 
1 0 0 
1 0 0 
1 0 0 
1 0 0 
1 0 0 
1 0 0 
1 0 0 
1 0 0 
1 0 0 
1 0 0 
1 0 0 
1 0 0 
1 0 0 
1 0 0 
1 0 0 
1 0 0 
1 0 0 
1 0 0 
1 0 0 
1 0 0 
1 0 0 
1 0 0 
1 0 0 
1 0 0 
1 0 0 
1 0 0 
1 0 -1.53501e-51 
1 0 -1.88078e-49 
1 0 -4.06816e-50 
1 0 -5.46336e-53 
1 0 -1.55045e-49 
1 0 -1.86613e-44 
1 0 -5.9874e-43 
1 0 -3.17227e-41 
1 0 -6.91123e-42 
1 0 -2.06862e-44 
1 0 -1.89781e-45 
1 0 -4.12217e-46 
1 0 -9.94003e-49 
1 0 -9.07566e-50 
1 0 -1.96744e-50 
1 0 -3.84799e-53 
1 0 -3.50019e-54 
1 0 -7.57614e-55 
1 0 -1.21134e-57 
1 0 -1.09859e-58 
1 0 -2.375e-59 
1 0 -3.12813e-62 
1 0 -2.83023e-63 
1 0 -6.11263e-64 
1 0 -6.67594e-67 
1 0 -6.02858e-68 
1 0 -1.30101e-68 
1 0 -1.18426e-71 
1 0 -1.06774e-72 
1 0 -2.30278e-73 
1 0 0 
1 0 0 
1 0 0 
1 0 0 
1 0 0 
1 0 0 
1 0 0 
1 0 0 
1 0 0 
1 0 0 
1 0 0 
1 0 0 
1 0 0 
1 0 0 
1 0 0 
1 0 0 
1 0 0 
1 0 0 
1 0 0 
1 0 0 
1 0 0 
1 0 0 
1 0 0 
1 0 0 
1 0 0 
1 0 0 
1 0 0 
1 0 0 
1 0 0 
1 0 0 
1 0 0 
1 0 0 
1 0 0 
1 0 0 
1 0 0 
1 0 0 
1 0 0 
1 0 0 
1 0 0 
1 0 0 
1 0 0 
1 0 0 
1 0 0 
1 0 0 
1 0 0 
1 0 0 
1 0 0 
1 0 0 
1 0 0 
1 0 0 
1 0 -6.76283e-54 
1 0 -1.00364e-51 
1 0 -2.16865e-52 
1 0 -2.41338e-55 
1 0 -8.25997e-52 
1 0 -1.47574e-46 
1 0 -5.74599e-45 
1 0 -3.79246e-43 
1 0 -8.24264e-44 
1 0 -2.00168e-46 
1 0 -1.82782e-47 
1 0 -3.96259e-48 
1 0 -7.79339e-51 
1 0 -7.08951e-52 
1 0 -1.53457e-52 
1 0 -2.46445e-55 
1 0 -2.23516e-56 
1 0 -4.8322e-57 
1 0 -6.38705e-60 
1 0 -5.77898e-61 
1 0 -1.24814e-61 
1 0 -1.36707e-64 
1 0 -1.23454e-65 
1 0 -2.66424e-66 
1 0 -2.43087e-69 
1 0 -2.19173e-70 
1 0 -4.72688e-71 
1 0 -3.60547e-74 
1 0 -3.24652e-75 
1 0 -6.99798e-76 
1 0 0 
1 0 0 
1 0 0 
1 0 0 
1 0 0 
1 0 0 
1 0 0 
1 0 0 
1 0 0 
1 0 0 
1 0 0 
1 0 0 
1 0 0 
1 0 0 
1 0 0 
1 0 0 
1 0 0 
1 0 0 
1 0 0 
1 0 0 
1 0 0 
1 0 0 
1 0 0 
1 0 0 
1 0 0 
1 0 0 
1 0 0 
1 0 0 
1 0 0 
1 0 0 
1 0 0 
1 0 0 
1 0 0 
1 0 0 
1 0 0 
1 0 0 
1 0 0 
1 0 0 
1 0 0 
1 0 0 
1 0 0 
1 0 0 
1 0 0 
1 0 0 
1 0 0 
1 0 0 
1 0 0 
1 0 0 
1 0 0 
1 0 0 
1 0 -2.48477e-56 
1 0 -4.44192e-54 
1 0 -9.58991e-55 
1 0 -8.88652e-58 
1 0 -3.65077e-54 
1 0 -9.55884e-49 
1 0 -4.50046e-47 
1 0 -3.6786e-45 
1 0 -7.97959e-46 
1 0 -1.57822e-48 
1 0 -1.43579e-49 
1 0 -3.10795e-50 
1 0 -5.01348e-53 
1 0 -4.54725e-54 
1 0 -9.83095e-55 
1 0 -1.30405e-57 
1 0 -1.17994e-58 
1 0 -2.54846e-59 
1 0 -2.79934e-62 
1 0 -2.52801e-63 
1 0 -5.45571e-64 
1 0 -4.98959e-67 
1 0 -4.4988e-68 
1 0 -9.7026e-69 
1 0 -7.41525e-72 
1 0 -6.67709e-73 
1 0 -1.43928e-73 
1 0 -9.20836e-77 
1 0 -8.28255e-78 
1 0 -1.78453e-78 
1 0 0 
1 0 0 
1 0 0 
1 0 0 
1 0 0 
1 0 0 
1 0 0 
1 0 0 
1 0 0 
1 0 0 
1 0 0 
1 0 0 
1 0 0 
1 0 0 
1 0 0 
1 0 0 
1 0 0 
1 0 0 
1 0 0 
1 0 0 
1 0 0 
1 0 0 
1 0 0 
1 0 0 
1 0 0 
1 0 0 
1 0 0 
1 0 0 
1 0 0 
1 0 0 
1 0 0 
1 0 0 
1 0 0 
1 0 0 
1 0 0 
1 0 0 
1 0 0 
1 0 0 
1 0 0 
1 0 0 
1 0 0 
1 0 0 
1 0 0 
1 0 0 
1 0 0 
1 0 0 
1 0 0 
1 0 0 
1 0 0 
1 0 0 
1 0 -7.63664e-59 
1 0 -1.63816e-56 
1 0 -3.53425e-57 
1 0 -2.73615e-60 
1 0 -1.3449e-56 
1 0 -5.10425e-51 
1 0 -2.89267e-49 
1 0 -2.90604e-47 
1 0 -6.29382e-48 
1 0 -1.01983e-50 
1 0 -9.25035e-52 
1 0 -1.99992e-52 
1 0 -2.66236e-55 
1 0 -2.40905e-56 
1 0 -5.2032e-57 
1 0 -5.73199e-60 
1 0 -5.17652e-61 
1 0 -1.11716e-61 
1 0 -1.02414e-64 
1 0 -9.23415e-66 
1 0 -1.99155e-66 
1 0 -1.52505e-69 
1 0 -1.37325e-70 
1 0 -2.96011e-71 
1 0 -1.89698e-74 
1 0 -1.70627e-75 
1 0 -3.6763e-76 
1 0 -1.97138e-79 
1 0 -1.77153e-80 
1 0 -3.81544e-81 
1 0 0 
1 0 0 
1 0 0 
1 0 0 
1 0 0 
1 0 0 
1 0 0 
1 0 0 
1 0 0 
1 0 0 
1 0 0 
1 0 0 
1 0 0 
1 0 0 
1 0 0 
1 0 0 
1 0 0 
1 0 0 
1 0 0 
1 0 0 
1 0 0 
1 0 0 
1 0 0 
1 0 0 
1 0 0 
1 0 0 
1 0 0 
1 0 0 
1 0 0 
1 0 0 
1 0 0 
1 0 0 
1 0 0 
1 0 0 
1 0 0 
1 0 0 
1 0 0 
1 0 0 
1 0 0 
1 0 0 
1 0 0 
1 0 0 
1 0 0 
1 0 0 
1 0 0 
1 0 0 
1 0 0 
1 0 0 
1 0 0 
1 0 0 
1 0 -1.96595e-61 
1 0 -5.05045e-59 
1 0 -1.08897e-59 
1 0 -7.0547e-63 
1 0 -4.14248e-59 
1 0 -2.26025e-53 
1 0 -1.53503e-51 
1 0 -1.88078e-49 
1 0 -4.06816e-50 
1 0 -5.43521e-53 
1 0 -4.91825e-54 
1 0 -1.06229e-54 
1 0 -1.17365e-57 
1 0 -1.05994e-58 
1 0 -2.28751e-59 
1 0 -2.10204e-62 
1 0 -1.89534e-63 
1 0 -4.08774e-64 
1 0 -3.13641e-67 
1 0 -2.82425e-68 
1 0 -6.08786e-69 
1 0 -3.90786e-72 
1 0 -3.51502e-73 
1 0 -7.57341e-74 
1 0 -4.06688e-77 
1 0 -3.65462e-78 
1 0 -7.87116e-79 
1 0 -3.52789e-82 
1 0 -3.16772e-83 
1 0 -6.82026e-84 
1 0 0 
1 0 0 
1 0 0 
1 0 0 
1 0 0 
1 0 0 
1 0 0 
1 0 0 
1 0 0 
1 0 0 
1 0 0 
1 0 0 
1 0 0 
1 0 0 
1 0 0 
1 0 0 
1 0 0 
1 0 0 
1 0 0 
1 0 0 
1 0 0 
1 0 0 
1 0 0 
1 0 0 
1 0 0 
1 0 0 
1 0 0 
1 0 0 
1 0 0 
1 0 0 
1 0 0 
1 0 0 
1 0 0 
1 0 0 
1 0 0 
1 0 0 
1 0 0 
1 0 0 
1 0 0 
1 0 0 
1 0 0 
1 0 0 
1 0 0 
1 0 0 
1 0 0 
1 0 0 
1 0 0 
1 0 0 
1 0 0 
1 0 0 
1 0 -4.23732e-64 
1 0 -1.3036e-61 
1 0 -2.80942e-62 
1 0 -1.52253e-65 
1 0 -1.06841e-61 
1 0 -8.33936e-56 
1 0 -6.76289e-54 
1 0 -1.00364e-51 
1 0 -2.16865e-52 
1 0 -2.40303e-55 
1 0 -2.17026e-56 
1 0 -4.68378e-57 
1 0 -4.31432e-60 
1 0 -3.89014e-61 
1 0 -8.39006e-62 
1 0 -6.45023e-65 
1 0 -5.80832e-66 
1 0 -1.25203e-66 
1 0 -8.05026e-70 
1 0 -7.24106e-71 
1 0 -1.56015e-71 
1 0 -8.38974e-75 
1 0 -7.53931e-76 
1 0 -1.62379e-76 
1 0 -7.28667e-80 
1 0 -6.54279e-81 
1 0 -1.40869e-81 
1 0 -5.25015e-85 
1 0 -4.7109e-86 
1 0 -1.01399e-86 
1 0 0 
1 0 0 
1 0 0 
1 0 0 
1 0 0 
1 0 0 
1 0 0 
1 0 0 
1 0 0 
1 0 0 
1 0 0 
1 0 0 
1 0 0 
1 0 0 
1 0 0 
1 0 0 
1 0 0 
1 0 0 
1 0 0 
1 0 0 
1 0 0 
1 0 0 
1 0 0 
1 0 0 
1 0 0 
1 0 0 
1 0 0 
1 0 0 
1 0 0 
1 0 0 
1 0 0 
1 0 0 
1 0 0 
1 0 0 
1 0 0 
1 0 0 
1 0 0 
1 0 0 
1 0 0 
1 0 0 
1 0 0 
1 0 0 
1 0 0 
1 0 0 
1 0 0 
1 0 0 
1 0 0 
1 0 0 
1 0 0 
1 0 0 
1 0 -7.62686e-67 
1 0 -2.81601e-64 
1 0 -6.0663e-65 
1 0 -2.74353e-68 
1 0 -2.30643e-64 
1 0 -2.57195e-58 
1 0 -2.48479e-56 
1 0 -4.44192e-54 
1 0 -9.58991e-55 
1 0 -8.8547e-58 
1 0 -7.98425e-59 
1 0 -1.72201e-59 
1 0 -1.32651e-62 
1 0 -1.19451e-63 
1 0 -2.57487e-64 
1 0 -1.65835e-67 
1 0 -1.49166e-68 
1 0 -3.21393e-69 
1 0 -1.73074e-72 
1 0 -1.55531e-73 
1 0 -3.34977e-74 
1 0 -1.50501e-77 
1 0 -1.35137e-78 
1 0 -2.90958e-79 
1 0 -1.08552e-82 
1 0 -9.74027e-84 
1 0 -2.09654e-84 
1 0 -6.44493e-88 
1 0 -5.77949e-89 
1 0 -1.24369e-89 
1 0 0 
1 0 0 
1 0 0 
1 0 0 
1 0 0 
1 0 0 
1 0 0 
1 0 0 
1 0 0 
1 0 0 
1 0 0 
1 0 0 
1 0 0 
1 0 0 
1 0 0 
1 0 0 
1 0 0 
1 0 0 
1 0 0 
1 0 0 
1 0 0 
1 0 0 
1 0 0 
1 0 0 
1 0 0 
1 0 0 
1 0 0 
1 0 0 
1 0 0 
1 0 0 
1 0 0 
1 0 0 
1 0 0 
1 0 0 
1 0 0 
1 0 0 
1 0 0 
1 0 0 
1 0 0 
1 0 0 
1 0 0 
1 0 0 
1 0 0 
1 0 0 
1 0 0 
1 0 0 
1 0 0 
1 0 0 
1 0 0 
1 0 0 
1 0 -1.1407e-69 
1 0 -5.07836e-67 
1 0 -1.09359e-67 
1 0 -4.10732e-71 
1 0 -4.15704e-67 
1 0 -6.64062e-61 
1 0 -7.63668e-59 
1 0 -1.63816e-56 
1 0 -3.53425e-57 
1 0 -2.72796e-60 
1 0 -2.45653e-61 
1 0 -5.29529e-62 
1 0 -3.41613e-65 
1 0 -3.0728e-66 
1 0 -6.62067e-67 
1 0 -3.57035e-70 
1 0 -3.20848e-71 
1 0 -6.91032e-72 
1 0 -3.10848e-75 
1 0 -2.79116e-76 
1 0 -6.00953e-77 
1 0 -2.24441e-80 
1 0 -2.01389e-81 
1 0 -4.33479e-82 
1 0 -1.33376e-85 
1 0 -1.19605e-86 
1 0 -2.5738e-87 
1 0 -6.4486e-91 
1 0 -5.77973e-92 
1 0 -1.24348e-92 
1 0 0 
1 0 0 
1 0 0 
1 0 0 
1 0 0 
1 0 0 
1 0 0 
1 0 0 
1 0 0 
1 0 0 
1 0 0 
1 0 0 
1 0 0 
1 0 0 
1 0 0 
1 0 0 
1 0 0 
1 0 0 
1 0 0 
1 0 0 
1 0 0 
1 0 0 
1 0 0 
1 0 0 
1 0 0 
1 0 0 
1 0 0 
1 0 0 
1 0 0 
1 0 0 
1 0 0 
1 0 0 
1 0 0 
1 0 0 
1 0 0 
1 0 0 
1 0 0 
1 0 0 
1 0 0 
1 0 0 
1 0 0 
1 0 0 
1 0 0 
1 0 0 
1 0 0 
1 0 0 
1 0 0 
1 0 0 
1 0 0 
1 0 0 
1 0 -1.40639e-72 
1 0 -7.60801e-70 
1 0 -1.63782e-70 
1 0 -5.06831e-74 
1 0 -6.2247e-70 
1 0 -1.43487e-63 
1 0 -1.96596e-61 
1 0 -5.05045e-59 
1 0 -1.08897e-59 
1 0 -7.03703e-63 
1 0 -6.32984e-64 
1 0 -1.36383e-64 
1 0 -7.36522e-68 
1 0 -6.61876e-69 
1 0 -1.42553e-69 
1 0 -6.42027e-73 
1 0 -5.76491e-74 
1 0 -1.24122e-74 
1 0 -4.64049e-78 
1 0 -4.16389e-79 
1 0 -8.96255e-80 
1 0 -2.76018e-83 
1 0 -2.4752e-84 
1 0 -5.3264e-85 
1 0 -1.33558e-88 
1 0 -1.19705e-89 
1 0 -2.57539e-90 
1 0 -5.16897e-94 
1 0 -4.63067e-95 
1 0 -9.96072e-96 
1 0 0 
1 0 0 
1 0 0 
1 0 0 
1 0 0 
1 0 0 
1 0 0 
1 0 0 
1 0 0 
1 0 0 
1 0 0 
1 0 0 
1 0 0 
1 0 0 
1 0 0 
1 0 0 
1 0 0 
1 0 0 
1 0 0 
1 0 0 
1 0 0 
1 0 0 
1 0 0 
1 0 0 
1 0 0 
1 0 0 
1 0 0 
1 0 0 
1 0 0 
1 0 0 
1 0 0 
1 0 0 
1 0 0 
1 0 0 
1 0 0 
1 0 0 
1 0 0 
1 0 0 
1 0 0 
1 0 0 
1 0 0 
1 0 0 
1 0 0 
1 0 0 
1 0 0 
1 0 0 
1 0 0 
1 0 0 
1 0 0 
1 0 0 
1 0 -1.41256e-75 
1 0 -9.39366e-73 
1 0 -2.02168e-73 
1 0 -5.09435e-77 
1 0 -7.68241e-73 
1 0 -2.58819e-66 
1 0 -4.23733e-64 
1 0 -1.3036e-61 
1 0 -2.80942e-62 
1 0 -1.51935e-65 
1 0 -1.36537e-66 
1 0 -2.94071e-67 
1 0 -1.32604e-70 
1 0 -1.19069e-71 
1 0 -2.56362e-72 
1 0 -9.59453e-76 
1 0 -8.60916e-77 
1 0 -1.85308e-77 
1 0 -5.71208e-81 
1 0 -5.12233e-82 
1 0 -1.10228e-82 
1 0 -2.76615e-86 
1 0 -2.47924e-87 
1 0 -5.33395e-88 
1 0 -1.07131e-91 
1 0 -9.59743e-93 
1 0 -2.06444e-93 
1 0 -3.23635e-97 
1 0 -2.89812e-98 
1 0 -6.23288e-99 
1 0 0 
1 0 0 
1 0 0 
1 0 0 
1 0 0 
1 0 0 
1 0 0 
1 0 0 
1 0 0 
1 0 0 
1 0 0 
1 0 0 
1 0 0 
1 0 0 
1 0 0 
1 0 0 
1 0 0 
1 0 0 
1 0 0 
1 0 0 
1 0 0 
1 0 0 
1 0 0 
1 0 0 
1 0 0 
1 0 0 
1 0 0 
1 0 0 
1 0 0 
1 0 0 
1 0 0 
1 0 0 
1 0 0 
1 0 0 
1 0 0 
1 0 0 
1 0 0 
1 0 0 
1 0 0 
1 0 0 
1 0 0 
1 0 0 
1 0 0 
1 0 0 
1 0 0 
1 0 0 
1 0 0 
1 0 0 
1 0 0 
1 0 0 
1 0 -1.13607e-78 
1 0 -9.44688e-76 
1 0 -2.03265e-76 
1 0 -4.09988e-80 
1 0 -7.72305e-76 
1 0 -3.87816e-69 
1 0 -7.62687e-67 
1 0 -2.81601e-64 
1 0 -6.0663e-65 
1 0 -2.73877e-68 
1 0 -2.45923e-69 
1 0 -5.29488e-70 
1 0 -1.98373e-73 
1 0 -1.78e-74 
1 0 -3.83136e-75 
1 0 -1.18209e-78 
1 0 -1.06005e-79 
1 0 -2.28113e-80 
1 0 -5.72901e-84 
1 0 -5.1348e-85 
1 0 -1.10472e-85 
1 0 -2.22036e-89 
1 0 -1.98914e-90 
1 0 -4.2787e-91 
1 0 -6.71174e-95 
1 0 -6.0103e-96 
1 0 -1.29262e-96 
1 0 -1.52323e-100 
1 0 -1.36354e-101 
1 0 -2.93207e-102 
1 0 0 
1 0 0 
1 0 0 
1 0 0 
1 0 0 
1 0 0 
1 0 0 
1 0 0 
1 0 0 
1 0 0 
1 0 0 
1 0 0 
1 0 0 
1 0 0 
1 0 0 
1 0 0 
1 0 0 
1 0 0 
1 0 0 
1 0 0 
1 0 0 
1 0 0 
1 0 0 
1 0 0 
1 0 0 
1 0 0 
1 0 0 
1 0 0 
1 0 0 
1 0 0 
1 0 0 
1 0 0 
1 0 0 
1 0 0 
1 0 0 
1 0 0 
1 0 0 
1 0 0 
1 0 0 
1 0 0 
1 0 0 
1 0 0 
1 0 0 
1 0 0 
1 0 0 
1 0 0 
1 0 0 
1 0 0 
1 0 0 
1 0 0 
1 0 -7.13422e-82 
1 0 -7.60626e-79 
1 0 -1.63626e-79 
1 0 -2.57612e-83 
1 0 -6.21625e-79 
1 0 -4.78918e-72 
1 0 -1.1407e-69 
1 0 -5.07836e-67 
1 0 -1.09359e-67 
1 0 -4.10145e-71 
1 0 -3.68025e-72 
1 0 -7.92157e-73 
1 0 -2.44627e-76 
1 0 -2.19371e-77 
1 0 -4.72069e-78 
1 0 -1.18654e-81 
1 0 -1.06347e-82 
1 0 -2.28801e-83 
1 0 -4.60185e-87 
1 0 -4.12263e-88 
1 0 -8.86791e-89 
1 0 -1.39192e-92 
1 0 -1.24645e-93 
1 0 -2.68071e-94 
1 0 -3.16072e-98 
1 0 -2.82935e-99 
1 0 -6.08408e-100 
1 0 -5.06297e-104 
1 0 -4.53069e-105 
1 0 -9.74124e-106 
1 0 0 
1 0 0 
1 0 0 
1 0 0 
1 0 0 
1 0 0 
1 0 0 
1 0 0 
1 0 0 
1 0 0 
1 0 0 
1 0 0 
1 0 0 
1 0 0 
1 0 0 
1 0 0 
1 0 0 
1 0 0 
1 0 0 
1 0 0 
1 0 0 
1 0 0 
1 0 0 
1 0 0 
1 0 0 
1 0 0 
1 0 0 
1 0 0 
1 0 0 
1 0 0 
1 0 0 
1 0 0 
1 0 0 
1 0 0 
1 0 0 
1 0 0 
1 0 0 
1 0 0 
1 0 0 
1 0 0 
1 0 0 
1 0 0 
1 0 0 
1 0 0 
1 0 0 
1 0 0 
1 0 0 
1 0 0 
1 0 0 
1 0 0 
1 0 -3.3667e-85 
1 0 -4.78129e-82 
1 0 -1.02836e-82 
1 0 -1.21633e-86 
1 0 -3.90639e-82 
1 0 -4.81701e-75 
1 0 -1.40639e-72 
1 0 -7.60801e-70 
1 0 -1.63782e-70 
1 0 -5.06241e-74 
1 0 -4.53977e-75 
1 0 -9.76921e-76 
1 0 -2.45744e-79 
1 0 -2.20256e-80 
1 0 -4.7387e-81 
1 0 -9.53764e-85 
1 0 -8.54442e-86 
1 0 -1.83793e-86 
1 0 -2.88665e-90 
1 0 -2.58497e-91 
1 0 -5.55942e-92 
1 0 -6.55852e-96 
1 0 -5.87094e-97 
1 0 -1.26245e-97 
1 0 -1.05109e-101 
1 0 -9.40588e-103 
1 0 -2.02232e-103 
1 0 -1.05814e-107 
1 0 -9.46615e-109 
1 0 -2.03503e-109 
1 0 0 
1 0 0 
1 0 0 
1 0 0 
1 0 0 
1 0 0 
1 0 0 
1 0 0 
1 0 0 
1 0 0 
1 0 0 
1 0 0 
1 0 0 
1 0 0 
1 0 0 
1 0 0 
1 0 0 
1 0 0 
1 0 0 
1 0 0 
1 0 0 
1 0 0 
1 0 0 
1 0 0 
1 0 0 
1 0 0 
1 0 0 
1 0 0 
1 0 0 
1 0 0 
1 0 0 
1 0 0 
1 0 0 
1 0 0 
1 0 0 
1 0 0 
1 0 0 
1 0 0 
1 0 0 
1 0 0 
1 0 0 
1 0 0 
1 0 0 
1 0 0 
1 0 0 
1 0 0 
1 0 0 
1 0 0 
1 0 0 
1 0 0 
1 0 -1.12168e-88 
1 0 -2.25833e-85 
1 0 -4.85639e-86 
1 0 -4.05431e-90 
1 0 -1.84461e-85 
1 0 -3.87896e-78 
1 0 -1.41256e-75 
1 0 -9.39366e-73 
1 0 -2.02168e-73 
1 0 -5.08961e-77 
1 0 -4.56173e-78 
1 0 -9.81434e-79 
1 0 -1.97674e-82 
1 0 -1.77089e-83 
1 0 -3.80924e-84 
1 0 -5.9865e-88 
1 0 -5.36087e-89 
1 0 -1.15295e-89 
1 0 -1.3609e-93 
1 0 -1.21822e-94 
1 0 -2.6196e-95 
1 0 -2.1821e-99 
1 0 -1.95269e-100 
1 0 -4.1984e-101 
1 0 -2.1977e-105 
1 0 -1.96607e-106 
1 0 -4.22666e-107 
1 0 -1.04414e-111 
1 0 -9.3385e-113 
1 0 -2.00737e-113 
1 0 0 
1 0 0 
1 0 0 
1 0 0 
1 0 0 
1 0 0 
1 0 0 
1 0 0 
1 0 0 
1 0 0 
1 0 0 
1 0 0 
1 0 0 
1 0 0 
1 0 0 
1 0 0 
1 0 0 
1 0 0 
1 0 0 
1 0 0 
1 0 0 
1 0 0 
1 0 0 
1 0 0 
1 0 0 
1 0 0 
1 0 0 
1 0 0 
1 0 0 
1 0 0 
1 0 0 
1 0 0 
1 0 0 
1 0 0 
1 0 0 
1 0 0 
1 0 0 
1 0 0 
1 0 0 
1 0 0 
1 0 0 
1 0 0 
1 0 0 
1 0 0 
1 0 0 
1 0 0 
1 0 0 
1 0 0 
1 0 0 
1 0 0 
1 0 -2.3492e-92 
1 0 -7.52998e-89 
1 0 -1.61903e-89 
1 0 -8.49471e-94 
1 0 -6.1491e-89 
1 0 -2.43858e-81 
1 0 -1.13607e-78 
1 0 -9.44688e-76 
1 0 -2.03265e-76 
1 0 -4.0969e-80 
1 0 -3.67027e-81 
1 0 -7.89488e-82 
1 0 -1.24151e-85 
1 0 -1.11177e-86 
1 0 -2.39105e-87 
1 0 -2.82387e-91 
1 0 -2.52783e-92 
1 0 -5.4357e-93 
1 0 -4.53011e-97 
1 0 -4.05386e-98 
1 0 -8.71602e-99 
1 0 -4.56451e-103 
1 0 -4.08344e-104 
1 0 -8.77858e-105 
1 0 -2.16949e-109 
1 0 -1.94033e-110 
1 0 -4.17087e-111 
1 0 0 
1 0 0 
1 0 0 
1 0 0 
1 0 0 
1 0 0 
1 0 0 
1 0 0 
1 0 0 
1 0 0 
1 0 0 
1 0 0 
1 0 0 
1 0 0 
1 0 0 
1 0 0 
1 0 0 
1 0 0 
1 0 0 
1 0 0 
1 0 0 
1 0 0 
1 0 0 
1 0 0 
1 0 0 
1 0 0 
1 0 0 
1 0 0 
1 0 0 
1 0 0 
1 0 0 
1 0 0 
1 0 0 
1 0 0 
1 0 0 
1 0 0 
1 0 0 
1 0 0 
1 0 0 
1 0 0 
1 0 0 
1 0 0 
1 0 0 
1 0 0 
1 0 0 
1 0 0 
1 0 0 
1 0 0 
1 0 0 
1 0 0 
1 0 0 
1 0 0 
1 0 0 
1 0 -2.32251e-96 
1 0 -1.57816e-92 
1 0 -3.39278e-93 
1 0 -8.4013e-98 
1 0 -1.28849e-92 
1 0 -1.15192e-84 
1 0 -7.13422e-82 
1 0 -7.60626e-79 
1 0 -1.63626e-79 
1 0 -2.57472e-83 
1 0 -2.30564e-84 
1 0 -4.95868e-85 
1 0 -5.85955e-89 
1 0 -5.24526e-90 
1 0 -1.12791e-90 
1 0 -9.40466e-95 
1 0 -8.41595e-96 
1 0 -1.80948e-96 
1 0 -9.48027e-101 
1 0 -8.48111e-102 
1 0 -1.82327e-102 
1 0 -4.5077e-107 
1 0 -4.03156e-108 
1 0 -8.66611e-109 
1 0 0 
1 0 0 
1 0 0 
1 0 0 
1 0 0 
1 0 0 
1 0 0 
1 0 0 
1 0 0 
1 0 0 
1 0 0 
1 0 0 
1 0 0 
1 0 0 
1 0 0 
1 0 0 
1 0 0 
1 0 0 
1 0 0 
1 0 0 
1 0 0 
1 0 0 
1 0 0 
1 0 0 
1 0 0 
1 0 0 
1 0 0 
1 0 0 
1 0 0 
1 0 0 
1 0 0 
1 0 0 
1 0 0 
1 0 0 
1 0 0 
1 0 0 
1 0 0 
1 0 0 
1 0 0 
1 0 0 
1 0 0 
1 0 0 
1 0 0 
1 0 0 
1 0 0 
1 0 0 
1 0 0 
1 0 0 
1 0 0 
1 0 0 
1 0 0 
1 0 0 
1 0 0 
1 0 0 
1 0 0 
1 0 0 
1 0 0 
1 0 -1.56122e-96 
1 0 -3.35594e-97 
1 0 0 
1 0 -1.27441e-96 
1 0 -3.84122e-88 
1 0 -3.3667e-85 
1 0 -4.78129e-82 
1 0 -1.02836e-82 
1 0 -1.21586e-86 
1 0 -1.08839e-87 
1 0 -2.34042e-88 
1 0 -1.95244e-92 
1 0 -1.74718e-93 
1 0 -3.75653e-94 
1 0 -1.969e-98 
1 0 -1.76149e-99 
1 0 -3.78684e-100 
1 0 -9.36597e-105 
1 0 -8.37666e-106 
1 0 -1.80062e-106 
1 0 0 
1 0 0 
1 0 0 
1 0 0 
1 0 0 
1 0 0 
1 0 0 
1 0 0 
1 0 0 
1 0 0 
1 0 0 
1 0 0 
1 0 0 
1 0 0 
1 0 0 
1 0 0 
1 0 0 
1 0 0 
1 0 0 
1 0 0 
1 0 0 
1 0 0 
1 0 0 
1 0 0 
1 0 0 
1 0 0 
1 0 0 
1 0 0 
1 0 0 
1 0 0 
1 0 0 
1 0 0 
1 0 0 
1 0 0 
1 0 0 
1 0 0 
1 0 0 
1 0 0 
1 0 0 
1 0 0 
1 0 0 
1 0 0 
1 0 0 
1 0 0 
1 0 0 
1 0 0 
1 0 0 
1 0 0 
1 0 0 
1 0 0 
1 0 0 
1 0 0 
1 0 0 
1 0 0 
1 0 0 
1 0 0 
1 0 0 
1 0 0 
1 0 0 
1 0 0 
1 0 0 
1 0 0 
1 0 0 
1 0 0 
1 0 -8.05123e-92 
1 0 -1.12168e-88 
1 0 -2.25833e-85 
1 0 -4.85639e-86 
1 0 -4.05332e-90 
1 0 -3.6272e-91 
1 0 -7.79869e-92 
1 0 -4.08953e-96 
1 0 -3.65852e-97 
1 0 -7.86508e-98 
1 0 -1.94604e-102 
1 0 -1.74048e-103 
1 0 -3.74128e-104 
1 0 0 
1 0 0 
1 0 0 
1 0 0 
1 0 0 
1 0 0 
1 0 0 
1 0 0 
1 0 0 
1 0 0 
1 0 0 
1 0 0 
1 0 0 
1 0 0 
1 0 0 
1 0 0 
1 0 0 
1 0 0 
1 0 0 
1 0 0 
1 0 0 
1 0 0 
1 0 0 
1 0 0 
1 0 0 
1 0 0 
1 0 0 
1 0 0 
1 0 0 
1 0 0 
1 0 0 
1 0 0 
1 0 0 
1 0 0 
1 0 0 
1 0 0 
1 0 0 
1 0 0 
1 0 0 
1 0 0 
1 0 0 
1 0 0 
1 0 0 
1 0 0 
1 0 0 
1 0 0 
1 0 0 
1 0 0 
1 0 0 
1 0 0 
1 0 0 
1 0 0 
1 0 0 
1 0 0 
1 0 0 
1 0 0 
1 0 0 
1 0 0 
1 0 0 
1 0 0 
1 0 0 
1 0 0 
1 0 0 
1 0 0 
1 0 0 
1 0 0 
1 0 0 
1 0 -7.96533e-96 
1 0 -2.3492e-92 
1 0 -7.52998e-89 
1 0 -1.61903e-89 
1 0 -8.49374e-94 
1 0 -7.59857e-95 
1 0 -1.63354e-95 
1 0 -4.04342e-100 
1 0 -3.61632e-101 
1 0 -7.77353e-102 
1 0 0 
1 0 0 
1 0 0 
1 0 0 
1 0 0 
1 0 0 
1 0 0 
1 0 0 
1 0 0 
1 0 0 
1 0 0 
1 0 0 
1 0 0 
1 0 0 
1 0 0 
1 0 0 
1 0 0 
1 0 0 
1 0 0 
1 0 0 
1 0 0 
1 0 0 
1 0 0 
1 0 0 
1 0 0 
1 0 0 
1 0 0 
1 0 0 
1 0 0 
1 0 0 
1 0 0 
1 0 0 
1 0 0 
1 0 0 
1 0 0 
1 0 0 
1 0 0 
1 0 0 
1 0 0 
1 0 0 
1 0 0 
1 0 0 
1 0 0 
1 0 0 
1 0 0 
1 0 0 
1 0 0 
1 0 0 
1 0 0 
1 0 0 
1 0 0 
1 0 0 
1 0 0 
1 0 0 
1 0 0 
1 0 0 
1 0 0 
1 0 0 
1 0 0 
1 0 0 
1 0 0 
1 0 0 
1 0 0 
1 0 0 
1 0 0 
1 0 0 
1 0 0 
1 0 0 
1 0 0 
1 0 0 
1 0 0 
1 0 -2.32251e-96 
1 0 -1.57816e-92 
1 0 -3.39278e-93 
1 0 -8.4013e-98 
1 0 -7.51389e-99 
1 0 -1.61516e-99 
1 0 0 
1 0 0 
1 0 0 
1 0 0 
1 0 0 
1 0 0 
1 0 0 
1 0 0 
1 0 0 
1 0 0 
1 0 0 
1 0 0 
1 0 0 
1 0 0 
1 0 0 
1 0 0 
1 0 0 
1 0 0 
1 0 0 
1 0 0 
1 0 0 
1 0 0 
1 0 0 
1 0 0 
1 0 0 
1 0 0 
1 0 0 
1 0 0 
1 0 0 
1 0 0 
1 0 0 
1 0 0 
1 0 0 
1 0 0 
1 0 0 
1 0 0 
1 0 0 
1 0 0 
1 0 0 
1 0 0 
1 0 0 
1 0 0 
1 0 0 
1 0 0 
1 0 0 
1 0 0 
1 0 0 
1 0 0 
1 0 0 
1 0 0 
1 0 0 
1 0 0 
1 0 0 
1 0 0 
1 0 0 
1 0 0 
1 0 0 
1 0 0 
1 0 0 
1 0 0 
1 0 0 
1 0 0 
1 0 0 
1 0 0 
1 0 0 
1 0 0 
1 0 0 
1 0 0 
1 0 0 
1 0 0 
1 0 0 
1 0 0 
1 0 0 
1 0 0 
1 0 0 
1 0 -1.56122e-96 
1 0 -3.35594e-97 
1 0 0 
1 0 0 
1 0 0 
1 0 0 
1 0 0 
1 0 0 
1 0 0 
1 0 0 
1 0 0 
1 0 0 
1 0 0 
1 0 0 
1 0 0 
1 0 0 
1 0 0 
1 0 0 
1 0 0 
1 0 0 
1 0 0 
1 0 0 
1 0 0 
1 0 0 
1 0 0 
1 0 0 
1 0 0 
1 0 0 
1 0 0 
1 0 0 
1 0 0 
1 0 0 
1 0 0 
1 0 0 
1 0 0 
1 0 0 
1 0 0 
1 0 0 
1 0 0 
1 0 0 
1 0 0 
1 0 0 
1 0 0 
1 0 0 
1 0 0 
1 0 0 
1 0 0 
1 0 0 
1 0 0 
1 0 0 
1 0 0 
1 0 0 
1 0 0 
1 0 0 
1 0 0 
1 0 0 
1 0 0 
1 0 0 
1 0 0 
1 0 0 
1 0 0 
1 0 0 
1 0 0 
1 0 0 
1 0 0 
1 0 0 
1 0 0 
1 0 0 
1 0 0 
1 0 0 
1 0 0 
1 0 0 
1 0 0 
1 0 0 
1 0 0 
1 0 0 
1 0 0 
1 0 0 
1 0 0 
1 0 0 
1 0 0 
1 0 0 
1 0 0 
1 0 0 
1 0 0 
1 0 0 
1 0 0 
1 0 0 
1 0 0 
1 0 0 
1 0 0 
1 0 0 
1 0 0 
1 0 0 
1 0 0 
1 0 0 
1 0 0 
1 0 0 
1 0 0 
1 0 0 
1 0 0 
1 0 0 
1 0 0 
1 0 0 
1 0 0 
1 0 0 
1 0 0 
1 0 0 
1 0 0 
1 0 0 
1 0 0 
1 0 0 
1 0 0 
1 0 0 
1 0 0 
1 0 0 
1 0 0 
1 0 0 
1 0 0 
1 0 0 
1 0 0 
1 0 0 
1 0 0 
1 0 0 
1 0 0 
1 0 0 
1 0 0 
1 0 0 
1 0 0 
1 0 0 
1 0 0 
1 0 0 
1 0 0 
1 0 0 
1 0 0 
1 0 0 
1 0 0 
1 0 0 
1 0 0 
1 0 0 
1 0 0 
1 0 0 
1 0 0 
1 0 0 
1 0 0 
1 0 0 
1 0 0 
1 0 0 
1 0 0 
1 0 0 
1 0 0 
1 0 0 
1 0 0 
1 0 0 
1 0 0 
1 0 0 
1 0 0 
1 0 0 
1 0 0 
1 0 0 
1 0 0 
1 0 0 
1 0 0 
1 0 0 
1 0 0 
1 0 0 
1 0 0 
1 0 0 
1 0 0 
1 0 0 
1 0 0 
1 0 0 
1 0 0 
1 0 0 
1 0 0 
1 0 0 
1 0 0 
1 0 0 
1 0 0 
1 0 0 
1 0 0 
1 0 0 
1 0 0 
1 0 0 
1 0 0 
1 0 0 
1 0 0 
1 0 0 
1 0 0 
1 0 0 
1 0 0 
1 0 0 
1 0 0 
1 0 0 
1 0 0 
1 0 0 
1 0 0 
1 0 0 
1 0 0 
1 0 0 
1 0 0 
1 0 0 
1 0 0 
1 0 0 
1 0 0 
1 0 0 
1 0 0 
1 0 0 
1 0 0 
1 0 0 
1 0 0 
1 0 0 
1 0 0 
1 0 0 
1 0 0 
1 0 0 
1 0 0 
1 0 0 
1 0 0 
1 0 0 
1 0 0 
1 0 0 
1 0 0 
1 0 0 
1 0 0 
1 0 0 
1 0 0 
1 0 0 
1 0 0 
1 0 0 
1 0 0 
1 0 0 
1 0 0 
1 0 0 
1 0 0 
1 0 0 
1 0 0 
1 0 0 
1 0 0 
1 0 0 
1 0 0 
1 0 0 
1 0 0 
1 0 0 
1 0 0 
1 0 0 
1 0 0 
1 0 0 
1 0 0 
1 0 0 
1 0 0 
1 0 0 
1 0 0 
1 0 0 
1 0 0 
1 0 0 
1 0 0 
1 0 0 
1 0 0 
1 0 0 
1 0 0 
1 0 0 
1 0 0 
1 0 0 
1 0 0 
1 0 0 
1 0 0 
1 0 0 
1 0 0 
1 0 0 
1 0 0 
1 0 0 
1 0 0 
1 0 0 
1 0 0 
1 0 0 
1 0 0 
1 0 0 
1 0 0 
1 0 0 
1 0 0 
1 0 0 
1 0 0 
1 0 0 
1 0 0 
1 0 0 
1 0 0 
1 0 0 
1 0 0 
1 0 0 
1 0 0 
1 0 0 
1 0 0 
1 0 0 
1 0 0 
1 0 0 
1 0 0 
1 0 0 
1 0 0 
1 0 0 
1 0 0 
1 0 0 
1 0 0 
1 0 0 
1 0 0 
1 0 0 
1 0 0 
1 0 0 
1 0 0 
1 0 0 
1 0 0 
1 0 0 
1 0 0 
1 0 0 
1 0 0 
1 0 0 
1 0 0 
1 0 0 
1 0 0 
1 0 0 
1 0 0 
1 0 0 
1 0 0 
1 0 0 
1 0 0 
1 0 0 
1 0 0 
1 0 0 
1 0 0 
1 0 0 
1 0 0 
1 0 0 
1 0 0 
1 0 0 
1 0 0 
1 0 0 
1 0 0 
1 0 0 
1 0 0 
1 0 0 
1 0 0 
1 0 0 
1 0 0 
1 0 0 
1 0 0 
1 0 0 
1 0 0 
1 0 0 
1 0 0 
1 0 0 
1 0 0 
1 0 0 
1 0 0 
1 0 0 
1 0 0 
1 0 0 
1 0 0 
1 0 0 
1 0 0 
1 0 0 
1 0 0 
1 0 0 
1 0 0 
1 0 0 
1 0 0 
1 0 0 
1 0 0 
1 0 0 
1 0 0 
1 0 0 
1 0 0 
1 0 0 
1 0 0 
1 0 0 
1 0 0 
1 0 0 
1 0 0 
1 0 0 
1 0 0 
1 0 0 
1 0 0 
1 0 0 
1 0 0 
1 0 0 
1 0 0 
1 0 0 
1 0 0 
1 0 0 
1 0 0 
1 0 0 
1 0 0 
1 0 0 
1 0 0 
1 0 0 
1 0 0 
1 0 0 
1 0 0 
1 0 0 
1 0 0 
1 0 0 
1 0 0 
1 0 0 
1 0 0 
1 0 0 
1 0 0 
1 0 0 
1 0 0 
1 0 0 
1 0 0 
1 0 0 
1 0 0 
1 0 0 
1 0 0 
1 0 0 
1 0 0 
1 0 0 
1 0 0 
1 0 0 
1 0 0 
1 0 0 
1 0 0 
1 0 0 
1 0 0 
1 0 0 
1 0 0 
1 0 0 
1 0 0 
1 0 0 
1 0 0 
1 0 0 
1 0 0 
1 0 0 
1 0 0 
1 0 0 
1 0 0 
1 0 0 
1 0 0 
1 0 0 
1 0 0 
1 0 0 
1 0 0 
1 0 0 
1 0 0 
1 0 0 
1 0 0 
1 0 0 
1 0 0 
1 0 0 
1 0 0 
1 0 0 
1 0 0 
1 0 0 
1 0 0 
1 0 0 
1 0 0 
1 0 0 
1 0 0 
1 0 0 
1 0 0 
1 0 0 
1 0 0 
1 0 0 
1 0 0 
1 0 0 
1 0 0 
1 0 0 
1 0 0 
1 0 0 
1 0 0 
1 0 0 
1 0 0 
1 0 0 
1 0 0 
1 0 0 
1 0 0 
1 0 0 
1 0 0 
1 0 0 
1 0 0 
1 0 0 
1 0 0 
1 0 0 
1 0 0 
1 0 0 
1 0 0 
1 0 0 
1 0 0 
1 0 0 
1 0 0 
1 0 0 
1 0 0 
1 0 0 
1 0 0 
1 0 0 
1 0 0 
1 0 0 
1 0 0 
1 0 0 
1 0 0 
1 0 0 
1 0 0 
1 0 0 
1 0 0 
1 0 0 
1 0 0 
1 0 0 
1 0 0 
1 0 0 
1 0 0 
1 0 0 
1 0 0 
1 0 0 
1 0 0 
1 0 0 
1 0 0 
1 0 0 
1 0 0 
1 0 0 
1 0 0 
1 0 0 
1 0 0 
1 0 0 
1 0 0 
1 0 0 
1 0 0 
1 0 0 
1 0 0 
1 0 0 
1 0 0 
1 0 0 
1 0 0 
1 0 0 
1 0 0 
1 0 0 
1 0 0 
1 0 0 
1 0 0 
1 0 0 
1 0 0 
1 0 0 
1 0 0 
1 0 0 
1 0 0 
1 0 0 
1 0 0 
1 0 0 
1 0 0 
1 0 0 
1 0 0 
1 0 0 
1 0 0 
1 0 0 
1 0 0 
1 0 0 
1 0 0 
1 0 0 
1 0 0 
1 0 0 
1 0 0 
1 0 0 
1 0 0 
1 0 0 
1 0 0 
1 0 0 
1 0 0 
1 0 0 
1 0 0 
1 0 0 
1 0 0 
1 0 0 
1 0 0 
1 0 0 
1 0 0 
1 0 0 
1 0 0 
1 0 0 
1 0 0 
1 0 0 
1 0 0 
1 0 0 
1 0 0 
1 0 0 
1 0 0 
1 0 0 
1 0 0 
1 0 0 
1 0 0 
1 0 0 
1 0 0 
1 0 0 
1 0 0 
1 0 0 
1 0 0 
1 0 0 
1 0 0 
1 0 0 
1 0 0 
1 0 0 
1 0 0 
1 0 0 
1 0 0 
1 0 0 
1 0 0 
1 0 0 
1 0 0 
1 0 0 
1 0 0 
1 0 0 
1 0 0 
1 0 0 
1 0 0 
1 0 0 
1 0 0 
1 0 0 
1 0 0 
1 0 0 
1 0 0 
1 0 0 
1 0 0 
1 0 0 
1 0 0 
1 0 0 
1 0 0 
1 0 0 
1 0 0 
1 0 0 
1 0 0 
1 0 0 
1 0 0 
1 0 0 
1 0 0 
1 0 0 
1 0 0 
1 0 0 
1 0 0 
1 0 0 
1 0 0 
1 0 0 
1 0 0 
1 0 0 
1 0 0 
1 0 0 
1 0 0 
1 0 0 
1 0 0 
1 0 0 
1 0 0 
1 0 0 
1 0 0 
1 0 0 
1 0 0 
1 0 0 
1 0 0 
1 0 0 
1 0 0 
1 0 0 
1 0 0 
1 0 0 
1 0 0 
1 0 0 
1 0 0 
1 0 0 
1 0 0 
1 0 0 
1 0 0 
1 0 0 
1 0 0 
1 0 0 
1 0 0 
1 0 0 
1 0 0 
1 0 0 
1 0 0 
1 0 0 
1 0 0 
1 0 0 
1 0 0 
1 0 0 
1 0 0 
1 0 0 
1 0 0 
1 0 0 
1 0 0 
1 0 0 
1 0 0 
1 0 0 
1 0 0 
1 0 0 
1 0 0 
1 0 0 
1 0 0 
1 0 0 
1 0 0 
1 0 0 
1 0 0 
1 0 0 
1 0 0 
1 0 0 
1 0 0 
1 0 0 
1 0 0 
1 0 0 
1 0 0 
1 0 0 
1 0 0 
1 0 0 
1 0 0 
1 0 0 
1 0 0 
1 0 0 
1 0 0 
1 0 0 
1 0 0 
1 0 0 
1 0 0 
1 0 0 
1 0 0 
1 0 0 
1 0 0 
1 0 0 
1 0 0 
1 0 0 
1 0 0 
1 0 0 
1 0 0 
1 0 0 
1 0 0 
1 0 0 
1 0 0 
1 0 0 
1 0 0 
1 0 0 
1 0 0 
1 0 0 
1 0 0 
1 0 0 
1 0 0 
1 0 0 
1 0 0 
1 0 0 
1 0 0 
1 0 0 
1 0 0 
1 0 0 
1 0 0 
1 0 0 
1 0 0 
1 0 0 
1 0 0 
1 0 0 
1 0 0 
1 0 0 
1 0 0 
1 0 0 
1 0 0 
1 0 0 
1 0 0 
1 0 0 
1 0 0 
1 0 0 
1 0 0 
1 0 0 
1 0 0 
1 0 0 
1 0 0 
1 0 0 
1 0 0 
1 0 0 
1 0 0 
1 0 0 
1 0 0 
1 0 0 
1 0 0 
1 0 0 
1 0 0 
1 0 0 
1 0 0 
1 0 0 
1 0 0 
1 0 0 
1 0 0 
1 0 0 
1 0 0 
1 0 0 
1 0 0 
1 0 0 
1 0 0 
1 0 0 
1 0 0 
1 0 0 
1 0 0 
1 0 0 
1 0 0 
1 0 0 
1 0 0 
1 0 0 
1 0 0 
1 0 0 
1 0 0 
1 0 0 
1 0 0 
1 0 0 
1 0 0 
1 0 0 
1 0 0 
1 0 0 
1 0 0 
1 0 0 
1 0 0 
1 0 0 
1 0 0 
1 0 0 
1 0 0 
1 0 0 
1 0 0 
1 0 0 
1 0 0 
1 0 0 
1 0 0 
1 0 0 
1 0 0 
1 0 0 
1 0 0 
1 0 0 
1 0 0 
1 0 0 
1 0 0 
1 0 0 
1 0 0 
1 0 0 
1 0 0 
1 0 0 
1 0 0 
1 0 0 
1 0 0 
1 0 0 
1 0 0 
1 0 0 
1 0 0 
1 0 0 
1 0 0 
1 0 0 
1 0 0 
1 0 0 
1 0 0 
1 0 0 
1 0 0 
1 0 0 
1 0 0 
1 0 0 
1 0 0 
1 0 0 
1 0 0 
1 0 0 
1 0 0 
1 0 0 
1 0 0 
1 0 0 
1 0 0 
1 0 0 
1 0 0 
1 0 0 
1 0 0 
1 0 0 
1 0 0 
1 0 0 
1 0 0 
1 0 0 
1 0 0 
1 0 0 
1 0 0 
1 0 0 
1 0 0 
1 0 0 
1 0 0 
1 0 0 
1 0 0 
1 0 0 
1 0 0 
1 0 0 
1 0 0 
1 0 0 
1 0 0 
1 0 0 
1 0 0 
1 0 0 
1 0 0 
1 0 0 
1 0 0 
1 0 0 
1 0 0 
1 0 0 
1 0 0 
1 0 0 
1 0 0 
1 0 0 
1 0 0 
1 0 0 
1 0 0 
1 0 0 
1 0 0 
1 0 0 
1 0 0 
1 0 0 
1 0 0 
1 0 0 
1 0 0 
1 0 0 
1 0 0 
1 0 0 
1 0 0 
1 0 0 
1 0 0 
1 0 0 
1 0 0 
1 0 0 
1 0 0 
1 0 0 
1 0 0 
1 0 0 
1 0 0 
1 0 0 
1 0 0 
1 0 0 
1 0 0 
1 0 0 
1 0 0 
1 0 0 
1 0 0 
1 0 0 
1 0 0 
1 0 0 
1 0 0 
1 0 0 
1 0 0 
1 0 0 
1 0 0 
1 0 0 
1 0 0 
1 0 0 
1 0 0 
1 0 0 
1 0 0 
1 0 0 
1 0 0 
1 0 0 
1 0 0 
1 0 0 
1 0 0 
1 0 0 
1 0 0 
1 0 0 
1 0 0 
1 0 0 
1 0 0 
1 0 0 
1 0 0 
1 0 0 
1 0 0 
1 0 0 
1 0 0 
1 0 0 
1 0 0 
1 0 0 
1 0 0 
1 0 0 
1 0 0 
1 0 0 
1 0 0 
1 0 0 
1 0 0 
1 0 0 
1 0 0 
1 0 0 
1 0 0 
1 0 0 
1 0 0 
1 0 0 
1 0 0 
1 0 0 
1 0 0 
1 0 0 
1 0 0 
1 0 0 
1 0 0 
1 0 0 
1 0 0 
1 0 0 
1 0 0 
1 0 0 
1 0 0 
1 0 0 
1 0 0 
1 0 0 
1 0 0 
1 0 0 
1 0 0 
1 0 0 
1 0 0 
1 0 0 
1 0 0 
1 0 0 
1 0 0 
1 0 0 
1 0 0 
1 0 0 
1 0 0 
1 0 0 
1 0 0 
1 0 0 
1 0 0 
1 0 0 
1 0 0 
1 0 0 
1 0 0 
1 0 0 
1 0 0 
1 0 0 
1 0 0 
1 0 0 
1 0 0 
1 0 0 
1 0 0 
1 0 0 
1 0 0 
1 0 0 
1 0 0 
1 0 0 
1 0 0 
1 0 0 
1 0 0 
1 0 0 
1 0 0 
1 0 0 
1 0 0 
1 0 0 
1 0 0 
1 0 0 
1 0 0 
1 0 0 
1 0 0 
1 0 0 
1 0 0 
1 0 0 
1 0 0 
1 0 0 
1 0 0 
1 0 0 
1 0 0 
1 0 0 
1 0 0 
1 0 0 
1 0 0 
1 0 0 
1 0 0 
1 0 0 
1 0 0 
1 0 0 
1 0 0 
1 0 0 
1 0 0 
1 0 0 
1 0 0 
1 0 0 
1 0 0 
1 0 0 
1 0 0 
1 0 0 
1 0 0 
1 0 0 
1 0 0 
1 0 0 
1 0 0 
1 0 0 
1 0 0 
1 0 0 
1 0 0 
1 0 0 
1 0 0 
1 0 0 
1 0 0 
1 0 0 
1 0 0 
1 0 0 
1 0 0 
1 0 0 
1 0 0 
1 0 0 
1 0 0 
1 0 0 
1 0 0 
1 0 0 
1 0 0 
1 0 0 
1 0 0 
1 0 0 
1 0 0 
1 0 0 
1 0 0 
1 0 0 
1 0 0 
1 0 0 
1 0 0 
1 0 0 
1 0 0 
1 0 0 
1 0 0 
1 0 0 
1 0 0 
1 0 0 
1 0 0 
1 0 0 
1 0 0 
1 0 0 
1 0 0 
1 0 0 
1 0 0 
1 0 0 
1 0 0 
1 0 0 
1 0 0 
1 0 0 
1 0 0 
1 0 0 
1 0 0 
1 0 0 
1 0 0 
1 0 0 
1 0 0 
1 0 0 
1 0 0 
1 0 0 
1 0 0 
1 0 0 
1 0 0 
1 0 0 
1 0 0 
1 0 0 
1 0 0 
1 0 0 
1 0 0 
1 0 0 
1 0 0 
1 0 0 
1 0 0 
1 0 0 
1 0 0 
1 0 0 
1 0 0 
1 0 0 
1 0 0 
1 0 0 
1 0 0 
1 0 0 
1 0 0 
1 0 0 
1 0 0 
1 0 0 
1 0 0 
1 0 0 
1 0 0 
1 0 0 
1 0 0 
1 0 0 
1 0 0 
1 0 0 
1 0 0 
1 0 0 
1 0 0 
1 0 0 
1 0 0 
1 0 0 
1 0 0 
1 0 0 
1 0 0 
1 0 0 
1 0 0 
1 0 0 
1 0 0 
1 0 0 
1 0 0 
1 0 0 
1 0 0 
1 0 0 
1 0 0 
1 0 0 
1 0 0 
1 0 0 
1 0 0 
1 0 0 
1 0 0 
1 0 0 
1 0 0 
1 0 0 
1 0 0 
1 0 0 
1 0 0 
1 0 0 
1 0 0 
1 0 0 
1 0 0 
1 0 0 
1 0 0 
1 0 0 
1 0 0 
1 0 0 
1 0 0 
1 0 0 
1 0 0 
1 0 0 
1 0 0 
1 0 0 
1 0 0 
1 0 0 
1 0 0 
1 0 0 
1 0 0 
1 0 0 
1 0 0 
1 0 0 
1 0 0 
1 0 0 
1 0 0 
1 0 0 
1 0 0 
1 0 0 
1 0 0 
1 0 0 
1 0 0 
1 0 0 
1 0 0 
1 0 0 
1 0 0 
1 0 0 
1 0 0 
1 0 0 
1 0 0 
1 0 0 
1 0 0 
1 0 0 
1 0 0 
1 0 0 
1 0 0 
1 0 0 
1 0 0 
1 0 0 
1 0 0 
1 0 0 
1 0 0 
1 0 0 
1 0 0 
1 0 0 
1 0 0 
1 0 0 
1 0 0 
1 0 0 
1 0 0 
1 0 0 
1 0 0 
1 0 0 
1 0 0 
1 0 0 
1 0 0 
1 0 0 
1 0 0 
1 0 0 
1 0 0 
1 0 0 
1 0 0 
1 0 0 
1 0 0 
1 0 0 
1 0 0 
1 0 0 
1 0 0 
1 0 0 
1 0 0 
1 0 0 
1 0 0 
1 0 0 
1 0 0 
1 0 0 
1 0 0 
1 0 0 
1 0 0 
1 0 0 
1 0 0 
1 0 0 
1 0 0 
1 0 0 
1 0 0 
1 0 0 
1 0 0 
1 0 0 
1 0 0 
1 0 0 
1 0 0 
1 0 0 
1 0 0 
1 0 0 
1 0 0 
1 0 0 
1 0 0 
1 0 0 
1 0 0 
1 0 0 
1 0 0 
1 0 0 
1 0 0 
1 0 0 
1 0 0 
1 0 0 
1 0 0 
1 0 0 
1 0 0 
1 0 0 
1 0 0 
1 0 0 
1 0 0 
1 0 0 
1 0 0 
1 0 0 
1 0 0 
1 0 0 
1 0 0 
1 0 0 
1 0 0 
1 0 0 
1 0 0 
1 0 0 
1 0 0 
1 0 0 
1 0 0 
1 0 0 
1 0 0 
1 0 0 
1 0 0 
1 0 0 
1 0 0 
1 0 0 
1 0 0 
1 0 0 
1 0 0 
1 0 0 
1 0 0 
1 0 0 
1 0 0 
1 0 0 
1 0 0 
1 0 0 
1 0 0 
1 0 0 
1 0 0 
1 0 0 
1 0 0 
1 0 0 
1 0 0 
1 0 0 
1 0 0 
1 0 0 
1 0 0 
1 0 0 
1 0 0 
1 0 0 
1 0 0 
1 0 0 
1 0 0 
1 0 0 
1 0 0 
1 0 0 
1 0 0 
1 0 0 
1 0 0 
1 0 0 
1 0 0 
1 0 0 
1 0 0 
1 0 0 
1 0 0 
1 0 0 
1 0 0 
1 0 0 
1 0 0 
1 0 0 
1 0 0 
1 0 0 
1 0 0 
1 0 0 
1 0 0 
1 0 0 
1 0 0 
1 0 0 
1 0 0 
1 0 0 
1 0 0 
1 0 0 
1 0 0 
1 0 0 
1 0 0 
1 0 0 
1 0 0 
1 0 0 
1 0 0 
1 0 0 
1 0 0 
1 0 0 
1 0 0 
1 0 0 
1 0 0 
1 0 0 
1 0 0 
1 0 0 
1 0 0 
1 0 0 
1 0 0 
1 0 0 
1 0 0 
1 0 0 
1 0 0 
1 0 0 
1 0 0 
1 0 0 
1 0 0 
1 0 0 
1 0 0 
1 0 0 
1 0 0 
1 0 0 
1 0 0 
1 0 0 
1 0 0 
1 0 0 
1 0 0 
1 0 0 
1 0 0 
1 0 0 
1 0 0 
1 0 0 
1 0 0 
1 0 0 
1 0 0 
1 0 0 
1 0 0 
1 0 0 
1 0 0 
1 0 0 
1 0 0 
1 0 0 
1 0 0 
1 0 0 
1 0 0 
1 0 0 
1 0 0 
1 0 0 
1 0 0 
1 0 0 
1 0 0 
1 0 0 
1 0 0 
1 0 0 
1 0 0 
1 0 0 
1 0 0 
1 0 0 
1 0 0 
1 0 0 
1 0 0 
1 0 0 
1 0 0 
1 0 0 
1 0 0 
1 0 0 
1 0 0 
1 0 0 
1 0 0 
1 0 0 
1 0 0 
1 0 0 
1 0 0 
1 0 0 
1 0 0 
1 0 0 
1 0 0 
1 0 0 
1 0 0 
1 0 0 
1 0 0 
1 0 0 
1 0 0 
1 0 0 
1 0 0 
1 0 0 
1 0 0 
1 0 0 
1 0 0 
1 0 0 
1 0 0 
1 0 0 
1 0 0 
1 0 0 
1 0 0 
1 0 0 
1 0 0 
1 0 0 
1 0 0 
1 0 0 
1 0 0 
1 0 0 
1 0 0 
1 0 0 
1 0 0 
1 0 0 
1 0 0 
1 0 0 
1 0 0 
1 0 0 
1 0 0 
1 0 0 
1 0 0 
1 0 0 
1 0 0 
1 0 0 
1 0 0 
1 0 0 
1 0 0 
1 0 0 
1 0 0 
1 0 0 
1 0 0 
1 0 0 
1 0 0 
1 0 0 
1 0 0 
1 0 0 
1 0 0 
1 0 0 
1 0 0 
1 0 0 
1 0 0 
1 0 0 
1 0 0 
1 0 0 
1 0 0 
1 0 0 
1 0 0 
1 0 0 
1 0 0 
1 0 0 
1 0 0 
1 0 0 
1 0 0 
1 0 0 
1 0 0 
1 0 0 
1 0 0 
1 0 0 
1 0 0 
1 0 0 
1 0 0 
1 0 0 
1 0 0 
1 0 0 
1 0 0 
1 0 0 
1 0 0 
1 0 0 
1 0 0 
1 0 0 
1 0 0 
1 0 0 
1 0 0 
1 0 0 
1 0 0 
1 0 0 
1 0 0 
1 0 0 
1 0 0 
1 0 0 
1 0 0 
1 0 0 
1 0 0 
1 0 0 
1 0 0 
1 0 0 
1 0 0 
1 0 0 
1 0 0 
1 0 0 
1 0 0 
1 0 0 
1 0 0 
1 0 0 
1 0 0 
1 0 0 
1 0 0 
1 0 0 
1 0 0 
1 0 0 
1 0 0 
1 0 0 
1 0 0 
1 0 0 
1 0 0 
1 0 0 
1 0 0 
1 0 0 
1 0 0 
1 0 0 
1 0 0 
1 0 0 
1 0 0 
1 0 0 
1 0 0 
1 0 0 
1 0 0 
1 0 0 
1 0 0 
1 0 0 
1 0 0 
1 0 0 
1 0 0 
1 0 0 
1 0 0 
1 0 0 
1 0 0 
1 0 0 
1 0 0 
1 0 0 
1 0 0 
1 0 0 
1 0 0 
1 0 0 
1 0 0 
1 0 0 
1 0 0 
1 0 0 
1 0 0 
1 0 0 
1 0 0 
1 0 0 
1 0 0 
1 0 0 
1 0 0 
1 0 0 
1 0 0 
1 0 0 
1 0 0 
1 0 0 
1 0 0 
1 0 0 
1 0 0 
1 0 0 
1 0 0 
1 0 0 
1 0 0 
1 0 0 
1 0 0 
1 0 0 
1 0 0 
1 0 0 
1 0 0 
1 0 0 
1 0 0 
1 0 0 
1 0 0 
1 0 0 
1 0 0 
1 0 0 
1 0 0 
1 0 0 
1 0 0 
1 0 0 
1 0 0 
1 0 0 
1 0 0 
1 0 0 
1 0 0 
1 0 0 
1 0 0 
1 0 0 
1 0 0 
1 0 0 
1 0 0 
1 0 0 
1 0 0 
1 0 0 
1 0 0 
1 0 0 
1 0 0 
1 0 0 
1 0 0 
1 0 0 
1 0 0 
1 0 0 
1 0 0 
1 0 0 
1 0 0 
1 0 0 
1 0 0 
1 0 0 
1 0 0 
1 0 0 
1 0 0 
1 0 0 
1 0 0 
1 0 0 
1 0 0 
1 0 0 
1 0 0 
1 0 0 
1 0 0 
1 0 0 
1 0 0 
1 0 0 
1 0 0 
1 0 0 
1 0 0 
1 0 0 
1 0 0 
1 0 0 
1 0 0 
1 0 0 
1 0 0 
1 0 0 
1 0 0 
1 0 0 
1 0 0 
1 0 0 
1 0 0 
1 0 0 
1 0 0 
1 0 0 
1 0 0 
1 0 0 
1 0 0 
1 0 0 
1 0 0 
1 0 0 
1 0 0 
1 0 0 
1 0 0 
1 0 0 
1 0 0 
1 0 0 
1 0 0 
1 0 0 
1 0 0 
1 0 0 
1 0 0 
1 0 0 
1 0 0 
1 0 0 
1 0 0 
1 0 0 
1 0 0 
1 0 0 
1 0 0 
1 0 0 
1 0 0 
1 0 0 
1 0 0 
1 0 0 
1 0 0 
1 0 0 
1 0 0 
1 0 0 
1 0 0 
1 0 0 
1 0 0 
1 0 0 
1 0 0 
1 0 0 
1 0 0 
1 0 0 
1 0 0 
1 0 0 
1 0 0 
1 0 0 
1 0 0 
1 0 0 
1 0 0 
1 0 0 
1 0 0 
1 0 0 
1 0 0 
1 0 0 
1 0 0 
1 0 0 
1 0 0 
1 0 0 
1 0 0 
1 0 0 
1 0 0 
1 0 0 
1 0 0 
1 0 0 
1 0 0 
1 0 0 
1 0 0 
1 0 0 
1 0 0 
1 0 0 
1 0 0 
1 0 0 
1 0 0 
1 0 0 
1 0 0 
1 0 0 
1 0 0 
1 0 0 
1 0 0 
1 0 0 
1 0 0 
1 0 0 
1 0 0 
1 0 0 
1 0 0 
1 0 0 
1 0 0 
1 0 0 
1 0 0 
