2 0 0 
2 0 0 
2 0 0 
2 0 0 
2 0 0 
2 0 0 
2 0 0 
2 0 0 
2 0 0 
2 0 0 
2 0 0 
2 0 0 
2 0 0 
2 0 0 
2 0 0 
2 0 0 
2 0 0 
2 0 0 
2 0 0 
2 0 0 
2 0 0 
2 0 0 
2 0 0 
2 0 0 
2 0 0 
2 0 0 
2 0 0 
2 0 0 
2 0 0 
2 0 0 
2 0 0 
2 0 0 
2 0 0 
2 0 0 
2 0 0 
2 0 0 
2 0 0 
2 0 0 
2 0 0 
2 0 0 
2 0 0 
2 0 0 
2 0 0 
2 0 0 
2 0 0 
2 0 0 
2 0 0 
2 0 0 
2 0 0 
2 0 0 
2 0 0 
2 0 0 
2 0 0 
2 0 0 
2 0 0 
2 0 0 
2 0 0 
2 0 0 
2 0 0 
2 0 0 
2 0 0 
2 0 0 
2 0 0 
2 0 0 
2 0 0 
2 0 0 
2 0 0 
2 0 0 
2 0 0 
2 0 0 
2 0 0 
2 0 0 
2 0 0 
2 0 0 
2 0 0 
2 0 0 
2 0 0 
2 0 0 
2 0 0 
2 0 0 
2 0 0 
2 0 0 
2 0 0 
2 0 0 
2 0 0 
2 0 0 
2 0 0 
2 0 0 
2 0 0 
2 0 0 
2 0 0 
2 0 0 
2 0 0 
2 0 0 
2 0 0 
2 0 0 
2 0 0 
2 0 0 
2 0 0 
2 0 0 
2 0 -3.59498e-73 
2 0 0 
2 0 0 
2 0 0 
2 0 0 
2 0 0 
2 0 0 
2 0 0 
2 0 0 
2 0 0 
2 0 0 
2 0 0 
2 0 0 
2 0 0 
2 0 0 
2 0 0 
2 0 0 
2 0 0 
2 0 0 
2 0 3.59498e-73 
2 0 -1.96278e-69 
2 0 -1.17283e-89 
2 0 0 
2 0 0 
2 0 0 
2 0 0 
2 0 0 
2 0 0 
2 0 0 
2 0 0 
2 0 0 
2 0 0 
2 0 0 
2 0 0 
2 0 0 
2 0 0 
2 0 0 
2 0 0 
2 0 2.93208e-90 
2 0 1.96278e-69 
2 0 -1.20157e-64 
2 0 -1.13967e-85 
2 0 0 
2 0 0 
2 0 0 
2 0 0 
2 0 0 
2 0 0 
2 0 0 
2 0 0 
2 0 0 
2 0 0 
2 0 0 
2 0 0 
2 0 0 
2 0 0 
2 0 0 
2 0 0 
2 0 4.0698e-86 
2 0 1.20157e-64 
2 0 -6.96505e-61 
2 0 -5.37324e-82 
2 0 1.1131e-87 
2 0 0 
2 0 0 
2 0 0 
2 0 0 
2 0 0 
2 0 0 
2 0 0 
2 0 0 
2 0 0 
2 0 0 
2 0 0 
2 0 0 
2 0 0 
2 0 0 
2 0 0 
2 0 2.1351e-82 
2 0 6.96505e-61 
2 0 -1.4734e-57 
2 0 -1.53467e-78 
2 0 8.31351e-84 
2 0 0 
2 0 0 
2 0 0 
2 0 0 
2 0 0 
2 0 0 
2 0 0 
2 0 0 
2 0 0 
2 0 0 
2 0 0 
2 0 0 
2 0 0 
2 0 0 
2 0 0 
2 0 6.20747e-79 
2 0 1.4734e-57 
2 0 -2.06293e-54 
2 0 -2.95286e-75 
2 0 2.93789e-80 
2 0 9.37151e-84 
2 0 0 
2 0 0 
2 0 0 
2 0 0 
2 0 0 
2 0 0 
2 0 0 
2 0 0 
2 0 0 
2 0 0 
2 0 0 
2 0 0 
2 0 0 
2 0 -7.89686e-89 
2 0 1.20006e-75 
2 0 2.06293e-54 
2 0 -1.85232e-51 
2 0 -4.0932e-72 
2 0 6.54084e-77 
2 0 6.11452e-80 
2 0 0 
2 0 0 
2 0 0 
2 0 0 
2 0 0 
2 0 0 
2 0 0 
2 0 0 
2 0 0 
2 0 0 
2 0 0 
2 0 0 
2 0 0 
2 0 -3.38897e-80 
2 0 1.70245e-72 
2 0 1.85232e-51 
2 0 -2.15935e-48 
2 0 -4.27688e-69 
2 0 1.03031e-73 
2 0 1.89506e-76 
2 0 0 
2 0 0 
2 0 0 
2 0 0 
2 0 0 
2 0 0 
2 0 0 
2 0 0 
2 0 0 
2 0 0 
2 0 0 
2 0 0 
2 0 0 
2 0 -2.09132e-76 
2 0 1.87167e-69 
2 0 2.15935e-48 
2 0 -3.13746e-46 
2 0 -3.47638e-66 
2 0 2.56849e-66 
2 0 3.71055e-73 
2 0 0 
2 0 0 
2 0 0 
2 0 0 
2 0 0 
2 0 0 
2 0 0 
2 0 0 
2 0 0 
2 0 0 
2 0 0 
2 0 0 
2 0 -7.50588e-77 
2 0 -1.04315e-67 
2 0 1.64143e-66 
2 0 3.13746e-46 
2 0 4.74366e-44 
2 0 -2.24831e-63 
2 0 -9.56905e-53 
2 0 5.14947e-70 
2 0 0 
2 0 0 
2 0 0 
2 0 0 
2 0 0 
2 0 0 
2 0 0 
2 0 0 
2 0 0 
2 0 0 
2 0 0 
2 0 0 
2 0 -5.29286e-73 
2 0 9.56905e-53 
2 0 1.1651e-63 
2 0 -4.74375e-44 
2 0 3.14832e-41 
2 0 -1.17634e-60 
2 0 -3.86725e-49 
2 0 5.38636e-67 
2 0 0 
2 0 0 
2 0 0 
2 0 0 
2 0 0 
2 0 0 
2 0 0 
2 0 0 
2 0 0 
2 0 0 
2 0 0 
2 0 0 
2 0 -2.13558e-69 
2 0 3.86725e-49 
2 0 6.74573e-61 
2 0 -3.18317e-41 
2 0 1.33042e-38 
2 0 -5.04177e-58 
2 0 -7.11807e-46 
2 0 4.4085e-64 
2 0 3.54567e-71 
2 0 0 
2 0 0 
2 0 0 
2 0 0 
2 0 0 
2 0 0 
2 0 0 
2 0 0 
2 0 0 
2 0 0 
2 0 -2.17888e-70 
2 0 -5.61224e-66 
2 0 7.11807e-46 
2 0 3.20469e-58 
2 0 -1.42435e-38 
2 0 7.64044e-36 
2 0 -9.0285e-47 
2 0 -7.88307e-43 
2 0 2.89297e-61 
2 0 1.92985e-67 
2 0 0 
2 0 0 
2 0 0 
2 0 0 
2 0 0 
2 0 0 
2 0 0 
2 0 0 
2 0 0 
2 0 0 
2 0 -1.33222e-66 
2 0 -1.00713e-62 
2 0 7.88307e-43 
2 0 1.25467e-55 
2 0 -8.54112e-36 
2 0 5.36457e-33 
2 0 -8.09643e-39 
2 0 -5.84403e-40 
2 0 1.54733e-58 
2 0 4.9311e-64 
2 0 0 
2 0 0 
2 0 0 
2 0 0 
2 0 0 
2 0 0 
2 0 0 
2 0 0 
2 0 0 
2 0 0 
2 0 -3.78647e-63 
2 0 -1.2914e-59 
2 0 5.84403e-40 
2 0 8.12803e-39 
2 0 -5.62579e-33 
2 0 3.12029e-30 
2 0 -2.2038e-35 
2 0 -3.05111e-37 
2 0 6.82118e-56 
2 0 7.86893e-61 
2 0 7.36912e-74 
2 0 0 
2 0 0 
2 0 0 
2 0 0 
2 0 0 
2 0 0 
2 0 0 
2 0 0 
2 0 0 
2 0 -6.65318e-60 
2 0 -1.22885e-56 
2 0 3.05111e-37 
2 0 2.21127e-35 
2 0 -2.95956e-30 
2 0 1.28121e-27 
2 0 -2.57945e-32 
2 0 -1.1484e-34 
2 0 2.49741e-53 
2 0 8.80791e-58 
2 0 4.16835e-70 
2 0 0 
2 0 0 
2 0 0 
2 0 0 
2 0 0 
2 0 0 
2 0 0 
2 0 0 
2 0 0 
2 0 -8.10232e-57 
2 0 -8.92691e-54 
2 0 1.1484e-34 
2 0 2.58682e-32 
2 0 -1.11643e-27 
2 0 3.47763e-25 
2 0 -1.68638e-29 
2 0 -3.16113e-32 
2 0 7.63798e-51 
2 0 7.37085e-55 
2 0 1.10952e-66 
2 0 0 
2 0 0 
2 0 0 
2 0 0 
2 0 0 
2 0 0 
2 0 0 
2 0 0 
2 0 0 
2 0 -7.2629e-54 
2 0 -5.05077e-51 
2 0 3.44843e-32 
2 0 1.69029e-29 
2 0 -2.87455e-25 
2 0 5.78398e-23 
2 0 -1.8945e-26 
2 0 -3.34051e-28 
2 0 1.96365e-48 
2 0 4.80563e-52 
2 0 3.27139e-63 
2 0 0 
2 0 0 
2 0 0 
2 0 0 
2 0 0 
2 0 0 
2 0 0 
2 0 0 
2 0 0 
2 0 -4.96524e-51 
2 0 -2.25573e-48 
2 0 1.14169e-29 
2 0 6.8536e-27 
2 0 -4.69761e-23 
2 -1.14228e-32 5.20599e-21 
2 -2.07087e-37 4.78618e-22 
2 0 -5.2392e-25 
2 0 4.2928e-46 
2 0 2.51439e-49 
2 0 9.13242e-60 
2 0 0 
2 0 0 
2 0 0 
2 0 0 
2 0 0 
2 0 0 
2 0 0 
2 0 0 
2 0 0 
2 0 -2.64565e-48 
2 0 -8.01726e-46 
2 0 4.48098e-27 
2 -2.07087e-37 1.94818e-24 
2 -1.14228e-32 -4.82421e-21 
2 8.14764e-16 8.17921e-18 
2 8.30697e-16 3.80067e-19 
2 8.30697e-16 -3.14467e-22 
2 8.30697e-16 8.18077e-44 
2 8.30697e-16 1.07956e-46 
2 8.30697e-16 4.37538e-53 
2 8.30697e-16 0 
2 8.30697e-16 0 
2 8.30697e-16 0 
2 8.30697e-16 0 
2 8.30697e-16 0 
2 8.30697e-16 0 
2 8.30697e-16 0 
2 8.30697e-16 0 
2 8.30697e-16 -4.37353e-53 
2 8.30697e-16 -1.11289e-45 
2 8.30697e-16 -2.27644e-43 
2 8.30697e-16 3.75409e-25 
2 8.30697e-16 4.66265e-22 
2 8.30697e-16 -5.76122e-19 
2 2.47177e-14 4.53978e-18 
2 2.5039e-14 7.59352e-17 
2 2.50523e-14 -8.48825e-20 
2 2.50523e-14 1.42302e-41 
2 2.50523e-14 3.86398e-44 
2 2.50523e-14 1.18959e-46 
2 2.50523e-14 7.94242e-64 
2 2.50523e-14 0 
2 2.50523e-14 0 
2 2.50523e-14 0 
2 2.50523e-14 0 
2 2.50523e-14 0 
2 2.50523e-14 0 
2 2.50523e-14 0 
2 2.50523e-14 -1.18955e-46 
2 2.50523e-14 -3.71924e-43 
2 2.50523e-14 -5.16572e-41 
2 2.50523e-14 -4.91608e-23 
2 2.50425e-14 9.12886e-20 
2 2.50379e-14 -7.89798e-17 
2 6.89327e-13 1.79337e-17 
2 6.89384e-13 2.31541e-16 
2 6.89526e-13 -8.98342e-18 
2 6.89528e-13 3.54491e-29 
2 6.89528e-13 1.07406e-40 
2 6.89528e-13 -9.85824e-33 
2 6.89528e-13 2.62442e-55 
2 6.89528e-13 0 
2 6.89528e-13 0 
2 6.89528e-13 0 
2 6.89528e-13 0 
2 6.89528e-13 0 
2 6.89528e-13 0 
2 6.89528e-13 0 
2 6.89528e-13 9.85824e-33 
2 6.89528e-13 -6.19881e-40 
2 6.89528e-13 -1.32235e-38 
2 6.89526e-13 -1.17293e-20 
2 6.89382e-13 9.41405e-18 
2 6.88997e-13 -2.0877e-16 
2 1.5523e-11 2.22466e-17 
2 1.55224e-11 -7.24167e-19 
2 1.55221e-11 -8.64972e-17 
2 1.55221e-11 4.45874e-21 
2 1.55221e-11 -9.11405e-32 
2 1.55221e-11 -1.95678e-29 
2 1.55221e-11 2.67339e-52 
2 1.55221e-11 0 
2 1.55221e-11 0 
2 1.55221e-11 0 
2 1.55221e-11 0 
2 1.55221e-11 0 
2 1.55221e-11 0 
2 1.55221e-11 0 
2 1.55221e-11 1.95678e-29 
2 1.55221e-11 9.11404e-32 
2 1.55221e-11 -4.45865e-21 
2 1.55221e-11 -1.05541e-18 
2 1.55224e-11 9.57928e-17 
2 1.55226e-11 -9.70938e-17 
2 2.91593e-10 -4.04524e-16 
2 2.91593e-10 -3.42037e-16 
2 2.91593e-10 -1.49634e-16 
2 2.91592e-10 3.526e-18 
2 2.91592e-10 -1.45731e-28 
2 2.91592e-10 -1.56238e-26 
2 2.91592e-10 -6.00192e-50 
2 2.91592e-10 0 
2 2.91592e-10 0 
2 2.91592e-10 0 
2 2.91592e-10 0 
2 2.91592e-10 0 
2 2.91592e-10 0 
2 2.91592e-10 0 
2 2.91592e-10 1.56238e-26 
2 2.91592e-10 1.45731e-28 
2 2.91592e-10 -3.5259e-18 
2 2.91593e-10 -1.57105e-17 
2 2.91593e-10 1.847e-16 
2 2.91593e-10 -4.93145e-17 
2 4.59064e-09 -1.29789e-16 
2 4.59064e-09 -3.6555e-16 
2 4.59064e-09 -3.88008e-18 
2 4.59064e-09 3.46827e-16 
2 4.59064e-09 7.9668e-18 
2 4.59064e-09 -6.30719e-24 
2 4.59064e-09 -5.84562e-45 
2 4.59064e-09 -3.1039e-46 
2 4.59064e-09 0 
2 4.59064e-09 0 
2 4.59064e-09 0 
2 4.59064e-09 0 
2 4.59064e-09 3.1039e-46 
2 4.59064e-09 0 
2 4.59064e-09 6.30719e-24 
2 4.59064e-09 -7.9668e-18 
2 4.59064e-09 -3.46808e-16 
2 4.59064e-09 -8.86907e-17 
2 4.59064e-09 1.65574e-16 
2 4.59064e-09 -1.77431e-16 
2 6.08554e-08 2.53239e-16 
2 6.08554e-08 -2.0639e-16 
2 6.08554e-08 -2.2836e-16 
2 6.08554e-08 -3.40089e-16 
2 6.08554e-08 -2.46641e-23 
2 6.08554e-08 -1.30806e-21 
2 6.08554e-08 -2.13191e-41 
2 6.08554e-08 -1.04745e-42 
2 6.08554e-08 0 
2 6.08554e-08 0 
2 6.08554e-08 0 
2 6.08554e-08 0 
2 6.08554e-08 1.04745e-42 
2 6.08554e-08 6.34463e-50 
2 6.08554e-08 1.30806e-21 
2 6.08554e-08 2.46641e-23 
2 6.08554e-08 3.4033e-16 
2 6.08554e-08 -1.41237e-16 
2 6.08554e-08 -2.04096e-16 
2 6.08554e-08 -8.94142e-17 
2 6.8218e-07 4.28871e-16 
2 6.8218e-07 1.96323e-16 
2 6.8218e-07 1.12436e-16 
2 6.8218e-07 1.83757e-17 
2 6.8218e-07 -2.88504e-21 
2 6.8218e-07 -1.1987e-19 
2 6.8218e-07 -8.3917e-39 
2 6.8218e-07 -1.57356e-39 
2 6.8218e-07 -8.88759e-43 
2 6.8218e-07 0 
2 6.8218e-07 0 
2 6.8218e-07 8.88759e-43 
2 6.8218e-07 1.57268e-39 
2 6.8218e-07 2.3349e-46 
2 6.8218e-07 1.1987e-19 
2 6.8218e-07 2.88504e-21 
2 6.8218e-07 9.79431e-18 
2 6.8218e-07 -3.20537e-17 
2 6.8218e-07 1.65652e-16 
2 6.8218e-07 -7.97309e-18 
2 6.48763e-06 9.7905e-17 
2 6.48763e-06 -1.40404e-16 
2 6.48763e-06 2.29779e-16 
2 6.48763e-06 5.29248e-16 
2 6.48763e-06 -7.80447e-20 
2 6.48763e-06 -2.41474e-18 
2 6.48763e-06 1.32436e-35 
2 6.48763e-06 -1.53861e-36 
2 6.48763e-06 -2.70138e-39 
2 6.48763e-06 0 
2 6.48763e-06 0 
2 6.48763e-06 2.70138e-39 
2 6.48763e-06 1.38013e-36 
2 6.48763e-06 2.22232e-42 
2 6.48763e-06 2.41474e-18 
2 6.48763e-06 1.80475e-18 
2 6.48763e-06 4.90597e-18 
2 6.48763e-06 -1.77712e-16 
2 6.48763e-06 1.60878e-16 
2 6.48763e-06 3.29131e-17 
1.99999 5.24417e-05 1.10363e-16 
1.99999 5.24417e-05 -2.75781e-16 
1.99999 5.24417e-05 -1.77264e-16 
1.99999 5.24417e-05 -5.45744e-17 
1.99999 5.24417e-05 -8.24019e-19 
1.99999 5.24417e-05 -2.85287e-17 
1.99999 5.24417e-05 4.82105e-22 
1.99999 5.24417e-05 -3.37737e-33 
1.99999 5.24417e-05 -3.59576e-36 
1.99999 5.24417e-05 0 
1.99999 5.24417e-05 0 
1.99999 5.24417e-05 3.59576e-36 
1.99999 5.24417e-05 2.03352e-33 
1.99999 5.24417e-05 -4.82105e-22 
1.99999 5.24417e-05 2.85287e-17 
1.99999 5.24417e-05 3.44691e-16 
1.99999 5.24417e-05 3.78578e-16 
1.99999 5.24417e-05 2.71305e-16 
1.99999 5.24417e-05 -4.31927e-16 
1.99999 5.24417e-05 -1.59541e-16 
1.99992 0.000360351 -4.24603e-16 
1.99992 0.000360351 -4.41329e-16 
1.99992 0.000360351 -5.93294e-16 
1.99992 0.000360351 1.55195e-16 
1.99992 0.000360351 -4.04848e-18 
1.99992 0.000360351 -1.69667e-16 
1.99992 0.000360351 3.79797e-19 
1.99992 0.000360351 4.45757e-21 
1.99992 0.000360351 -2.74093e-33 
1.99992 0.000360351 0 
1.99992 0.000360351 0 
1.99992 0.000360351 2.74033e-33 
1.99992 0.000360351 -4.45757e-21 
1.99992 0.000360351 -3.79797e-19 
1.99992 0.000360351 1.69667e-16 
1.99992 0.000360351 1.4641e-17 
1.99992 0.000360351 1.66219e-16 
1.99992 0.000360351 2.06291e-16 
1.99992 0.000360351 -2.67243e-17 
1.99992 0.000360351 9.23695e-17 
1.99953 0.00210047 -3.51301e-16 
1.99953 0.00210047 -4.6101e-17 
1.99953 0.00210047 5.0553e-16 
1.99953 0.00210047 1.1464e-16 
1.99953 0.00210047 -8.17597e-17 
1.99953 0.00210047 -2.84561e-16 
1.99953 0.00210047 7.72981e-17 
1.99953 0.00210047 3.52496e-18 
1.99953 0.00210047 -1.31165e-30 
1.99953 0.00210047 -1.03036e-46 
1.99953 0.00210047 0 
1.99953 0.00210047 1.31023e-30 
1.99953 0.00210047 -3.52496e-18 
1.99953 0.00210047 -7.72981e-17 
1.99953 0.00210047 2.92836e-16 
1.99953 0.00210047 7.81533e-17 
1.99953 0.00210047 -1.02532e-16 
1.99953 0.00210047 -9.04647e-17 
1.99953 0.00210047 -2.80566e-16 
1.99953 0.00210047 -8.63595e-17 
1.99766 0.0103331 -2.34324e-17 
1.99766 0.0103331 7.86907e-17 
1.99766 0.0103331 8.2995e-17 
1.99766 0.0103331 1.30187e-16 
1.99766 0.0103331 -1.93965e-16 
1.99766 0.0103331 -1.71614e-16 
1.99766 0.0103331 5.38778e-16 
1.99766 0.0103331 3.4853e-16 
1.99766 0.0103331 -8.43546e-28 
1.99766 0.0103331 -6.89406e-36 
1.99766 0.0103331 6.89406e-36 
1.99766 0.0103331 4.0406e-28 
1.99766 0.0103331 -3.48527e-16 
1.99766 0.0103331 -5.38779e-16 
1.99766 0.0103331 1.69957e-16 
1.99766 0.0103331 1.95563e-16 
1.99766 0.0103331 -4.52479e-17 
1.99766 0.0103331 -4.2088e-16 
1.99766 0.0103331 9.15755e-17 
1.99766 0.0103331 5.78472e-16 
1.99036 0.042523 1.62262e-16 
1.99036 0.042523 1.30693e-16 
1.99036 0.042523 -1.06312e-16 
1.99036 0.042523 -5.18831e-16 
1.99036 0.042523 -8.17045e-17 
1.99036 0.042523 -3.74591e-16 
1.99036 0.042523 7.74423e-17 
1.99036 0.042523 3.53436e-18 
1.99036 0.042523 4.38824e-21 
1.99036 0.042523 -1.60036e-32 
1.99036 0.042523 1.60036e-32 
1.99036 0.042523 7.92564e-26 
1.99036 0.042523 -3.53872e-18 
1.99036 0.042523 -7.74409e-17 
1.99036 0.042523 2.95026e-17 
1.99036 0.042523 4.1397e-16 
1.99036 0.042523 -3.86143e-16 
1.99036 0.042523 1.98452e-16 
1.99036 0.042523 7.13958e-17 
1.99036 0.042523 -3.12243e-16 
1.96691 0.144552 -1.01738e-16 
1.96691 0.144552 2.60778e-16 
1.96691 0.144552 1.08665e-16 
1.96691 0.144552 -2.95591e-16 
1.96691 0.144552 -1.21785e-17 
1.96691 0.144552 -7.32551e-19 
1.96691 0.144552 4.63012e-19 
1.96691 0.144552 -7.91969e-18 
1.96691 0.144552 1.78098e-18 
1.96691 0.144552 -1.55354e-29 
1.96691 0.144552 1.55354e-29 
1.96691 0.144552 9.84094e-24 
1.96691 0.144552 -9.40302e-19 
1.96691 0.144552 -3.85278e-19 
1.96691 0.144552 7.97696e-18 
1.96691 0.144552 7.08577e-19 
1.96691 0.144552 -8.27202e-18 
1.96691 0.144552 -4.05507e-16 
1.96691 0.144552 3.89679e-16 
1.96691 0.144552 7.94729e-16 
1.90581 0.401086 3.96716e-16 
1.90581 0.401086 5.24464e-17 
1.90581 0.401086 3.47289e-16 
1.90581 0.401086 -1.05813e-16 
1.90581 0.401086 -4.65549e-16 
1.90581 0.401086 4.10549e-16 
1.90581 0.401086 1.45031e-17 
1.90581 0.401086 5.00624e-18 
1.90581 0.401086 4.58399e-18 
1.90581 0.401086 7.9668e-18 
1.90581 0.401086 8.13524e-27 
1.90581 0.401086 -7.96561e-18 
1.90581 0.401086 -9.45435e-18 
1.90581 0.401086 -4.42763e-19 
1.90581 0.401086 -5.94301e-18 
1.90581 0.401086 -3.44165e-16 
1.90581 0.401086 5.24516e-18 
1.90581 0.401086 4.17017e-16 
1.90581 0.401086 1.4323e-16 
1.90581 0.401086 -1.53079e-16 
1.78502 0.868918 -7.75645e-16 
1.78502 0.868918 9.64667e-17 
1.78502 0.868918 2.62511e-16 
1.78502 0.868918 -1.18916e-16 
1.78502 0.868918 -4.80724e-16 
1.78502 0.868918 -7.41996e-17 
1.78502 0.868918 4.80313e-16 
1.78502 0.868918 4.71204e-17 
1.78502 0.868918 1.91972e-18 
1.78502 0.868918 -2.48382e-24 
1.78502 0.868918 1.893e-21 
1.78502 0.868918 2.94002e-19 
1.78502 0.868918 -4.09935e-17 
1.78502 0.868918 -8.10894e-17 
1.78502 0.868918 -6.80444e-18 
1.78502 0.868918 7.26911e-17 
1.78502 0.868918 3.32869e-16 
1.78502 0.868918 5.43264e-16 
1.78502 0.868918 2.09557e-16 
1.78502 0.868918 -1.88723e-15 
1.68514 1.25584 -1.10301e-17 
1.68514 1.25584 -1.89235e-16 
1.68514 1.25584 9.77156e-17 
1.68514 1.25584 -2.27268e-16 
1.68514 1.25584 -2.68228e-16 
1.68514 1.25584 8.31885e-17 
1.68514 1.25584 4.00132e-16 
1.68514 1.25584 1.53803e-16 
1.68514 1.25584 3.75888e-18 
1.68514 1.25584 -4.28342e-22 
1.68514 1.25584 1.59468e-18 
1.68514 1.25584 3.1037e-17 
1.68514 1.25584 -7.71237e-17 
1.68514 1.25584 -4.35747e-16 
1.68514 1.25584 -2.28602e-16 
1.68514 1.25584 -4.03528e-17 
1.68514 1.25584 4.42121e-16 
1.68514 1.25584 1.7968e-17 
1.68514 1.25584 -7.5312e-17 
1.68514 1.25584 5.67663e-16 
1.5958 1.45697 -8.28502e-17 
1.5958 1.45697 -1.91585e-16 
1.5958 1.45697 2.05545e-17 
1.5958 1.45697 8.11605e-17 
1.5958 1.45697 -2.66439e-16 
1.5958 1.45697 2.62702e-16 
1.5958 1.45697 3.80359e-16 
1.5958 1.45697 2.10832e-17 
1.5958 1.45697 -1.97912e-18 
1.5958 1.45697 -3.47219e-20 
1.5958 1.45697 1.72345e-16 
1.5958 1.45697 5.15443e-17 
1.5958 1.45697 -2.52469e-16 
1.5958 1.45697 -1.29594e-16 
1.5958 1.45697 -1.9754e-16 
1.5958 1.45697 -2.61937e-16 
1.5958 1.45697 -1.59446e-16 
1.5958 1.45697 -4.9891e-17 
1.5958 1.45697 -1.18884e-16 
1.5958 1.45697 3.63848e-16 
1.54525 1.69052 1.55208e-16 
1.54525 1.69052 7.40518e-17 
1.54525 1.69052 1.6995e-16 
1.54525 1.69052 -5.75314e-17 
1.54525 1.69052 1.2585e-16 
1.54525 1.69052 -1.16357e-16 
1.54525 1.69052 -1.41253e-17 
1.54525 1.69052 2.30949e-16 
1.54525 1.69052 -1.70988e-17 
1.54525 1.69052 -1.35188e-18 
1.54525 1.69052 -1.69744e-16 
1.54525 1.69052 -2.32021e-16 
1.54525 1.69052 8.40157e-17 
1.54525 1.69052 1.18954e-16 
1.54525 1.69052 1.43386e-16 
1.54525 1.69052 -3.74433e-16 
1.54525 1.69052 -2.73416e-16 
1.54525 1.69052 -1.28374e-16 
1.54525 1.69052 -1.17192e-16 
1.54525 1.69052 1.92148e-16 
1.50771 1.81788 -7.2422e-17 
1.50771 1.81788 -2.19914e-17 
1.50771 1.81788 6.87828e-18 
1.50771 1.81788 2.13002e-16 
1.50771 1.81788 2.48321e-16 
1.50771 1.81788 -1.73988e-16 
1.50771 1.81788 -3.78714e-16 
1.50771 1.81788 5.40297e-17 
1.50771 1.81788 -2.82884e-19 
1.50771 1.81788 -1.76682e-16 
1.50771 1.81788 1.39375e-16 
1.50771 1.81788 -1.42972e-16 
1.50771 1.81788 -7.12868e-17 
1.50771 1.81788 6.69033e-16 
1.50771 1.81788 1.52866e-16 
1.50771 1.81788 -8.71554e-17 
1.50771 1.81788 -3.10326e-16 
1.50771 1.81788 -4.47412e-16 
1.50771 1.81788 -2.08908e-16 
1.50771 1.81788 -6.74771e-17 
1.47248 1.821 1.93865e-16 
1.47248 1.821 -7.12163e-17 
1.47248 1.821 -5.02978e-17 
1.47248 1.821 1.36452e-16 
1.47248 1.821 3.2942e-17 
1.47248 1.821 -2.34186e-16 
1.47248 1.821 -4.60227e-17 
1.47248 1.821 4.82369e-17 
1.47248 1.821 3.95908e-17 
1.47248 1.821 -2.51283e-17 
1.47248 1.821 -8.18021e-17 
1.47248 1.821 -1.68997e-16 
1.47248 1.821 -1.51435e-16 
1.47248 1.821 2.34979e-16 
1.47248 1.821 1.53468e-16 
1.47248 1.821 1.52616e-16 
1.47248 1.821 -1.54993e-16 
1.47248 1.821 -2.51385e-16 
1.47248 1.821 -1.32279e-16 
1.47248 1.821 1.77054e-16 
1.45072 1.8374 2.31657e-17 
1.45072 1.8374 1.63989e-16 
1.45072 1.8374 1.73928e-16 
1.45072 1.8374 -1.04145e-16 
1.45072 1.8374 -1.85298e-16 
1.45072 1.8374 -8.50209e-17 
1.45072 1.8374 6.12317e-17 
1.45072 1.8374 4.2327e-17 
1.45072 1.8374 -9.79153e-17 
1.45072 1.8374 -7.55366e-17 
1.45072 1.8374 -8.04939e-17 
1.45072 1.8374 -3.37716e-16 
1.45072 1.8374 -2.04209e-16 
1.45072 1.8374 3.22479e-16 
1.45072 1.8374 1.29863e-16 
1.45072 1.8374 -5.55844e-17 
1.45072 1.8374 1.97936e-20 
1.45072 1.8374 -7.1495e-17 
1.45072 1.8374 1.26158e-16 
1.45072 1.8374 -1.43069e-16 
1.45769 1.92017 1.74522e-16 
1.45769 1.92017 1.9228e-16 
1.45769 1.92017 3.23549e-16 
1.45769 1.92017 9.8041e-18 
1.45769 1.92017 -3.47783e-16 
1.45769 1.92017 -2.94611e-16 
1.45769 1.92017 -3.73948e-16 
1.45769 1.92017 -7.08339e-17 
1.45769 1.92017 -1.11265e-16 
1.45769 1.92017 -3.46403e-16 
1.45769 1.92017 -2.41445e-16 
1.45769 1.92017 8.51531e-17 
1.45769 1.92017 2.81415e-16 
1.45769 1.92017 2.44936e-16 
1.45769 1.92017 2.51698e-16 
1.45769 1.92017 -4.56213e-17 
1.45769 1.92017 -2.15916e-16 
1.45769 1.92017 7.62678e-17 
1.45769 1.92017 3.9755e-16 
1.45769 1.92017 -3.5564e-17 
1.459 1.94604 9.45633e-17 
1.459 1.94604 3.15477e-16 
1.459 1.94604 1.13733e-16 
1.459 1.94604 -3.10112e-16 
1.459 1.94604 -4.74283e-16 
1.459 1.94604 -3.89115e-16 
1.459 1.94604 -2.74183e-16 
1.459 1.94604 -1.89729e-16 
1.459 1.94604 -2.55002e-16 
1.459 1.94604 -2.66338e-16 
1.459 1.94604 -7.77894e-17 
1.459 1.94604 3.28051e-16 
1.459 1.94604 2.86463e-16 
1.459 1.94604 3.4877e-17 
1.459 1.94604 1.8443e-16 
1.459 1.94604 1.58995e-16 
1.459 1.94604 -6.22187e-17 
1.459 1.94604 -7.7429e-17 
1.459 1.94604 3.67874e-16 
1.459 1.94604 3.98575e-16 
1.45468 1.91386 7.4478e-17 
1.45468 1.91386 -6.97268e-17 
1.45468 1.91386 -4.50378e-17 
1.45468 1.91386 -1.57099e-17 
1.45468 1.91386 -4.15839e-16 
1.45468 1.91386 -4.41104e-16 
1.45468 1.91386 -1.59565e-16 
1.45468 1.91386 -9.74693e-17 
1.45468 1.91386 -1.29599e-16 
1.45468 1.91386 5.00691e-18 
1.45468 1.91386 -2.289e-17 
1.45468 1.91386 9.99753e-18 
1.45468 1.91386 2.17815e-16 
1.45468 1.91386 1.23053e-16 
1.45468 1.91386 -2.53967e-16 
1.45468 1.91386 -2.2938e-16 
1.45468 1.91386 -7.3342e-17 
1.45468 1.91386 5.53893e-16 
1.45468 1.91386 -1.505e-16 
1.45468 1.91386 -8.95185e-17 
1.44666 1.86568 -1.14908e-16 
1.44666 1.86568 -2.43697e-16 
1.44666 1.86568 -2.06782e-16 
1.44666 1.86568 -2.59354e-16 
1.44666 1.86568 -2.72122e-16 
1.44666 1.86568 -1.33197e-16 
1.44666 1.86568 2.4401e-16 
1.44666 1.86568 1.66628e-16 
1.44666 1.86568 -1.33011e-16 
1.44666 1.86568 -1.70919e-16 
1.44666 1.86568 -2.39724e-17 
1.44666 1.86568 -2.79931e-17 
1.44666 1.86568 -1.2768e-16 
1.44666 1.86568 1.6061e-16 
1.44666 1.86568 -1.18987e-16 
1.44666 1.86568 -3.78641e-16 
1.44666 1.86568 -1.82343e-16 
1.44666 1.86568 -2.00304e-16 
1.44666 1.86568 -9.98237e-17 
1.44666 1.86568 1.10872e-16 
1.44696 1.866 -2.03709e-16 
1.44696 1.866 -3.23772e-16 
1.44696 1.866 -8.68553e-18 
1.44696 1.866 -1.81943e-16 
1.44696 1.866 -6.34065e-17 
1.44696 1.866 -3.08317e-17 
1.44696 1.866 -1.89332e-17 
1.44696 1.866 9.94117e-17 
1.44696 1.866 9.0523e-17 
1.44696 1.866 6.94362e-17 
1.44696 1.866 -5.64521e-17 
1.44696 1.866 -7.7256e-17 
1.44696 1.866 -6.63551e-17 
1.44696 1.866 8.09264e-17 
1.44696 1.866 -2.32654e-16 
1.44696 1.866 -5.53895e-16 
1.44696 1.866 -4.08828e-16 
1.44696 1.866 -1.93479e-16 
1.44696 1.866 -2.20602e-16 
1.44696 1.866 1.15293e-16 
1.45565 1.91307 -2.81075e-16 
1.45565 1.91307 -3.00701e-16 
1.45565 1.91307 -4.18824e-17 
1.45565 1.91307 -2.12997e-16 
1.45565 1.91307 -1.16596e-16 
1.45565 1.91307 -1.26247e-16 
1.45565 1.91307 3.76958e-17 
1.45565 1.91307 1.74347e-16 
1.45565 1.91307 2.31641e-17 
1.45565 1.91307 8.37348e-17 
1.45565 1.91307 1.17501e-16 
1.45565 1.91307 1.33539e-16 
1.45565 1.91307 1.32053e-16 
1.45565 1.91307 -8.40434e-17 
1.45565 1.91307 -5.03806e-16 
1.45565 1.91307 -3.19617e-16 
1.45565 1.91307 -2.85931e-16 
1.45565 1.91307 -6.60967e-17 
1.45565 1.91307 -9.16723e-17 
1.45565 1.91307 8.72104e-17 
1.45995 1.93588 -1.11832e-16 
1.45995 1.93588 -2.9143e-16 
1.45995 1.93588 -1.29213e-16 
1.45995 1.93588 -1.63221e-16 
1.45995 1.93588 -7.66556e-17 
1.45995 1.93588 -2.57605e-17 
1.45995 1.93588 3.55004e-16 
1.45995 1.93588 3.1801e-16 
1.45995 1.93588 6.44862e-17 
1.45995 1.93588 5.77221e-17 
1.45995 1.93588 -2.69999e-17 
1.45995 1.93588 1.06031e-16 
1.45995 1.93588 2.38491e-16 
1.45995 1.93588 -1.14971e-16 
1.45995 1.93588 -3.09172e-16 
1.45995 1.93588 -1.35817e-17 
1.45995 1.93588 -2.98551e-16 
1.45995 1.93588 -1.61333e-16 
1.45995 1.93588 1.31615e-16 
1.45995 1.93588 5.56409e-17 
1.45792 1.92093 -1.80483e-16 
1.45792 1.92093 -3.47471e-16 
1.45792 1.92093 -2.4091e-16 
1.45792 1.92093 8.62521e-17 
1.45792 1.92093 1.20585e-16 
1.45792 1.92093 9.78427e-17 
1.45792 1.92093 2.976e-16 
1.45792 1.92093 2.66491e-16 
1.45792 1.92093 2.84374e-16 
1.45792 1.92093 3.95472e-17 
1.45792 1.92093 2.14025e-17 
1.45792 1.92093 -1.13275e-16 
1.45792 1.92093 1.19105e-16 
1.45792 1.92093 -3.712e-18 
1.45792 1.92093 -1.39643e-16 
1.45792 1.92093 -4.06424e-17 
1.45792 1.92093 -3.69026e-16 
1.45792 1.92093 -1.0349e-16 
1.45792 1.92093 1.03527e-16 
1.45792 1.92093 2.43425e-18 
1.44615 1.86001 -1.72617e-16 
1.44615 1.86001 -3.58268e-16 
1.44615 1.86001 -5.64283e-17 
1.44615 1.86001 1.37249e-16 
1.44615 1.86001 8.01935e-17 
1.44615 1.86001 -1.4791e-16 
1.44615 1.86001 3.51345e-16 
1.44615 1.86001 3.90033e-16 
1.44615 1.86001 1.15353e-16 
1.44615 1.86001 2.4435e-16 
1.44615 1.86001 9.74255e-17 
1.44615 1.86001 -1.2484e-16 
1.44615 1.86001 2.89771e-18 
1.44615 1.86001 -2.94218e-17 
1.44615 1.86001 -3.6623e-16 
1.44615 1.86001 -1.44482e-16 
1.44615 1.86001 -7.09133e-17 
1.44615 1.86001 2.13328e-17 
1.44615 1.86001 -7.16232e-17 
1.44615 1.86001 -2.54428e-16 
1.4441 1.855 -3.92935e-16 
1.4441 1.855 6.87013e-19 
1.4441 1.855 7.95528e-17 
1.4441 1.855 1.59144e-17 
1.4441 1.855 2.7815e-16 
1.4441 1.855 1.79714e-17 
1.4441 1.855 -1.33291e-16 
1.4441 1.855 3.37353e-16 
1.4441 1.855 3.11954e-16 
1.4441 1.855 2.15147e-16 
1.4441 1.855 2.33562e-16 
1.4441 1.855 -2.33192e-16 
1.4441 1.855 -8.01689e-18 
1.4441 1.855 -6.51594e-18 
1.4441 1.855 -5.16503e-16 
1.4441 1.855 -2.88243e-16 
1.4441 1.855 -2.01398e-16 
1.4441 1.855 -3.92198e-16 
1.4441 1.855 -1.13224e-16 
1.4441 1.855 -8.78346e-17 
1.45115 1.89327 -3.16427e-16 
1.45115 1.89327 2.0648e-16 
1.45115 1.89327 6.58923e-17 
1.45115 1.89327 1.61815e-16 
1.45115 1.89327 3.65623e-16 
1.45115 1.89327 -3.85918e-17 
1.45115 1.89327 -1.06291e-16 
1.45115 1.89327 1.41221e-16 
1.45115 1.89327 2.58258e-16 
1.45115 1.89327 1.71587e-16 
1.45115 1.89327 2.68107e-18 
1.45115 1.89327 -2.64246e-18 
1.45115 1.89327 -4.37913e-17 
1.45115 1.89327 -1.97825e-16 
1.45115 1.89327 -4.74169e-16 
1.45115 1.89327 -4.86652e-16 
1.45115 1.89327 -3.46818e-16 
1.45115 1.89327 -3.81094e-16 
1.45115 1.89327 7.679e-17 
1.45115 1.89327 8.88907e-17 
1.4544 1.91191 2.10279e-16 
1.4544 1.91191 9.38057e-17 
1.4544 1.91191 -1.7828e-16 
1.4544 1.91191 1.20942e-16 
1.4544 1.91191 1.35591e-16 
1.4544 1.91191 -1.62304e-16 
1.4544 1.91191 2.4073e-17 
1.4544 1.91191 6.7171e-17 
1.4544 1.91191 3.52223e-16 
1.4544 1.91191 2.30616e-18 
1.4544 1.91191 4.45521e-21 
1.4544 1.91191 -3.98267e-21 
1.4544 1.91191 -1.12597e-16 
1.4544 1.91191 -1.96376e-16 
1.4544 1.91191 -1.2065e-16 
1.4544 1.91191 -3.10371e-16 
1.4544 1.91191 -3.57835e-16 
1.4544 1.91191 -5.10134e-16 
1.4544 1.91191 -1.80039e-16 
1.4544 1.91191 3.45341e-17 
1.42716 1.75852 1.70176e-16 
1.42716 1.75852 1.73655e-16 
1.42716 1.75852 -8.87344e-18 
1.42716 1.75852 2.13908e-16 
1.42716 1.75852 -1.65459e-17 
1.42716 1.75852 -2.47497e-16 
1.42716 1.75852 -2.609e-16 
1.42716 1.75852 8.44565e-17 
1.42716 1.75852 2.01323e-16 
1.42716 1.75852 4.11104e-21 
1.42716 1.75852 2.56911e-24 
1.42716 1.75852 -1.98612e-24 
1.42716 1.75852 -1.24835e-16 
1.42716 1.75852 4.9122e-18 
1.42716 1.75852 1.77468e-16 
1.42716 1.75852 -1.0499e-16 
1.42716 1.75852 -1.95629e-16 
1.42716 1.75852 -2.78461e-16 
1.42716 1.75852 -5.33011e-16 
1.42716 1.75852 -2.18688e-16 
1.20851 0.788057 -5.24396e-16 
1.20851 0.788057 1.14989e-16 
1.20851 0.788057 1.47506e-17 
1.20851 0.788057 1.06021e-16 
1.20851 0.788057 -2.03475e-17 
1.20851 0.788057 -1.2568e-16 
1.20851 0.788057 -1.11052e-16 
1.20851 0.788057 -8.98596e-19 
1.20851 0.788057 6.79531e-17 
1.20851 0.788057 -2.47346e-24 
1.20851 0.788057 -1.5658e-29 
1.20851 0.788057 -1.21949e-27 
1.20851 0.788057 -6.55046e-17 
1.20851 0.788057 4.35759e-18 
1.20851 0.788057 1.25694e-16 
1.20851 0.788057 -1.75559e-18 
1.20851 0.788057 -2.56645e-17 
1.20851 0.788057 -2.74767e-16 
1.20851 0.788057 -1.7706e-16 
1.20851 0.788057 -1.33864e-16 
1.02507 0.0812242 5.98759e-18 
1.02507 0.0812242 5.52981e-18 
1.02507 0.0812242 6.43986e-19 
1.02507 0.0812242 3.44215e-18 
1.02507 0.0812242 -9.63699e-19 
1.02507 0.0812242 -5.15598e-18 
1.02507 0.0812242 -8.60523e-18 
1.02507 0.0812242 -1.31539e-18 
1.02507 0.0812242 5.96061e-18 
1.02507 0.0812242 -2.58344e-27 
1.02507 0.0812242 -2.88809e-34 
1.02507 0.0812242 -6.87081e-31 
1.02507 0.0812242 -5.47276e-18 
1.02507 0.0812242 1.21718e-18 
1.02507 0.0812242 1.0634e-17 
1.02507 0.0812242 1.03541e-18 
1.02507 0.0812242 -8.92534e-19 
1.02507 0.0812242 -1.68352e-18 
1.02507 0.0812242 -1.39094e-17 
1.02507 0.0812242 -9.73225e-17 
1.00241 0.00758582 -6.01229e-19 
1.00241 0.00758582 1.93649e-19 
1.00241 0.00758582 2.48298e-20 
1.00241 0.00758582 -2.29915e-20 
1.00241 0.00758582 -3.76109e-20 
1.00241 0.00758582 -6.09633e-20 
1.00241 0.00758582 -2.05233e-19 
1.00241 0.00758582 -1.16915e-20 
1.00241 0.00758582 2.43634e-19 
1.00241 0.00758582 -4.70917e-30 
1.00241 0.00758582 0 
1.00241 0.00758582 -1.21716e-34 
1.00241 0.00758582 -2.41286e-19 
1.00241 0.00758582 1.0472e-20 
1.00241 0.00758582 3.30287e-19 
1.00241 0.00758582 7.7263e-20 
1.00241 0.00758582 1.72205e-21 
1.00241 0.00758582 -1.97047e-20 
1.00241 0.00758582 -3.25882e-19 
1.00241 0.00758582 -4.61376e-18 
1.00022 0.000688662 6.54053e-20 
1.00022 0.000688662 6.11733e-21 
1.00022 0.000688662 5.60714e-22 
1.00022 0.000688662 -8.18671e-22 
1.00022 0.000688662 -1.16821e-21 
1.00022 0.000688662 -1.46597e-21 
1.00022 0.000688662 -1.36444e-21 
1.00022 0.000688662 -6.61854e-23 
1.00022 0.000688662 1.85003e-21 
1.00022 0.000688662 -6.7795e-33 
1.00022 0.000688662 0 
1.00022 0.000688662 0 
1.00022 0.000688662 -1.8464e-21 
1.00022 0.000688662 5.75047e-23 
1.00022 0.000688662 3.36288e-21 
1.00022 0.000688662 1.39404e-21 
1.00022 0.000688662 8.19147e-22 
1.00022 0.000688662 -3.18804e-21 
1.00022 0.000688662 -6.61948e-21 
1.00022 0.000688662 -4.39197e-20 
1.00002 6.19343e-05 -4.61559e-21 
1.00002 6.19343e-05 1.03133e-22 
1.00002 6.19343e-05 -1.47089e-23 
1.00002 6.19343e-05 -1.59618e-23 
1.00002 6.19343e-05 -2.57034e-23 
1.00002 6.19343e-05 -3.24797e-23 
1.00002 6.19343e-05 -4.17654e-24 
1.00002 6.19343e-05 -2.57785e-25 
1.00002 6.19343e-05 6.12646e-24 
1.00002 6.19343e-05 -6.99911e-36 
1.00002 6.19343e-05 0 
1.00002 6.19343e-05 0 
1.00002 6.19343e-05 -6.12499e-24 
1.00002 6.19343e-05 2.24687e-25 
1.00002 6.19343e-05 3.60927e-23 
1.00002 6.19343e-05 2.69434e-23 
1.00002 6.19343e-05 8.75605e-24 
1.00002 6.19343e-05 -1.64297e-23 
1.00002 6.19343e-05 -2.22068e-22 
1.00002 6.19343e-05 -1.02714e-21 
1 5.36228e-06 -2.21477e-22 
1 5.36228e-06 -1.68429e-23 
1 5.36228e-06 -3.03392e-24 
1 5.36228e-06 -3.94658e-25 
1 5.36228e-06 -4.02464e-25 
1 5.36228e-06 -4.24682e-25 
1 5.36228e-06 -6.71812e-27 
1 5.36228e-06 -6.45187e-28 
1 5.36228e-06 1.04158e-26 
1 5.36228e-06 -4.78421e-39 
1 5.36228e-06 0 
1 5.36228e-06 0 
1 5.36228e-06 -1.04163e-26 
1 5.36228e-06 5.74259e-28 
1 5.36228e-06 3.86011e-25 
1 5.36228e-06 3.77039e-25 
1 5.36228e-06 2.37166e-25 
1 5.36228e-06 4.36808e-24 
1 5.36228e-06 -6.10193e-24 
1 5.36228e-06 -2.47863e-23 
1 4.33375e-07 -4.08785e-24 
1 4.33375e-07 -1.30993e-24 
1 4.33375e-07 -2.38861e-26 
1 4.33375e-07 -1.06353e-26 
1 4.33375e-07 -5.67492e-27 
1 4.33375e-07 -3.68084e-27 
1 4.33375e-07 -5.57626e-30 
1 4.33375e-07 -1.03096e-30 
1 4.33375e-07 8.96628e-30 
1 4.33375e-07 -1.98478e-42 
1 4.33375e-07 0 
1 4.33375e-07 0 
1 4.33375e-07 -8.96628e-30 
1 4.33375e-07 9.36531e-31 
1 4.33375e-07 3.07283e-27 
1 4.33375e-07 4.13823e-27 
1 4.33375e-07 7.32427e-27 
1 4.33375e-07 5.68443e-26 
1 4.33375e-07 -5.65746e-26 
1 4.33375e-07 -9.28891e-26 
1 3.19135e-08 1.50068e-26 
1 3.19135e-08 -2.58209e-26 
1 3.19135e-08 -3.34406e-28 
1 3.19135e-08 -2.54549e-28 
1 3.19135e-08 -8.48358e-29 
1 3.19135e-08 -2.34456e-29 
1 3.19135e-08 -9.18094e-34 
1 3.19135e-08 -1.05164e-33 
1 3.19135e-08 3.11063e-33 
1 3.19135e-08 -3.8191e-46 
1 3.19135e-08 0 
1 3.19135e-08 0 
1 3.19135e-08 -3.11063e-33 
1 3.19135e-08 9.49839e-34 
1 3.19135e-08 1.75344e-29 
1 3.19135e-08 4.10203e-29 
1 3.19135e-08 1.93696e-28 
1 3.19135e-08 7.44149e-28 
1 3.19135e-08 6.96543e-27 
1 3.19135e-08 4.12849e-26 
1 2.0982e-09 1.25439e-26 
1 2.0982e-09 -4.4622e-28 
1 2.0982e-09 -6.42243e-30 
1 2.0982e-09 -4.90413e-30 
1 2.0982e-09 -1.20362e-30 
1 2.0982e-09 -1.17298e-31 
1 2.0982e-09 4.57402e-36 
1 2.0982e-09 -6.63227e-37 
1 2.0982e-09 0 
1 2.0982e-09 0 
1 2.0982e-09 0 
1 2.0982e-09 0 
1 2.0982e-09 0 
1 2.0982e-09 5.48207e-37 
1 2.0982e-09 7.30761e-32 
1 2.0982e-09 3.67343e-31 
1 2.0982e-09 4.12545e-30 
1 2.0982e-09 1.24242e-29 
1 2.0982e-09 2.33856e-28 
1 2.0982e-09 1.00683e-27 
1 1.21116e-10 2.59224e-28 
1 1.21116e-10 -9.19457e-30 
1 1.21116e-10 -9.26971e-32 
1 1.21116e-10 -7.36485e-32 
1 1.21116e-10 -1.38747e-32 
1 1.21116e-10 -4.80698e-34 
1 1.21116e-10 2.61762e-39 
1 1.21116e-10 -2.36563e-40 
1 1.21116e-10 0 
1 1.21116e-10 0 
1 1.21116e-10 0 
1 1.21116e-10 0 
1 1.21116e-10 0 
1 1.21116e-10 1.37736e-40 
1 1.21116e-10 2.25285e-34 
1 1.21116e-10 2.75813e-33 
1 1.21116e-10 6.85362e-32 
1 1.21116e-10 1.65278e-31 
1 1.21116e-10 2.63129e-30 
1 1.21116e-10 2.02376e-29 
1 6.05685e-12 3.89365e-30 
1 6.05685e-12 -1.87971e-31 
1 6.05685e-12 1.2679e-34 
1 6.05685e-12 -8.58292e-34 
1 6.05685e-12 -1.22981e-34 
1 6.05685e-12 -1.6446e-36 
1 6.05685e-12 1.38518e-42 
1 6.05685e-12 -3.71163e-44 
1 6.05685e-12 0 
1 6.05685e-12 0 
1 6.05685e-12 0 
1 6.05685e-12 0 
1 6.05685e-12 0 
1 6.05685e-12 0 
1 6.05685e-12 5.1536e-37 
1 6.05685e-12 1.65151e-35 
1 6.05685e-12 8.72737e-34 
1 6.05685e-12 1.08223e-33 
1 6.05685e-12 3.47167e-32 
1 6.05685e-12 6.91911e-31 
1 2.59516e-13 5.69023e-32 
1 2.59516e-13 -3.15514e-33 
1 2.59516e-13 1.288e-34 
1 2.59516e-13 -7.81791e-36 
1 2.59516e-13 -8.37399e-37 
1 2.59516e-13 -4.61274e-39 
1 2.59516e-13 7.31088e-46 
1 2.59516e-13 -4.83569e-54 
1 2.59516e-13 0 
1 2.59516e-13 0 
1 2.59516e-13 0 
1 2.59516e-13 0 
1 2.59516e-13 0 
1 2.59516e-13 0 
1 2.59516e-13 8.70195e-40 
1 2.59516e-13 7.76522e-38 
1 2.59516e-13 8.51812e-36 
1 2.59516e-13 -5.72655e-35 
1 2.59516e-13 5.53471e-34 
1 2.59516e-13 2.12602e-32 
1 9.27338e-15 6.9039e-34 
1 9.27338e-15 -4.14076e-35 
1 9.27338e-15 1.1867e-36 
1 9.27338e-15 -5.62749e-38 
1 9.27338e-15 -4.43902e-39 
1 9.27338e-15 -8.54155e-42 
1 9.27338e-15 8.64595e-49 
1 9.27338e-15 0 
1 9.27338e-15 0 
1 9.27338e-15 0 
1 9.27338e-15 0 
1 9.27338e-15 0 
1 9.27338e-15 0 
1 9.27338e-15 0 
1 9.27338e-15 1.06844e-42 
1 9.27338e-15 2.86825e-40 
1 9.27338e-15 6.44002e-38 
1 9.27338e-15 -1.26219e-36 
1 9.27338e-15 8.23462e-36 
1 9.27338e-15 4.77445e-34 
1 2.05683e-16 -1.67458e-36 
1 2.05683e-16 -4.26258e-37 
1 2.05683e-16 8.45091e-39 
1 2.05683e-16 -3.23692e-40 
1 2.05683e-16 -1.85761e-41 
1 2.05683e-16 5.57883e-44 
1 2.05683e-16 7.87921e-52 
1 2.05683e-16 0 
1 2.05683e-16 0 
1 2.05683e-16 0 
1 2.05683e-16 0 
1 2.05683e-16 0 
1 2.05683e-16 0 
1 2.05683e-16 0 
1 2.05683e-16 9.26437e-46 
1 2.05683e-16 8.35814e-43 
1 2.05683e-16 3.82331e-40 
1 2.05683e-16 -9.32807e-39 
1 2.05683e-16 1.03955e-37 
1 2.05683e-16 8.1144e-36 
1 0 -1.00293e-36 
1 0 -3.50326e-39 
1 0 4.66568e-41 
1 0 -1.50208e-42 
1 0 -6.20434e-44 
1 0 3.87337e-46 
1 0 5.30755e-55 
1 0 0 
1 0 0 
1 0 0 
1 0 0 
1 0 0 
1 0 0 
1 0 0 
1 0 5.37276e-49 
1 0 1.92701e-45 
1 0 1.80501e-42 
1 0 -4.22468e-41 
1 0 1.08174e-39 
1 0 1.03962e-37 
1 0 -9.40856e-39 
1 0 -2.34709e-41 
1 0 1.83169e-43 
1 0 -5.66487e-45 
1 0 -1.66603e-46 
1 0 4.32624e-49 
1 0 2.48681e-58 
1 0 0 
1 0 0 
1 0 0 
1 0 0 
1 0 0 
1 0 0 
1 0 0 
1 0 1.86906e-52 
1 0 3.5129e-48 
1 0 6.84426e-45 
1 0 -1.32708e-43 
1 0 9.18717e-42 
1 0 1.01117e-39 
1 0 -6.8319e-41 
1 0 -1.30727e-43 
1 0 5.44017e-46 
1 0 -1.74481e-47 
1 0 -3.60984e-49 
1 0 3.80416e-52 
1 0 7.2415e-62 
1 0 0 
1 0 0 
1 0 0 
1 0 0 
1 0 0 
1 0 0 
1 0 0 
1 0 2.94826e-56 
1 0 5.03594e-51 
1 0 2.09855e-47 
1 0 -3.5643e-46 
1 0 6.36976e-44 
1 0 7.65798e-42 
1 0 -3.88909e-43 
1 0 -6.1519e-46 
1 0 1.37281e-48 
1 0 -4.39838e-50 
1 0 -6.31066e-52 
1 0 3.50381e-55 
1 0 9.88049e-66 
1 0 0 
1 0 0 
1 0 0 
1 0 0 
1 0 0 
1 0 0 
1 0 0 
1 0 0 
1 0 5.61067e-54 
1 0 5.22088e-50 
1 0 -9.72615e-49 
1 0 3.6239e-46 
1 0 4.66349e-44 
1 0 -1.64619e-45 
1 0 -2.47442e-48 
1 0 3.30408e-51 
1 0 -9.05871e-53 
1 0 -8.86523e-55 
1 0 2.32504e-58 
1 0 0 
1 0 0 
1 0 0 
1 0 0 
1 0 0 
1 0 0 
1 0 0 
1 0 0 
1 0 0 
1 0 4.75917e-57 
1 0 1.05384e-52 
1 0 -2.76565e-51 
1 0 1.70291e-48 
1 0 2.35671e-46 
1 0 -5.68563e-48 
1 0 -8.56212e-51 
1 0 7.97187e-54 
1 0 -1.50241e-55 
1 0 -9.92178e-58 
1 0 9.43065e-62 
1 0 0 
1 0 0 
1 0 0 
1 0 0 
1 0 0 
1 0 0 
1 0 0 
1 0 0 
1 0 0 
1 0 2.96986e-60 
1 0 1.71921e-55 
1 0 -7.58179e-54 
1 0 6.65023e-51 
1 0 1.01498e-48 
1 0 -1.79464e-50 
1 0 -2.55364e-53 
1 0 1.86488e-56 
1 0 -1.74152e-58 
1 0 -8.71917e-61 
1 0 2.26641e-65 
1 0 0 
1 0 0 
1 0 0 
1 0 0 
1 0 0 
1 0 0 
1 0 0 
1 0 0 
1 0 0 
1 0 1.28542e-63 
1 0 2.24781e-58 
1 0 -1.87712e-56 
1 0 2.16893e-53 
1 0 3.79535e-51 
1 0 -5.42584e-53 
1 0 -6.55347e-56 
1 0 3.99214e-59 
1 0 3.02942e-61 
1 0 -5.88073e-64 
1 0 3.56824e-69 
1 0 0 
1 0 0 
1 0 0 
1 0 0 
1 0 0 
1 0 0 
1 0 0 
1 0 0 
1 0 0 
1 0 3.44698e-67 
1 0 2.32208e-61 
1 0 -4.07153e-59 
1 0 5.9272e-56 
1 0 1.24352e-53 
1 0 -1.52939e-55 
1 0 -1.44114e-58 
1 0 7.50335e-62 
1 0 2.32624e-63 
1 0 -2.9363e-67 
1 0 2.44013e-73 
1 0 0 
1 0 0 
1 0 0 
1 0 0 
1 0 0 
1 0 0 
1 0 0 
1 0 0 
1 0 0 
1 0 4.31349e-71 
1 0 1.85292e-64 
1 0 -7.62904e-62 
1 0 1.35932e-58 
1 0 3.57222e-56 
1 0 -3.84018e-58 
1 0 -2.69988e-61 
1 0 1.20893e-64 
1 0 2.03606e-66 
1 0 -1.02206e-70 
1 0 2.96253e-77 
1 0 0 
1 0 0 
1 0 0 
1 0 0 
1 0 0 
1 0 0 
1 0 0 
1 0 0 
1 0 0 
1 0 0 
1 0 1.10176e-67 
1 0 -1.22198e-64 
1 0 2.61525e-61 
1 0 8.9531e-59 
1 0 -8.32696e-61 
1 0 -4.27885e-64 
1 0 1.64396e-67 
1 0 9.45119e-70 
1 0 -2.21405e-74 
1 0 0 
1 0 0 
1 0 0 
1 0 0 
1 0 0 
1 0 0 
1 0 0 
1 0 0 
1 0 0 
1 0 0 
1 0 0 
1 0 4.59626e-71 
1 0 -1.65427e-67 
1 0 4.21096e-64 
1 0 1.94317e-61 
1 0 -1.53211e-63 
1 0 -5.68847e-67 
1 0 1.86131e-70 
1 0 4.55962e-73 
1 0 -2.24898e-78 
1 0 0 
1 0 0 
1 0 0 
1 0 0 
1 0 0 
1 0 0 
1 0 0 
1 0 0 
1 0 0 
1 0 0 
1 0 0 
1 0 1.20039e-74 
1 0 -1.86784e-70 
1 0 5.64752e-67 
1 0 3.62214e-64 
1 0 -2.36408e-66 
1 0 -6.27865e-70 
1 0 1.72795e-73 
1 0 1.21166e-76 
1 0 0 
1 0 0 
1 0 0 
1 0 0 
1 0 0 
1 0 0 
1 0 0 
1 0 0 
1 0 0 
1 0 0 
1 0 0 
1 0 0 
1 0 1.47702e-78 
1 0 -1.73128e-73 
1 0 6.2609e-70 
1 0 5.74916e-67 
1 0 -3.02671e-69 
1 0 -5.67814e-73 
1 0 1.28988e-76 
1 0 2.58441e-80 
1 0 0 
1 0 0 
1 0 0 
1 0 0 
1 0 0 
1 0 0 
1 0 0 
1 0 0 
1 0 0 
1 0 0 
1 0 0 
1 0 0 
1 0 0 
1 0 -1.2912e-76 
1 0 5.67292e-73 
1 0 7.69749e-70 
1 0 -3.17631e-72 
1 0 -4.13371e-76 
1 0 7.53817e-80 
1 0 2.84033e-84 
1 0 0 
1 0 0 
1 0 0 
1 0 0 
1 0 0 
1 0 0 
1 0 0 
1 0 0 
1 0 0 
1 0 0 
1 0 0 
1 0 0 
1 0 0 
1 0 -7.54204e-80 
1 0 4.13267e-76 
1 0 8.59747e-73 
1 0 -2.68971e-75 
1 0 -2.36304e-79 
1 0 3.31631e-83 
1 0 0 
1 0 0 
1 0 0 
1 0 0 
1 0 0 
1 0 0 
1 0 0 
1 0 0 
1 0 0 
1 0 0 
1 0 0 
1 0 0 
1 0 0 
1 0 0 
1 0 -3.31703e-83 
1 0 2.36283e-79 
1 0 7.89841e-76 
1 0 -1.79898e-78 
1 0 -1.02202e-82 
1 0 1.03125e-86 
1 0 0 
1 0 0 
1 0 0 
1 0 0 
1 0 0 
1 0 0 
1 0 0 
1 0 0 
1 0 0 
1 0 0 
1 0 0 
1 0 0 
1 0 0 
1 0 0 
1 0 -1.03131e-86 
1 0 1.02196e-82 
1 0 5.85668e-79 
1 0 -9.21831e-82 
1 0 -3.14777e-86 
1 0 2.01745e-90 
1 0 0 
1 0 0 
1 0 0 
1 0 0 
1 0 0 
1 0 0 
1 0 0 
1 0 0 
1 0 0 
1 0 0 
1 0 0 
1 0 0 
1 0 0 
1 0 0 
1 0 -2.01745e-90 
1 0 3.14768e-86 
1 0 3.41352e-82 
1 0 -3.45748e-85 
1 0 -6.16349e-90 
1 0 1.8636e-94 
1 0 0 
1 0 0 
1 0 0 
1 0 0 
1 0 0 
1 0 0 
1 0 0 
1 0 0 
1 0 0 
1 0 0 
1 0 0 
1 0 0 
1 0 0 
1 0 0 
1 0 -1.8636e-94 
1 0 6.16343e-90 
1 0 1.50359e-85 
1 0 -8.81692e-89 
1 0 -5.78065e-94 
1 0 0 
1 0 0 
1 0 0 
1 0 0 
1 0 0 
1 0 0 
1 0 0 
1 0 0 
1 0 0 
1 0 0 
1 0 0 
1 0 0 
1 0 0 
1 0 0 
1 0 0 
1 0 0 
1 0 5.78065e-94 
1 0 4.6987e-89 
1 0 -1.33485e-92 
1 0 0 
1 0 0 
1 0 0 
1 0 0 
1 0 0 
1 0 0 
1 0 0 
1 0 0 
1 0 0 
1 0 0 
1 0 0 
1 0 0 
1 0 0 
1 0 0 
1 0 0 
1 0 0 
1 0 0 
1 0 0 
1 0 9.26959e-93 
1 0 -8.66478e-97 
1 0 0 
1 0 0 
1 0 0 
1 0 0 
1 0 0 
1 0 0 
1 0 0 
1 0 0 
1 0 0 
1 0 0 
1 0 0 
1 0 0 
1 0 0 
1 0 0 
1 0 0 
1 0 0 
1 0 0 
1 0 0 
1 0 8.66478e-97 
1 0 0 
1 0 0 
1 0 0 
1 0 0 
1 0 0 
1 0 0 
1 0 0 
1 0 0 
1 0 0 
1 0 0 
1 0 0 
1 0 0 
1 0 0 
1 0 0 
1 0 0 
1 0 0 
1 0 0 
1 0 0 
1 0 0 
1 0 0 
1 0 0 
1 0 0 
1 0 0 
1 0 0 
1 0 0 
1 0 0 
1 0 0 
1 0 0 
1 0 0 
1 0 0 
1 0 0 
1 0 0 
1 0 0 
1 0 0 
1 0 0 
1 0 0 
1 0 0 
1 0 0 
1 0 0 
1 0 0 
1 0 0 
1 0 0 
1 0 0 
1 0 0 
1 0 0 
1 0 0 
1 0 0 
1 0 0 
1 0 0 
1 0 0 
1 0 0 
1 0 0 
1 0 0 
1 0 0 
1 0 0 
1 0 0 
1 0 0 
1 0 0 
1 0 0 
1 0 0 
1 0 0 
1 0 0 
1 0 0 
1 0 0 
1 0 0 
1 0 0 
1 0 0 
1 0 0 
1 0 0 
1 0 0 
1 0 0 
1 0 0 
1 0 0 
1 0 0 
1 0 0 
1 0 0 
1 0 0 
1 0 0 
1 0 0 
1 0 0 
1 0 0 
1 0 0 
1 0 0 
1 0 0 
1 0 0 
1 0 0 
1 0 0 
1 0 0 
1 0 0 
1 0 0 
1 0 0 
1 0 0 
1 0 0 
1 0 0 
1 0 0 
1 0 0 
1 0 0 
1 0 0 
1 0 0 
1 0 0 
1 0 0 
1 0 0 
1 0 0 
1 0 0 
1 0 0 
1 0 0 
1 0 0 
1 0 0 
1 0 0 
1 0 0 
1 0 0 
1 0 0 
1 0 0 
1 0 0 
1 0 0 
1 0 0 
1 0 0 
1 0 0 
1 0 0 
1 0 0 
1 0 0 
1 0 0 
1 0 0 
1 0 0 
1 0 0 
1 0 0 
1 0 0 
1 0 0 
1 0 0 
1 0 0 
1 0 0 
1 0 0 
1 0 0 
1 0 0 
1 0 0 
1 0 0 
1 0 0 
1 0 0 
1 0 0 
1 0 0 
1 0 0 
1 0 0 
1 0 0 
1 0 0 
1 0 0 
1 0 0 
1 0 0 
1 0 0 
1 0 0 
1 0 0 
1 0 0 
1 0 0 
1 0 0 
1 0 0 
1 0 0 
1 0 0 
1 0 0 
1 0 0 
1 0 0 
1 0 0 
1 0 0 
1 0 0 
1 0 0 
1 0 0 
1 0 0 
1 0 0 
1 0 0 
1 0 0 
1 0 0 
1 0 0 
1 0 0 
1 0 0 
1 0 0 
1 0 0 
1 0 0 
1 0 0 
1 0 0 
1 0 0 
1 0 0 
1 0 0 
1 0 0 
1 0 0 
1 0 0 
1 0 0 
1 0 0 
1 0 0 
1 0 0 
1 0 0 
1 0 0 
1 0 0 
1 0 0 
1 0 0 
1 0 0 
1 0 0 
1 0 0 
1 0 0 
1 0 0 
1 0 0 
1 0 0 
1 0 0 
1 0 0 
1 0 0 
1 0 0 
1 0 0 
1 0 0 
1 0 0 
1 0 0 
1 0 0 
1 0 0 
1 0 0 
1 0 0 
1 0 0 
1 0 0 
1 0 0 
1 0 0 
1 0 0 
1 0 0 
1 0 0 
1 0 0 
1 0 0 
1 0 0 
1 0 0 
1 0 0 
1 0 0 
1 0 0 
1 0 0 
1 0 0 
1 0 0 
1 0 0 
1 0 0 
1 0 0 
1 0 0 
1 0 0 
1 0 0 
1 0 0 
1 0 0 
1 0 0 
1 0 0 
1 0 0 
1 0 0 
1 -4.1527e-62 0 
1 1.84896e-63 0 
1 5.93631e-62 0 
1 1.81106e-60 0 
1 4.64313e-59 0 
1 1.00502e-57 0 
1 1.84464e-56 0 
1 2.87713e-55 0 
1 3.81299e-54 0 
1 4.28161e-53 0 
1 4.05246e-52 0 
1 3.21443e-51 0 
1 2.11501e-50 0 
1 1.16223e-49 0 
1 4.036e-49 0 
1 5.01922e-49 0 
1 -1.327e-48 0 
1 -2.07026e-48 0 
1 4.194e-47 0 
1 2.02784e-46 0 
1 -2.36859e-48 0 
1 1.06838e-46 0 
1 3.01766e-45 0 
1 7.26753e-44 0 
1 1.49306e-42 0 
1 2.6258e-41 0 
1 3.96406e-40 0 
1 5.14828e-39 0 
1 5.7513e-38 0 
1 5.52273e-37 0 
1 4.55694e-36 0 
1 3.09578e-35 0 
1 1.44794e-34 0 
1 2.04304e-34 0 
1 -8.04523e-34 0 
1 -8.36879e-33 0 
1 -4.29401e-32 0 
1 -1.61909e-31 0 
1 -5.49718e-31 0 
1 -1.2489e-30 0 
1 -4.43421e-36 5.23303e-36 
1 -1.70692e-34 0 
1 -5.56086e-33 0 
1 -1.53844e-31 0 
1 -3.64105e-30 0 
1 -7.41756e-29 0 
1 -1.30728e-27 0 
1 -2.00105e-26 0 
1 -2.66817e-25 0 
1 -3.10537e-24 0 
1 -3.15851e-23 0 
1 -2.80871e-22 0 
1 -2.18303e-21 0 
1 -1.48158e-20 0 
1 -8.76629e-20 0 
1 -4.51243e-19 0 
1 -2.01558e-18 0 
1 -7.7944e-18 0 
1 -2.59824e-17 0 
1 -7.57876e-17 0 
1 -1.65241e-16 0 
1 -2.77277e-16 -9.216e-17 
1 -3.07437e-40 3.33809e-38 
1 -5.71264e-42 1.13204e-37 
1 -7.71407e-41 0 
1 -4.3176e-39 0 
1 -2.00298e-37 0 
1 -7.75883e-36 0 
1 -2.53204e-34 0 
1 -7.01964e-33 0 
1 -1.66541e-31 0 
1 -3.40243e-30 0 
1 -6.01624e-29 0 
1 -9.24405e-28 0 
1 -1.23792e-26 0 
1 -1.44781e-25 0 
1 -1.48065e-24 0 
1 -1.32471e-23 0 
1 -1.03668e-22 0 
1 -7.09126e-22 0 
1 -4.23569e-21 0 
1 -2.20731e-20 0 
1 -1.00353e-19 0 
1 -3.98798e-19 0 
1 -1.39295e-18 -3.514e-17 
1 -4.29648e-18 -2.75244e-17 
1 -2.05397e-45 4.78348e-43 
1 -2.00816e-47 1.30179e-40 
1 -1.61525e-49 5.96104e-40 
1 1.33864e-49 2.02609e-39 
1 1.65478e-47 0 
1 1.67533e-45 0 
1 1.38635e-43 0 
1 9.37499e-42 0 
1 5.20095e-40 0 
1 2.38362e-38 0 
1 9.10138e-37 0 
1 2.9204e-35 0 
1 7.93788e-34 0 
1 1.84032e-32 0 
1 3.66004e-31 0 
1 6.27356e-30 0 
1 9.30511e-29 0 
1 1.19881e-27 0 
1 1.34636e-26 0 
1 1.32205e-25 0 
1 1.13734e-24 0 
1 8.5787e-24 0 
1 5.66474e-23 0 
1 3.29661e-22 0 
1 1.72634e-21 -1.15158e-17 
1 3.93834e-21 -1.07058e-17 
1 1.86154e-21 -3.07315e-18 
1 -3.53426e-20 -4.33426e-19 
1 -2.65196e-48 5.25705e-46 
1 -2.12913e-50 5.72829e-45 
1 -2.27196e-52 1.9049e-42 
1 -1.53574e-50 8.74762e-42 
1 -2.31056e-48 2.97886e-41 
1 -2.87136e-46 0 
1 -2.93184e-44 0 
1 -2.4518e-42 0 
1 -1.67958e-40 0 
1 -9.4641e-39 0 
1 -4.41794e-37 0 
1 -1.72333e-35 0 
1 -5.66729e-34 0 
1 -1.58433e-32 0 
1 -3.79294e-31 0 
1 -7.82498e-30 0 
1 -1.39835e-28 0 
1 -2.17356e-27 0 
1 -2.94814e-26 0 
1 -3.49761e-25 0 
1 -3.63516e-24 0 
1 -3.31252e-23 0 
1 -2.64664e-22 0 
1 -1.85264e-21 0 
1 -1.13432e-20 0 
1 -6.05928e-20 -3.25693e-18 
1 -2.81466e-19 -3.59607e-18 
1 -1.13249e-18 -9.9609e-19 
1 -3.93876e-18 -1.1386e-19 
1 -1.16952e-17 -4.27476e-18 
1 -5.26993e-54 2.23569e-51 
1 -2.90684e-56 1.11261e-48 
1 -1.58915e-56 5.13119e-48 
1 -4.05251e-54 5.61674e-47 
1 -8.77257e-52 2.28242e-44 
1 -1.58577e-49 1.05058e-43 
1 -2.38028e-47 3.58319e-43 
1 -2.9492e-45 0 
1 -3.0002e-43 0 
1 -2.49757e-41 0 
1 -1.70153e-39 0 
1 -9.52558e-38 0 
1 -4.4134e-36 0 
1 -1.70703e-34 0 
1 -5.56088e-33 0 
1 -1.53846e-31 0 
1 -3.64124e-30 0 
1 -7.41868e-29 0 
1 -1.30778e-27 0 
1 -2.00277e-26 0 
1 -2.6728e-25 0 
1 -3.1154e-24 0 
1 -3.17616e-23 0 
1 -2.83422e-22 0 
1 -2.21345e-21 0 
1 -1.5115e-20 0 
1 -9.00873e-20 0 
1 -4.67324e-19 -7.96017e-19 
1 -2.10231e-18 -1.05268e-18 
1 -8.16398e-18 -2.82601e-19 
1 -2.73097e-17 -2.63353e-20 
1 -7.7167e-17 -1.37668e-18 
1 -1.74265e-16 -4.17359e-17 
1 -2.32048e-16 -9.97318e-17 
1 -3.81716e-57 1.34342e-54 
1 -1.75328e-59 1.48041e-53 
1 -6.76313e-62 8.91535e-51 
1 -2.35222e-64 4.11781e-50 
1 -6.36503e-63 4.52406e-49 
1 -2.31225e-60 2.23898e-46 
1 -7.08741e-58 1.03254e-45 
1 -1.82897e-55 3.52612e-45 
1 -3.96002e-53 0 
1 -7.16021e-51 0 
1 -1.07512e-48 0 
1 -1.33265e-46 0 
1 -1.35642e-44 0 
1 -1.12994e-42 0 
1 -7.70448e-41 0 
1 -4.31766e-39 0 
1 -2.00299e-37 0 
1 -7.75888e-36 0 
1 -2.53208e-34 0 
1 -7.01992e-33 0 
1 -1.66558e-31 0 
1 -3.40334e-30 0 
1 -6.01994e-29 0 
1 -9.25596e-28 0 
1 -1.24098e-26 0 
1 -1.45416e-25 0 
1 -1.49138e-24 0 
1 -1.33958e-23 0 
1 -1.05369e-22 -1.68579e-19 
1 -7.25232e-22 -2.67764e-19 
1 -4.36217e-21 -6.99555e-20 
1 -2.28983e-20 -5.36265e-21 
1 -1.04839e-19 -3.20341e-19 
1 -4.19352e-19 -1.47948e-17 
1 -1.49058e-18 -3.77906e-17 
1 -4.54837e-18 -2.90515e-17 
1 -2.50438e-63 1.83262e-60 
1 -8.12563e-66 1.59384e-57 
1 -2.226e-68 7.37784e-57 
1 -5.15014e-71 8.14947e-56 
1 -1.00486e-73 5.90518e-53 
1 -1.68824e-76 2.73078e-52 
1 -3.34833e-75 3.00907e-51 
1 -2.4385e-72 1.80407e-48 
1 -1.48393e-69 8.33234e-48 
1 -7.58731e-67 2.8484e-47 
1 -3.27031e-64 0 
1 -1.18988e-61 0 
1 -3.65313e-59 0 
1 -9.44565e-57 0 
1 -2.04997e-54 0 
1 -3.71727e-52 0 
1 -5.60137e-50 0 
1 -6.97352e-48 0 
1 -7.13639e-46 0 
1 -5.98437e-44 0 
1 -4.11318e-42 0 
1 -2.32682e-40 0 
1 -1.09114e-38 0 
1 -4.27851e-37 0 
1 -1.41536e-35 0 
1 -3.98327e-34 0 
1 -9.60843e-33 0 
1 -1.99932e-31 0 
1 -3.60778e-30 0 
1 -5.67031e-29 0 
1 -7.78854e-28 -3.1024e-20 
1 -9.37336e-27 -5.92016e-20 
1 -9.90125e-26 -1.5105e-20 
1 -9.18941e-25 -9.61239e-22 
1 -7.49609e-24 -6.59336e-20 
1 -5.37291e-23 -4.50428e-18 
1 -3.38344e-22 -1.23523e-17 
1 -1.87994e-21 -1.11459e-17 
1 -9.35015e-21 -3.20874e-18 
1 -3.8052e-20 -2.83297e-19 
1 -1.06955e-66 6.37072e-64 
1 -2.92925e-69 7.06216e-63 
1 -6.77565e-72 7.31324e-60 
1 -1.32177e-74 3.38798e-59 
1 -2.1672e-77 3.7496e-58 
1 -2.96963e-80 3.25149e-55 
1 -3.40972e-83 1.50509e-54 
1 -4.65921e-82 1.66244e-53 
1 -5.00629e-79 1.20028e-50 
1 -4.40234e-76 5.55042e-50 
1 -3.20699e-73 1.89896e-49 
1 -1.95192e-70 0 
1 -9.98209e-68 0 
1 -4.30349e-65 0 
1 -1.56621e-62 0 
1 -4.81005e-60 0 
1 -1.24418e-57 0 
1 -2.70146e-55 0 
1 -4.90142e-53 0 
1 -7.39091e-51 0 
1 -9.20954e-49 0 
1 -9.43501e-47 0 
1 -7.92276e-45 0 
1 -5.45462e-43 0 
1 -3.0919e-41 0 
1 -1.45337e-39 0 
1 -5.71451e-38 0 
1 -1.89634e-36 0 
1 -5.35601e-35 0 
1 -1.2972e-33 0 
1 -2.71155e-32 0 
1 -4.91832e-31 -4.97491e-21 
1 -7.77533e-30 -1.13892e-20 
1 -1.07509e-28 -2.84659e-21 
1 -1.30365e-27 -1.51665e-22 
1 -1.389e-26 -1.20391e-20 
1 -1.30197e-25 -1.1802e-18 
1 -1.07426e-24 -3.47124e-18 
1 -7.80241e-24 -3.76491e-18 
1 -4.9858e-23 -1.04382e-18 
1 -2.80058e-22 -7.93052e-20 
1 -1.38144e-21 -1.20956e-20 
1 -2.49807e-73 3.054e-70 
1 -4.86805e-76 4.45433e-67 
1 -7.97448e-79 2.06604e-66 
1 -1.09185e-81 2.29334e-65 
1 -1.23882e-84 2.81866e-62 
1 -1.15047e-87 1.30665e-61 
1 -8.59225e-91 1.44844e-60 
1 -5.03042e-94 1.49631e-57 
1 -2.22412e-97 6.93181e-57 
1 -1.0378e-96 7.6715e-56 
1 -3.31386e-93 6.63281e-53 
1 -7.49702e-90 3.07022e-52 
1 -1.27913e-86 1.05111e-51 
1 -1.71059e-83 0 
1 -1.8394e-80 0 
1 -1.61862e-77 0 
1 -1.18007e-74 0 
1 -7.18894e-72 0 
1 -3.68029e-69 0 
1 -1.58859e-66 0 
1 -5.78985e-64 0 
1 -1.78118e-61 0 
1 -4.61666e-59 0 
1 -1.00489e-56 0 
1 -1.82876e-54 0 
1 -2.76791e-52 0 
1 -3.46497e-50 0 
1 -3.57022e-48 0 
1 -3.01923e-46 0 
1 -2.09651e-44 0 
1 -1.20047e-42 0 
1 -5.7092e-41 0 
1 -2.27476e-39 0 
1 -7.66148e-38 -6.96736e-22 
1 -2.19974e-36 -1.90932e-21 
1 -5.42498e-35 -4.68701e-22 
1 -1.15674e-33 -2.10646e-23 
1 -2.14432e-32 -1.94306e-21 
1 -3.47174e-31 -2.667e-19 
1 -4.92741e-30 -8.41355e-19 
1 -6.14855e-29 -1.1013e-18 
1 -6.76035e-28 -2.95663e-19 
1 -6.55971e-27 -1.93593e-20 
1 -5.62261e-26 -2.78524e-21 
1 -4.2591e-25 -7.28381e-22 
1 -2.8511e-24 -3.77859e-23 
1 -6.40328e-77 6.34696e-74 
1 -1.04876e-79 7.05998e-73 
1 -1.43574e-82 1.21921e-69 
1 -1.62879e-85 5.65764e-69 
1 -1.51246e-88 6.28715e-68 
1 -1.12946e-91 9.15439e-65 
1 -6.61196e-95 4.24604e-64 
1 -2.91953e-98 4.71311e-63 
1 -9.1332e-102 5.78101e-60 
1 -1.80212e-105 2.67989e-59 
1 -2.51858e-105 2.97065e-58 
1 -2.69293e-101 3.06136e-55 
1 -1.3637e-97 1.4182e-54 
1 -4.35537e-94 4.85795e-54 
1 -9.85406e-91 0 
1 -1.68143e-87 0 
1 -2.24882e-84 0 
1 -2.41843e-81 0 
1 -2.12843e-78 0 
1 -1.55197e-75 0 
1 -9.45613e-73 0 
1 -4.84188e-70 0 
1 -2.09047e-67 0 
1 -7.62103e-65 0 
1 -2.34526e-62 0 
1 -6.08101e-60 0 
1 -1.32424e-57 0 
1 -2.41129e-55 0 
1 -3.65214e-53 0 
1 -4.57586e-51 0 
1 -4.71998e-49 0 
1 -3.99692e-47 0 
1 -2.77999e-45 0 
1 -1.59497e-43 0 
1 -7.60299e-42 -8.53714e-23 
1 -3.03743e-40 -2.79342e-22 
1 -1.02615e-38 -6.75029e-23 
1 -2.95643e-37 -2.5751e-24 
1 -7.31957e-36 -2.76175e-22 
1 -1.56757e-34 -5.21508e-20 
1 -2.92025e-33 -1.76536e-19 
1 -4.7543e-32 -2.79121e-19 
1 -6.79009e-31 -7.28853e-20 
1 -8.53301e-30 -4.12135e-21 
1 -9.45765e-29 -5.62737e-22 
1 -9.26112e-28 -1.43975e-22 
1 -8.02131e-27 -6.53624e-24 
1 -6.14916e-26 -8.34441e-25 
1 -5.27879e-84 1.09172e-80 
1 -5.98443e-87 2.66265e-77 
1 -5.55359e-90 1.23649e-76 
1 -4.14501e-93 1.37653e-75 
1 -2.42534e-96 2.81873e-72 
1 -1.07045e-99 1.30852e-71 
1 -3.3474e-103 1.45551e-70 
1 -6.60263e-107 2.50994e-67 
1 -6.16839e-111 1.16471e-66 
1 0 1.29429e-65 
1 0 1.88135e-62 
1 0 8.72612e-62 
1 0 9.68588e-61 
1 0 1.18564e-57 
1 0 5.49622e-57 
1 0 1.88354e-56 
1 -9.22405e-107 0 
1 -9.86635e-103 0 
1 -4.99807e-99 0 
1 -1.59691e-95 0 
1 -3.61459e-92 0 
1 -6.17068e-89 0 
1 -8.25746e-86 0 
1 -8.88571e-83 0 
1 -7.82565e-80 0 
1 -5.71068e-77 0 
1 -3.48268e-74 0 
1 -1.78513e-71 0 
1 -7.71669e-69 0 
1 -2.81724e-66 0 
1 -8.6844e-64 0 
1 -2.25636e-61 0 
1 -4.92569e-59 0 
1 -8.9961e-57 0 
1 -1.3676e-54 0 
1 -1.72136e-52 0 
1 -1.78566e-50 -9.16222e-24 
1 -1.52266e-48 -3.5711e-23 
1 -1.06799e-46 -8.51147e-24 
1 -6.18843e-45 -2.76988e-25 
1 -2.98383e-43 -3.44882e-23 
1 -1.20757e-41 -8.85311e-21 
1 -4.13884e-40 -3.21902e-20 
1 -1.21161e-38 -6.13567e-20 
1 -3.05271e-37 -1.56438e-20 
1 -6.6642e-36 -7.66189e-22 
1 -1.26773e-34 -9.98476e-23 
1 -2.11155e-33 -2.50539e-23 
1 -3.09168e-32 -9.96976e-25 
1 -3.99213e-31 -1.22581e-25 
1 -4.55769e-30 -3.00294e-26 
1 -4.60969e-29 -9.93675e-28 
1 -7.86827e-88 1.34018e-84 
1 -7.30099e-91 1.49396e-83 
1 -5.44866e-94 4.35939e-80 
1 -3.18786e-97 2.02502e-79 
1 -1.40689e-100 2.25597e-78 
1 -4.39914e-104 5.49629e-75 
1 -8.67659e-108 2.55237e-74 
1 -8.10549e-112 2.84143e-73 
1 0 5.8112e-70 
1 0 2.69769e-69 
1 0 3.00071e-68 
1 0 5.16703e-65 
1 0 2.3977e-64 
1 0 2.66444e-63 
1 0 3.86633e-60 
1 0 1.79329e-59 
1 0 6.14786e-59 
1 0 0 
1 0 0 
1 -1.21207e-107 0 
1 -1.29655e-103 0 
1 -6.56845e-100 0 
1 -2.0988e-96 0 
1 -4.751e-93 0 
1 -8.11144e-90 0 
1 -1.08556e-86 0 
1 -1.16829e-83 0 
1 -1.02904e-80 0 
1 -7.51041e-78 0 
1 -4.58102e-75 0 
1 -2.34857e-72 0 
1 -1.01546e-69 0 
1 -3.70825e-67 0 
1 -1.14346e-64 0 
1 -2.97203e-62 0 
1 -6.49099e-60 0 
1 -1.18615e-57 0 
1 -1.80445e-55 -8.61606e-25 
1 -2.27318e-53 -3.99234e-24 
1 -2.36061e-51 -9.40087e-25 
1 -2.01561e-49 -2.61956e-26 
1 -1.41603e-47 -3.77995e-24 
1 -8.22102e-46 -1.3085e-21 
1 -3.97285e-44 -5.11841e-21 
1 -1.61202e-42 -1.17245e-20 
1 -5.54148e-41 -2.92834e-21 
1 -1.62766e-39 -1.24595e-22 
1 -4.11642e-38 -1.5575e-23 
1 -9.02426e-37 -3.84118e-24 
1 -1.7248e-35 -1.34157e-25 
1 -2.88809e-34 -1.59442e-26 
1 -4.25382e-33 -3.85137e-27 
1 -5.52946e-32 -1.12568e-28 
1 -6.36036e-31 -1.28492e-29 
1 -1.9996e-95 7.59218e-92 
1 -1.16934e-98 3.26858e-88 
1 -5.15837e-102 1.51904e-87 
1 -1.61232e-105 1.69427e-86 
1 -3.17893e-109 5.96596e-83 
1 -2.96875e-113 2.772e-82 
1 0 3.09007e-81 
1 0 9.00839e-78 
1 0 4.18455e-77 
1 0 4.66178e-76 
1 0 1.13454e-72 
1 0 5.2686e-72 
1 0 5.86524e-71 
1 0 1.19805e-67 
1 0 5.5616e-67 
1 0 6.18627e-66 
1 0 1.06369e-62 
1 0 4.9359e-62 
1 0 1.69269e-61 
1 0 0 
1 0 0 
1 0 0 
1 0 0 
1 0 0 
1 0 0 
1 -4.4394e-109 0 
1 -4.7503e-105 0 
1 -2.4074e-101 0 
1 -7.6953e-98 0 
1 -1.74272e-94 0 
1 -2.97682e-91 0 
1 -3.98608e-88 0 
1 -4.29247e-85 0 
1 -3.78349e-82 0 
1 -2.76355e-79 0 
1 -1.68718e-76 0 
1 -8.65877e-74 0 
1 -3.74838e-71 0 
1 -1.37079e-68 0 
1 -4.23409e-66 -7.09713e-26 
1 -1.10274e-63 -3.90404e-25 
1 -2.41431e-61 -9.09518e-26 
1 -4.42505e-59 -2.17547e-27 
1 -6.7564e-57 -3.63359e-25 
1 -8.55007e-55 -1.68748e-22 
1 -8.92873e-53 -7.11634e-22 
1 -7.67619e-51 -1.95231e-21 
1 -5.43744e-49 -4.7897e-22 
1 -3.18761e-47 -1.77496e-23 
1 -1.55774e-45 -2.13782e-24 
1 -6.40094e-44 -5.19192e-25 
1 -2.23152e-42 -1.59289e-26 
1 -6.6568e-41 -1.83585e-27 
1 -1.71234e-39 -4.37861e-28 
1 -3.82402e-38 -1.12996e-29 
1 -7.45752e-37 -1.25665e-30 
1 -1.27634e-35 -2.95355e-31 
1 -1.9251e-34 -6.47858e-33 
1 -1.53698e-99 5.074e-96 
1 -6.7796e-103 5.66446e-95 
1 -2.11891e-106 3.03215e-91 
1 -4.17747e-110 1.40944e-90 
1 -3.90105e-114 1.57278e-89 
1 0 6.76621e-86 
1 0 3.14453e-85 
1 0 3.50725e-84 
1 0 1.23398e-80 
1 0 5.73352e-80 
1 0 6.39138e-79 
1 0 1.86151e-75 
1 0 8.64704e-75 
1 0 9.63316e-74 
1 0 2.34191e-70 
1 0 1.08753e-69 
1 0 1.21069e-68 
1 0 2.46989e-65 
1 0 1.14657e-64 
1 0 3.93306e-64 
1 0 0 
1 0 0 
1 0 0 
1 0 0 
1 0 0 
1 0 0 
1 0 0 
1 0 0 
1 -5.83353e-110 0 
1 -6.24243e-106 0 
1 -3.16379e-102 0 
1 -1.01139e-98 0 
1 -2.29062e-95 0 
1 -3.91306e-92 0 
1 -5.24027e-89 0 
1 -5.6437e-86 0 
1 -4.97514e-83 0 
1 -3.63449e-80 0 
1 -2.21926e-77 0 
1 -1.13917e-74 0 
1 -4.93256e-72 -5.11465e-27 
1 -1.80433e-69 -3.33789e-26 
1 -5.57494e-67 -7.70292e-27 
1 -1.4525e-64 -1.58351e-28 
1 -3.1815e-62 -3.06045e-26 
1 -5.83445e-60 -1.90149e-23 
1 -8.91447e-58 -8.66819e-23 
1 -1.12907e-55 -2.83894e-22 
1 -1.18032e-53 -6.85726e-23 
1 -1.01607e-51 -2.21755e-24 
1 -7.20878e-50 -2.58344e-25 
1 -4.23404e-48 -6.18852e-26 
1 -2.07369e-46 -1.66829e-27 
1 -8.54274e-45 -1.87e-28 
1 -2.9868e-43 -4.40916e-29 
1 -8.93883e-42 -1.00369e-30 
1 -2.30772e-40 -1.08998e-31 
1 -5.1746e-39 -2.53684e-32 
1 -1.01372e-37 -4.91727e-34 
1 -1.74375e-36 -5.20004e-35 
1 -7.76598e-108 7.04492e-104 
1 -1.53054e-111 6.38044e-100 
1 -1.42882e-115 2.96682e-99 
1 0 3.31333e-98 
1 0 2.26235e-94 
1 0 1.0518e-93 
1 0 1.17419e-92 
1 0 6.28134e-89 
1 0 2.91977e-88 
1 0 3.25814e-87 
1 0 1.40065e-83 
1 0 6.5094e-83 
1 0 7.26025e-82 
1 0 2.55232e-78 
1 0 1.1859e-77 
1 0 1.32196e-76 
1 0 3.84665e-73 
1 0 1.78683e-72 
1 0 1.9906e-71 
1 0 4.8341e-68 
1 0 2.24485e-67 
1 0 7.70223e-67 
1 0 0 
1 0 0 
1 0 0 
1 0 0 
1 0 0 
1 0 0 
1 0 0 
1 0 0 
1 0 0 
1 0 0 
1 0 0 
1 0 0 
1 -2.13661e-111 0 
1 -2.2871e-107 0 
1 -1.15956e-103 0 
1 -3.70826e-100 0 
1 -8.40227e-97 0 
1 -1.43605e-93 0 
1 -1.92417e-90 0 
1 -2.07358e-87 0 
1 -1.82921e-84 -3.21826e-28 
1 -1.33735e-81 -2.49222e-27 
1 -8.17342e-79 -5.70306e-28 
1 -4.19988e-76 -1.00763e-29 
1 -1.82075e-73 -2.25491e-27 
1 -6.66979e-71 -1.87315e-24 
1 -2.06428e-68 -9.26039e-24 
1 -5.38915e-66 -3.61094e-23 
1 -1.1833e-63 -8.6038e-24 
1 -2.17645e-61 -2.43094e-25 
1 -3.33752e-59 -2.74862e-26 
1 -4.24614e-57 -6.5036e-27 
1 -4.46347e-55 -1.53995e-28 
1 -3.86835e-53 -1.68311e-29 
1 -2.76685e-51 -3.92746e-30 
1 -1.64065e-49 -7.87412e-32 
1 -8.1237e-48 -8.3672e-33 
1 -3.38812e-46 -1.93004e-33 
1 -1.20092e-44 -3.29762e-35 
1 -3.64864e-43 -3.42161e-36 
1 -9.57594e-42 -7.81587e-37 
1 -2.186e-40 -1.14224e-38 
1 -2.0113e-112 1.96991e-108 
1 -1.87752e-116 2.20141e-107 
1 0 2.8139e-103 
1 0 1.30861e-102 
1 0 1.46194e-101 
1 0 1.32337e-97 
1 0 6.15351e-97 
1 0 6.8722e-96 
1 0 4.68967e-92 
1 0 2.18029e-91 
1 0 2.434e-90 
1 0 1.30123e-86 
1 0 6.04852e-86 
1 0 6.74947e-85 
1 0 2.89945e-81 
1 0 1.34749e-80 
1 0 1.50292e-79 
1 0 5.2791e-76 
1 0 2.45285e-75 
1 0 2.73428e-74 
1 0 7.94872e-71 
1 0 3.6923e-70 
1 0 1.26711e-69 
1 0 0 
1 0 0 
1 0 0 
1 0 0 
1 0 0 
1 0 0 
1 0 0 
1 0 0 
1 0 0 
1 0 0 
1 0 0 
1 0 0 
1 0 0 
1 0 0 
1 -2.80759e-112 0 
1 -3.00551e-108 0 
1 -1.52389e-104 0 
1 -4.87374e-101 0 
1 -1.10439e-97 0 
1 -1.88771e-94 0 
1 -2.5296e-91 -1.76282e-29 
1 -2.72633e-88 -1.6217e-28 
1 -2.40534e-85 -3.68316e-29 
1 -1.75881e-82 -5.58623e-31 
1 -1.07511e-79 -1.44989e-28 
1 -5.52545e-77 -1.61265e-25 
1 -2.39595e-74 -8.67909e-25 
1 -8.7792e-72 -4.02107e-24 
1 -2.71799e-69 -9.46673e-25 
1 -7.09841e-67 -2.33788e-26 
1 -1.55931e-64 -2.57315e-27 
1 -2.86963e-62 -6.02138e-28 
1 -4.40348e-60 -1.25102e-29 
1 -5.60703e-58 -1.3363e-30 
1 -5.90017e-56 -3.08892e-31 
1 -5.12009e-54 -5.44247e-33 
1 -3.66788e-52 -5.66936e-34 
1 -2.17896e-50 -1.2971e-34 
1 -1.08126e-48 -1.94728e-36 
1 -4.52075e-47 -1.98552e-37 
1 -1.60689e-45 -4.50306e-38 
1 -4.89744e-44 -5.77291e-40 
1 -1.28988e-42 -5.77859e-41 
1 0 1.94998e-117 
1 0 8.34543e-113 
1 0 3.88198e-112 
1 0 4.33938e-111 
1 0 8.79319e-107 
1 0 4.0898e-106 
1 0 4.57042e-105 
1 0 5.83934e-101 
1 0 2.71559e-100 
1 0 3.03379e-99 
1 0 2.74482e-95 
1 0 1.2763e-94 
1 0 1.42537e-93 
1 0 9.72128e-90 
1 0 4.51955e-89 
1 0 5.04547e-88 
1 0 2.69559e-84 
1 0 1.253e-83 
1 0 1.3982e-82 
1 0 6.00203e-79 
1 0 2.78938e-78 
1 0 3.11112e-77 
1 0 1.0919e-73 
1 0 5.07335e-73 
1 0 1.74135e-72 
1 0 0 
1 0 0 
1 0 0 
1 0 0 
1 0 0 
1 0 0 
1 0 0 
1 0 0 
1 0 0 
1 0 0 
1 0 0 
1 0 0 
1 0 0 
1 0 0 
1 0 0 
1 0 0 
1 0 0 
1 0 0 
1 -1.02832e-113 0 
1 -1.10116e-109 0 
1 -5.58518e-106 -8.37221e-31 
1 -1.78696e-102 -9.16937e-30 
1 -4.05103e-99 -2.06849e-30 
1 -6.9277e-96 -2.68647e-32 
1 -9.28843e-93 -8.10953e-30 
1 -1.00169e-89 -1.21195e-26 
1 -8.84368e-87 -7.13211e-26 
1 -6.47173e-84 -3.92103e-25 
1 -3.95953e-81 -9.13379e-26 
1 -2.03711e-78 -1.97075e-27 
1 -8.84404e-76 -2.11699e-28 
1 -3.24523e-73 -4.90469e-29 
1 -1.00639e-70 -8.92547e-31 
1 -2.63362e-68 -9.33679e-32 
1 -5.79929e-66 -2.13982e-32 
1 -1.0704e-63 -3.30378e-34 
1 -1.64848e-61 -3.37942e-35 
1 -2.10837e-59 -7.67427e-36 
1 -2.23074e-57 -1.00836e-37 
1 -1.94872e-55 -1.0118e-38 
1 -1.40717e-53 -2.27968e-39 
1 -8.438e-52 -2.55116e-41 
1 -4.23222e-50 -2.51759e-42 
1 -1.79093e-48 -5.63385e-43 
1 -6.4514e-47 -5.36392e-45 
1 0 0 
1 0 0 
1 0 7.78928e-117 
1 0 3.62365e-116 
1 0 4.05161e-115 
1 0 1.73334e-110 
1 0 8.06286e-110 
1 0 9.01287e-109 
1 0 1.82558e-104 
1 0 8.49098e-104 
1 0 9.48881e-103 
1 0 1.21176e-98 
1 0 5.63533e-98 
1 0 6.29565e-97 
1 0 5.69304e-93 
1 0 2.64719e-92 
1 0 2.95636e-91 
1 0 2.01513e-87 
1 0 9.36863e-87 
1 0 1.04588e-85 
1 0 5.5841e-82 
1 0 2.59566e-81 
1 0 2.89646e-80 
1 0 1.24245e-76 
1 0 5.77417e-76 
1 0 1.9822e-75 
1 0 0 
1 0 0 
1 0 0 
1 0 0 
1 0 0 
1 0 0 
1 0 0 
1 0 0 
1 0 0 
1 0 0 
1 0 0 
1 0 0 
1 0 0 
1 0 0 
1 0 0 
1 0 0 
1 0 0 
1 0 0 
1 0 0 
1 0 0 
1 -1.35125e-114 -3.43023e-32 
1 -1.44705e-110 -4.48712e-31 
1 -7.34002e-107 -1.00609e-31 
1 -2.34859e-103 -1.11471e-33 
1 -5.32465e-100 -3.92925e-31 
1 -9.10654e-97 -7.9343e-28 
1 -1.2211e-93 -5.13161e-27 
1 -1.31701e-90 -3.34608e-26 
1 -1.16291e-87 -7.72139e-27 
1 -8.51128e-85 -1.45378e-28 
1 -5.20824e-82 -1.52768e-29 
1 -2.68006e-79 -3.50757e-30 
1 -1.1638e-76 -5.57664e-32 
1 -4.27155e-74 -5.7237e-33 
1 -1.32509e-71 -1.30157e-33 
1 -3.46889e-69 -1.7545e-35 
1 -7.64201e-67 -1.76502e-36 
1 -1.4113e-64 -3.98088e-37 
1 -2.17494e-62 -4.55638e-39 
1 -2.78404e-60 -4.5052e-40 
1 -2.94865e-58 -1.00897e-40 
1 -2.57914e-56 -9.79957e-43 
1 -1.86526e-54 -9.54523e-44 
1 -1.12053e-52 -2.12464e-44 
1 -5.6321e-51 -1.74696e-46 
1 -2.38909e-49 -1.6795e-47 
1 0 0 
1 0 0 
1 0 0 
1 0 0 
1 0 0 
1 0 0 
1 0 0 
1 0 1.61844e-114 
1 0 7.52912e-114 
1 0 8.41833e-113 
1 0 3.60015e-108 
1 0 1.67465e-107 
1 0 1.87197e-106 
1 0 3.79016e-102 
1 0 1.76284e-101 
1 0 1.97e-100 
1 0 2.51462e-96 
1 0 1.16943e-95 
1 0 1.30646e-94 
1 0 1.1808e-90 
1 0 5.49054e-90 
1 0 6.13179e-89 
1 0 4.17719e-85 
1 0 1.94203e-84 
1 0 2.16801e-83 
1 0 1.15678e-79 
1 0 5.37708e-79 
1 0 1.84613e-78 
1 0 0 
1 0 0 
1 0 0 
1 0 0 
1 0 0 
1 0 0 
1 0 0 
1 0 0 
1 0 0 
1 0 0 
1 0 0 
1 0 0 
1 0 0 
1 0 0 
1 0 0 
1 0 0 
1 0 0 
1 0 0 
1 0 0 
1 0 0 
1 0 -1.20496e-33 
1 0 -1.89083e-32 
1 0 -4.21627e-33 
1 0 -3.96518e-35 
1 -4.94914e-116 -1.64068e-32 
1 -5.30169e-112 -4.51138e-29 
1 -2.69018e-108 -3.22552e-28 
1 -8.61114e-105 -2.49539e-27 
1 -1.95314e-101 -5.7102e-28 
1 -3.342e-98 -9.36181e-30 
1 -4.48373e-95 -9.64358e-31 
1 -4.83889e-92 -2.19618e-31 
1 -4.27564e-89 -3.04028e-33 
1 -3.1318e-86 -3.06683e-34 
1 -1.91814e-83 -6.92466e-35 
1 -9.88068e-81 -8.11264e-37 
1 -4.29582e-78 -8.03796e-38 
1 -1.57895e-75 -1.80165e-38 
1 -4.90631e-73 -1.78617e-40 
1 -1.28697e-70 -1.7425e-41 
1 -2.84205e-68 -3.881e-42 
1 -5.26396e-66 -3.24957e-44 
1 -8.14133e-64 -3.12772e-45 
1 -1.04672e-61 -6.92803e-46 
1 -1.1146e-59 -4.8819e-48 
1 -9.81333e-58 -4.64414e-49 
1 -7.15296e-56 -1.02379e-49 
1 -4.3366e-54 -6.04292e-52 
1 0 0 
1 0 0 
1 0 0 
1 0 0 
1 0 0 
1 0 0 
1 0 0 
1 0 0 
1 0 0 
1 0 0 
1 0 0 
1 0 3.36274e-112 
1 0 1.56438e-111 
1 0 1.74914e-110 
1 0 7.47749e-106 
1 0 3.47825e-105 
1 0 3.88807e-104 
1 0 7.86887e-100 
1 0 3.65989e-99 
1 0 4.08999e-98 
1 0 5.21827e-94 
1 0 2.42677e-93 
1 0 2.71112e-92 
1 0 2.44909e-88 
1 0 1.13879e-87 
1 0 1.27179e-86 
1 0 8.65891e-83 
1 0 4.02564e-82 
1 0 1.3823e-81 
1 0 0 
1 0 0 
1 0 0 
1 0 0 
1 0 0 
1 0 0 
1 0 0 
1 0 0 
1 0 0 
1 0 0 
1 0 0 
1 0 0 
1 0 0 
1 0 0 
1 0 0 
1 0 0 
1 0 0 
1 0 0 
1 0 0 
1 0 0 
1 0 -3.60277e-35 
1 0 -6.81867e-34 
1 0 -1.51289e-34 
1 0 -1.20011e-36 
1 0 -5.86704e-34 
1 0 -2.21896e-30 
1 -6.50336e-117 -1.76557e-29 
1 -6.96709e-113 -1.62268e-28 
1 -3.53552e-109 -3.68537e-29 
1 -1.1318e-105 -5.24548e-31 
1 -2.56734e-102 -5.30659e-32 
1 -4.39342e-99 -1.19958e-32 
1 -5.89506e-96 -1.43977e-34 
1 -6.36287e-93 -1.4296e-35 
1 -5.62309e-90 -3.20713e-36 
1 -4.11949e-87 -3.24773e-38 
1 -2.52359e-84 -3.17345e-39 
1 -1.30024e-81 -7.07274e-40 
1 -5.65458e-79 -6.03369e-42 
1 -2.07903e-76 -5.81444e-43 
1 -6.46262e-74 -1.28855e-43 
1 -1.69597e-71 -9.23046e-46 
1 -3.74726e-69 -8.78874e-47 
1 -6.94513e-67 -1.93815e-47 
1 -1.07501e-64 -1.16061e-49 
1 -1.3835e-62 -1.09364e-50 
1 -1.47504e-60 -2.40157e-51 
1 -1.30063e-58 -1.19598e-53 
1 -9.49752e-57 -1.11698e-54 
1 0 0 
1 0 0 
1 0 0 
1 0 0 
1 0 0 
1 0 0 
1 0 0 
1 0 0 
1 0 0 
1 0 0 
1 0 0 
1 0 0 
1 0 0 
1 0 0 
1 0 0 
1 0 6.98701e-110 
1 0 3.25043e-109 
1 0 3.63431e-108 
1 0 1.55307e-103 
1 0 7.22431e-103 
1 0 8.07551e-102 
1 0 1.63368e-97 
1 0 7.59841e-97 
1 0 8.49135e-96 
1 0 1.08288e-91 
1 0 5.03596e-91 
1 0 5.62603e-90 
1 0 5.07966e-86 
1 0 2.36197e-85 
1 0 8.11128e-85 
1 0 0 
1 0 0 
1 0 0 
1 0 0 
1 0 0 
1 0 0 
1 0 0 
1 0 0 
1 0 0 
1 0 0 
1 0 0 
1 0 0 
1 0 0 
1 0 0 
1 0 0 
1 0 0 
1 0 0 
1 0 0 
1 0 0 
1 0 0 
1 0 -9.09391e-37 
1 0 -2.0889e-35 
1 0 -4.61383e-36 
1 0 -3.06455e-38 
1 0 -1.78359e-35 
1 0 -9.39345e-32 
1 0 -8.38149e-31 
1 0 -9.17176e-30 
1 -2.58444e-131 -2.06903e-30 
1 -6.22816e-127 -2.54643e-32 
1 -4.45418e-123 -2.53421e-33 
1 -4.36939e-119 -5.69045e-34 
1 -1.17914e-115 -5.89018e-36 
1 -1.45902e-112 -5.76524e-37 
1 -2.11401e-109 -1.2858e-37 
1 -4.42414e-107 -1.11819e-39 
1 6.09207e-105 -1.07892e-40 
1 8.20194e-102 -2.39224e-41 
1 7.18505e-99 -1.74283e-43 
1 5.28844e-96 -1.66096e-44 
1 2.87091e-93 -3.66423e-45 
1 1.11741e-90 -2.22682e-47 
1 3.47483e-88 -2.09975e-48 
1 1.22514e-85 -4.61216e-49 
1 1.47198e-83 -2.32638e-51 
1 -8.26997e-82 -2.17375e-52 
1 -6.48118e-79 -4.757e-53 
1 -9.94276e-77 -1.98178e-55 
1 1.91079e-75 -1.83757e-56 
1 4.23983e-73 -4.00876e-57 
1 0 0 
1 0 0 
1 0 0 
1 0 0 
1 0 0 
1 0 0 
1 0 0 
1 0 0 
1 0 0 
1 0 0 
1 0 0 
1 0 0 
1 0 0 
1 0 0 
1 0 0 
1 0 0 
1 0 0 
1 0 0 
1 0 1.45174e-107 
1 0 6.75365e-107 
1 0 7.55127e-106 
1 0 3.22572e-101 
1 0 1.50049e-100 
1 0 1.67728e-99 
1 0 3.39174e-95 
1 0 1.57753e-94 
1 0 1.76292e-93 
1 0 2.24716e-89 
1 0 1.04505e-88 
1 0 3.58915e-88 
1 0 0 
1 0 0 
1 0 0 
1 0 0 
1 0 0 
1 0 0 
1 0 0 
1 0 0 
1 0 0 
1 0 0 
1 0 0 
1 0 0 
1 0 0 
1 0 0 
1 0 0 
1 0 0 
1 0 0 
1 0 0 
1 0 0 
1 0 0 
1 0 -1.92098e-38 
1 0 -5.3913e-37 
1 0 -1.18595e-37 
1 0 -6.54343e-40 
1 0 -4.57136e-37 
1 0 -3.40131e-33 
1 0 -3.43296e-32 
1 0 -4.48758e-31 
1 0 -1.00619e-31 
1 0 -1.0654e-33 
1 0 -1.04466e-34 
1 0 -2.33154e-35 
1 0 -2.0682e-37 
1 0 -1.99818e-38 
1 0 -4.43283e-39 
1 0 -3.28593e-41 
1 0 -3.13458e-42 
1 0 -6.91788e-43 
1 0 -4.26811e-45 
1 0 -4.02733e-46 
1 0 -8.84864e-47 
1 0 -4.5219e-49 
1 0 -4.22728e-50 
1 0 -9.25276e-51 
1 0 -3.89783e-53 
1 0 -3.61542e-54 
1 0 -7.88824e-55 
1 0 -2.72958e-57 
1 0 -2.51542e-58 
1 0 -5.4737e-59 
1 0 0 
1 0 0 
1 0 0 
1 0 0 
1 0 0 
1 0 0 
1 0 0 
1 0 0 
1 0 0 
1 0 0 
1 0 0 
1 0 0 
1 0 0 
1 0 0 
1 0 0 
1 0 0 
1 0 0 
1 0 0 
1 0 0 
1 0 0 
1 0 0 
1 0 3.01639e-105 
1 0 1.40325e-104 
1 0 1.56898e-103 
1 0 6.69981e-99 
1 0 3.1165e-98 
1 0 3.4837e-97 
1 0 7.04169e-93 
1 0 3.27516e-92 
1 0 1.12493e-91 
1 0 0 
1 0 0 
1 0 0 
1 0 0 
1 0 0 
1 0 0 
1 0 0 
1 0 0 
1 0 0 
1 0 0 
1 0 0 
1 0 0 
1 0 0 
1 0 0 
1 0 0 
1 0 0 
1 0 0 
1 0 0 
1 0 0 
1 0 0 
1 0 -3.36714e-40 
1 0 -1.1619e-38 
1 0 -2.54659e-39 
1 0 -1.15811e-41 
1 0 -9.79083e-39 
1 0 -1.04577e-34 
1 0 -1.20566e-33 
1 0 -1.8909e-32 
1 0 -4.21644e-33 
1 0 -3.81742e-35 
1 0 -3.69325e-36 
1 0 -8.19781e-37 
1 0 -6.18598e-39 
1 0 -5.90696e-40 
1 0 -1.30417e-40 
1 0 -8.17178e-43 
1 0 -7.71631e-44 
1 0 -1.69588e-44 
1 0 -8.78277e-47 
1 0 -8.21468e-48 
1 0 -1.79841e-48 
1 0 -7.6624e-51 
1 0 -7.10971e-52 
1 0 -1.55144e-52 
1 0 -5.41955e-55 
1 0 -4.9955e-56 
1 0 -1.08715e-56 
1 0 -3.11052e-59 
1 0 -2.85174e-60 
1 0 -6.19252e-61 
1 0 0 
1 0 0 
1 0 0 
1 0 0 
1 0 0 
1 0 0 
1 0 0 
1 0 0 
1 0 0 
1 0 0 
1 0 0 
1 0 0 
1 0 0 
1 0 0 
1 0 0 
1 0 0 
1 0 0 
1 0 0 
1 0 0 
1 0 0 
1 0 0 
1 0 0 
1 0 0 
1 0 0 
1 0 6.26737e-103 
1 0 2.91564e-102 
1 0 3.25999e-101 
1 0 1.39155e-96 
1 0 6.47295e-96 
1 0 2.22346e-95 
1 0 0 
1 0 0 
1 0 0 
1 0 0 
1 0 0 
1 0 0 
1 0 0 
1 0 0 
1 0 0 
1 0 0 
1 0 0 
1 0 0 
1 0 0 
1 0 0 
1 0 0 
1 0 0 
1 0 0 
1 0 0 
1 0 0 
1 0 0 
1 0 -4.86309e-42 
1 0 -2.07288e-40 
1 0 -4.52872e-41 
1 0 -1.68684e-43 
1 0 -1.73727e-40 
1 0 -2.70764e-36 
1 0 -3.60425e-35 
1 0 -6.81876e-34 
1 0 -1.51291e-34 
1 0 -1.16273e-36 
1 0 -1.11144e-37 
1 0 -2.45493e-38 
1 0 -1.56284e-40 
1 0 -1.47682e-41 
1 0 -3.24672e-42 
1 0 -1.70452e-44 
1 0 -1.5951e-45 
1 0 -3.49284e-46 
1 0 -1.50548e-48 
1 0 -1.39738e-49 
1 0 -3.04973e-50 
1 0 -1.07566e-52 
1 0 -9.9173e-54 
1 0 -2.15847e-54 
1 0 -6.22468e-57 
1 0 -5.70774e-58 
1 0 -1.2395e-58 
1 0 -2.92903e-61 
1 0 -2.67401e-62 
1 0 -5.79653e-63 
1 0 0 
1 0 0 
1 0 0 
1 0 0 
1 0 0 
1 0 0 
1 0 0 
1 0 0 
1 0 0 
1 0 0 
1 0 0 
1 0 0 
1 0 0 
1 0 0 
1 0 0 
1 0 0 
1 0 0 
1 0 0 
1 0 0 
1 0 0 
1 0 0 
1 0 0 
1 0 0 
1 0 0 
1 0 0 
1 0 0 
1 0 0 
1 0 1.30222e-100 
1 0 6.05804e-100 
1 0 2.08108e-99 
1 0 0 
1 0 0 
1 0 0 
1 0 0 
1 0 0 
1 0 0 
1 0 0 
1 0 0 
1 0 0 
1 0 0 
1 0 0 
1 0 0 
1 0 0 
1 0 0 
1 0 0 
1 0 0 
1 0 0 
1 0 0 
1 0 0 
1 0 0 
1 0 -5.7635e-44 
1 0 -3.03954e-42 
1 0 -6.62236e-43 
1 0 -2.01351e-45 
1 0 -2.53567e-42 
1 0 -5.85139e-38 
1 0 -9.09655e-37 
1 0 -2.08891e-35 
1 0 -4.61386e-36 
1 0 -2.98543e-38 
1 0 -2.8233e-39 
1 0 -6.20882e-40 
1 0 -3.3054e-42 
1 0 -3.09487e-43 
1 0 -6.7784e-44 
1 0 -2.95628e-46 
1 0 -2.74502e-47 
1 0 -5.99177e-48 
1 0 -2.13415e-50 
1 0 -1.96812e-51 
1 0 -4.28397e-52 
1 0 -1.24536e-54 
1 0 -1.14212e-55 
1 0 -2.48042e-56 
1 0 -5.89945e-59 
1 0 -5.38638e-60 
1 0 -1.16767e-60 
1 0 -2.28325e-63 
1 0 -2.07727e-64 
1 0 -4.49661e-65 
1 0 0 
1 0 0 
1 0 0 
1 0 0 
1 0 0 
1 0 0 
1 0 0 
1 0 0 
1 0 0 
1 0 0 
1 0 0 
1 0 0 
1 0 0 
1 0 0 
1 0 0 
1 0 0 
1 0 0 
1 0 0 
1 0 0 
1 0 0 
1 0 0 
1 0 0 
1 0 0 
1 0 0 
1 0 0 
1 0 0 
1 0 0 
1 0 0 
1 0 0 
1 0 0 
1 0 0 
1 0 0 
1 0 0 
1 0 0 
1 0 0 
1 0 0 
1 0 0 
1 0 0 
1 0 0 
1 0 0 
1 0 0 
1 0 0 
1 0 0 
1 0 0 
1 0 0 
1 0 0 
1 0 0 
1 0 0 
1 0 0 
1 0 0 
1 0 -5.60331e-46 
1 0 -3.64823e-44 
1 0 -7.9302e-45 
1 0 -1.96917e-47 
1 0 -3.0318e-44 
1 0 -1.04637e-39 
1 0 -1.92136e-38 
1 0 -5.39132e-37 
1 0 -1.18596e-37 
1 0 -6.40448e-40 
1 0 -5.99987e-41 
1 0 -1.31439e-41 
1 0 -5.80192e-44 
1 0 -5.38933e-45 
1 0 -1.17655e-45 
1 0 -4.23267e-48 
1 0 -3.90434e-49 
1 0 -8.49938e-50 
1 0 -2.49096e-52 
1 0 -2.28484e-53 
1 0 -4.96246e-54 
1 0 -1.18803e-56 
1 0 -1.08483e-57 
1 0 -2.35181e-58 
1 0 -4.62297e-61 
1 0 -4.20623e-62 
1 0 -9.10535e-63 
1 0 -1.47896e-65 
1 0 -1.34177e-66 
1 0 -2.90114e-67 
1 0 0 
1 0 0 
1 0 0 
1 0 0 
1 0 0 
1 0 0 
1 0 0 
1 0 0 
1 0 0 
1 0 0 
1 0 0 
1 0 0 
1 0 0 
1 0 0 
1 0 0 
1 0 0 
1 0 0 
1 0 0 
1 0 0 
1 0 0 
1 0 0 
1 0 0 
1 0 0 
1 0 0 
1 0 0 
1 0 0 
1 0 0 
1 0 0 
1 0 0 
1 0 0 
1 0 0 
1 0 0 
1 0 0 
1 0 0 
1 0 0 
1 0 0 
1 0 0 
1 0 0 
1 0 0 
1 0 0 
1 0 0 
1 0 0 
1 0 0 
1 0 0 
1 0 0 
1 0 0 
1 0 0 
1 0 0 
1 0 0 
1 0 0 
1 0 -4.48209e-48 
1 0 -3.58386e-46 
1 0 -7.77547e-47 
1 0 -1.58278e-49 
1 0 -2.96899e-46 
1 0 -1.53732e-41 
1 0 -3.3676e-40 
1 0 -1.1619e-38 
1 0 -2.5466e-39 
1 0 -1.13801e-41 
1 0 -1.05749e-42 
1 0 -2.30898e-43 
1 0 -8.39141e-46 
1 0 -7.74248e-47 
1 0 -1.68564e-47 
1 0 -4.98114e-50 
1 0 -4.56973e-51 
1 0 -9.92569e-52 
1 0 -2.39206e-54 
1 0 -2.18451e-55 
1 0 -4.73603e-56 
1 0 -9.35924e-59 
1 0 -8.51618e-60 
1 0 -1.84358e-60 
1 0 -3.0073e-63 
1 0 -2.72847e-64 
1 0 -5.89956e-65 
1 0 -7.99684e-68 
1 0 -7.23839e-69 
1 0 -1.5636e-69 
1 0 0 
1 0 0 
1 0 0 
1 0 0 
1 0 0 
1 0 0 
1 0 0 
1 0 0 
1 0 0 
1 0 0 
1 0 0 
1 0 0 
1 0 0 
1 0 0 
1 0 0 
1 0 0 
1 0 0 
1 0 0 
1 0 0 
1 0 0 
1 0 0 
1 0 0 
1 0 0 
1 0 0 
1 0 0 
1 0 0 
1 0 0 
1 0 0 
1 0 0 
1 0 0 
1 0 0 
1 0 0 
1 0 0 
1 0 0 
1 0 0 
1 0 0 
1 0 0 
1 0 0 
1 0 0 
1 0 0 
1 0 0 
1 0 0 
1 0 0 
1 0 0 
1 0 0 
1 0 0 
1 0 0 
1 0 0 
1 0 0 
1 0 0 
1 0 -2.96444e-50 
1 0 -2.891e-48 
1 0 -6.26254e-49 
1 0 -1.05098e-51 
1 0 -2.38895e-48 
1 0 -1.84813e-43 
1 0 -4.86355e-42 
1 0 -2.07288e-40 
1 0 -4.52872e-41 
1 0 -1.66297e-43 
1 0 -1.53477e-44 
1 0 -3.34175e-45 
1 0 -9.95813e-48 
1 0 -9.13721e-49 
1 0 -1.98479e-49 
1 0 -4.81551e-52 
1 0 -4.39818e-53 
1 0 -9.53573e-54 
1 0 -1.89457e-56 
1 0 -1.72404e-57 
1 0 -3.73231e-58 
1 0 -6.11456e-61 
1 0 -5.5479e-62 
1 0 -1.1996e-62 
1 0 -1.63174e-65 
1 0 -1.47703e-66 
1 0 -3.19065e-67 
1 0 -3.62565e-70 
1 0 -3.27558e-71 
1 0 -7.07027e-72 
1 0 0 
1 0 0 
1 0 0 
1 0 0 
1 0 0 
1 0 0 
1 0 0 
1 0 0 
1 0 0 
1 0 0 
1 0 0 
1 0 0 
1 0 0 
1 0 0 
1 0 0 
1 0 0 
1 0 0 
1 0 0 
1 0 0 
1 0 0 
1 0 0 
1 0 0 
1 0 0 
1 0 0 
1 0 0 
1 0 0 
1 0 0 
1 0 0 
1 0 0 
1 0 0 
1 0 0 
1 0 0 
1 0 0 
1 0 0 
1 0 0 
1 0 0 
1 0 0 
1 0 0 
1 0 0 
1 0 0 
1 0 0 
1 0 0 
1 0 0 
1 0 0 
1 0 0 
1 0 0 
1 0 0 
1 0 0 
1 0 0 
1 0 0 
1 0 -1.63029e-52 
1 0 -1.92521e-50 
1 0 -4.16517e-51 
1 0 -5.79852e-54 
1 0 -1.58764e-50 
1 0 -1.81784e-45 
1 0 -5.76387e-44 
1 0 -3.03954e-42 
1 0 -6.62236e-43 
1 0 -1.99027e-45 
1 0 -1.82652e-46 
1 0 -3.96786e-47 
1 0 -9.69257e-50 
1 0 -8.85357e-51 
1 0 -1.91964e-51 
1 0 -3.83471e-54 
1 0 -3.48981e-55 
1 0 -7.55519e-56 
1 0 -1.24314e-58 
1 0 -1.12799e-59 
1 0 -2.43907e-60 
1 0 -3.32937e-63 
1 0 -3.01381e-64 
1 0 -6.51045e-65 
1 0 -7.41929e-68 
1 0 -6.70309e-69 
1 0 -1.44686e-69 
1 0 -1.3836e-72 
1 0 -1.24805e-73 
1 0 -2.69216e-74 
1 0 0 
1 0 0 
1 0 0 
1 0 0 
1 0 0 
1 0 0 
1 0 0 
1 0 0 
1 0 0 
1 0 0 
1 0 0 
1 0 0 
1 0 0 
1 0 0 
1 0 0 
1 0 0 
1 0 0 
1 0 0 
1 0 0 
1 0 0 
1 0 0 
1 0 0 
1 0 0 
1 0 0 
1 0 0 
1 0 0 
1 0 0 
1 0 0 
1 0 0 
1 0 0 
1 0 0 
1 0 0 
1 0 0 
1 0 0 
1 0 0 
1 0 0 
1 0 0 
1 0 0 
1 0 0 
1 0 0 
1 0 0 
1 0 0 
1 0 0 
1 0 0 
1 0 0 
1 0 0 
1 0 0 
1 0 0 
1 0 0 
1 0 0 
1 0 -7.49486e-55 
1 0 -1.06468e-52 
1 0 -2.30105e-53 
1 0 -2.67282e-56 
1 0 -8.76542e-53 
1 0 -1.46791e-47 
1 0 -5.60356e-46 
1 0 -3.64824e-44 
1 0 -7.9302e-45 
1 0 -1.95056e-47 
1 0 -1.78192e-48 
1 0 -3.86377e-49 
1 0 -7.76077e-52 
1 0 -7.06329e-53 
1 0 -1.5292e-53 
1 0 -2.52721e-56 
1 0 -2.29324e-57 
1 0 -4.9588e-58 
1 0 -6.79281e-61 
1 0 -6.14919e-62 
1 0 -1.32837e-62 
1 0 -1.51818e-65 
1 0 -1.37166e-66 
1 0 -2.96076e-67 
1 0 -2.83804e-70 
1 0 -2.56004e-71 
1 0 -5.52228e-72 
1 0 -4.45651e-75 
1 0 -4.01462e-76 
1 0 -8.65523e-77 
1 0 0 
1 0 0 
1 0 0 
1 0 0 
1 0 0 
1 0 0 
1 0 0 
1 0 0 
1 0 0 
1 0 0 
1 0 0 
1 0 0 
1 0 0 
1 0 0 
1 0 0 
1 0 0 
1 0 0 
1 0 0 
1 0 0 
1 0 0 
1 0 0 
1 0 0 
1 0 0 
1 0 0 
1 0 0 
1 0 0 
1 0 0 
1 0 0 
1 0 0 
1 0 0 
1 0 0 
1 0 0 
1 0 0 
1 0 0 
1 0 0 
1 0 0 
1 0 0 
1 0 0 
1 0 0 
1 0 0 
1 0 0 
1 0 0 
1 0 0 
1 0 0 
1 0 0 
1 0 0 
1 0 0 
1 0 0 
1 0 0 
1 0 0 
1 0 -2.8932e-57 
1 0 -4.91705e-55 
1 0 -1.0618e-55 
1 0 -1.03405e-58 
1 0 -4.04266e-55 
1 0 -9.78328e-50 
1 0 -4.48223e-48 
1 0 -3.58386e-46 
1 0 -7.77547e-47 
1 0 -1.57046e-49 
1 0 -1.42943e-50 
1 0 -3.0948e-51 
1 0 -5.13723e-54 
1 0 -4.66186e-55 
1 0 -1.00808e-55 
1 0 -1.38584e-58 
1 0 -1.25458e-59 
1 0 -2.71023e-60 
1 0 -3.10648e-63 
1 0 -2.80674e-64 
1 0 -6.05846e-65 
1 0 -5.82125e-68 
1 0 -5.25112e-69 
1 0 -1.13273e-69 
1 0 -9.15939e-73 
1 0 -8.25128e-74 
1 0 -1.77893e-74 
1 0 -1.21334e-77 
1 0 -1.09182e-78 
1 0 -2.35281e-79 
1 0 0 
1 0 0 
1 0 0 
1 0 0 
1 0 0 
1 0 0 
1 0 0 
1 0 0 
1 0 0 
1 0 0 
1 0 0 
1 0 0 
1 0 0 
1 0 0 
1 0 0 
1 0 0 
1 0 0 
1 0 0 
1 0 0 
1 0 0 
1 0 0 
1 0 0 
1 0 0 
1 0 0 
1 0 0 
1 0 0 
1 0 0 
1 0 0 
1 0 0 
1 0 0 
1 0 0 
1 0 0 
1 0 0 
1 0 0 
1 0 0 
1 0 0 
1 0 0 
1 0 0 
1 0 0 
1 0 0 
1 0 0 
1 0 0 
1 0 0 
1 0 0 
1 0 0 
1 0 0 
1 0 0 
1 0 0 
1 0 0 
1 0 0 
1 0 -9.4087e-60 
1 0 -1.90531e-57 
1 0 -4.11145e-58 
1 0 -3.36897e-61 
1 0 -1.56473e-57 
1 0 -5.41394e-52 
1 0 -2.9645e-50 
1 0 -2.891e-48 
1 0 -6.26254e-49 
1 0 -1.0442e-51 
1 0 -9.47623e-53 
1 0 -2.04919e-53 
1 0 -2.8272e-56 
1 0 -2.5595e-57 
1 0 -5.52929e-58 
1 0 -6.35619e-61 
1 0 -5.74304e-62 
1 0 -1.23967e-62 
1 0 -1.19399e-65 
1 0 -1.07707e-66 
1 0 -2.32339e-67 
1 0 -1.88248e-70 
1 0 -1.69586e-71 
1 0 -3.6562e-72 
1 0 -2.49796e-75 
1 0 -2.24779e-76 
1 0 -4.84388e-77 
1 0 -2.79249e-80 
1 0 -2.51041e-81 
1 0 -5.4077e-82 
1 0 0 
1 0 0 
1 0 0 
1 0 0 
1 0 0 
1 0 0 
1 0 0 
1 0 0 
1 0 0 
1 0 0 
1 0 0 
1 0 0 
1 0 0 
1 0 0 
1 0 0 
1 0 0 
1 0 0 
1 0 0 
1 0 0 
1 0 0 
1 0 0 
1 0 0 
1 0 0 
1 0 0 
1 0 0 
1 0 0 
1 0 0 
1 0 0 
1 0 0 
1 0 0 
1 0 0 
1 0 0 
1 0 0 
1 0 0 
1 0 0 
1 0 0 
1 0 0 
1 0 0 
1 0 0 
1 0 0 
1 0 0 
1 0 0 
1 0 0 
1 0 0 
1 0 0 
1 0 0 
1 0 0 
1 0 0 
1 0 0 
1 0 0 
1 0 -2.58247e-62 
1 0 -6.21577e-60 
1 0 -1.3405e-60 
1 0 -9.26155e-64 
1 0 -5.0999e-60 
1 0 -2.50168e-54 
1 0 -1.63032e-52 
1 0 -1.92521e-50 
1 0 -4.16517e-51 
1 0 -5.76733e-54 
1 0 -5.22142e-55 
1 0 -1.128e-55 
1 0 -1.3005e-58 
1 0 -1.17507e-59 
1 0 -2.5365e-60 
1 0 -2.44893e-63 
1 0 -2.20916e-64 
1 0 -4.76549e-65 
1 0 -3.8689e-68 
1 0 -3.4854e-69 
1 0 -7.51438e-70 
1 0 -5.1426e-73 
1 0 -4.62761e-74 
1 0 -9.97231e-75 
1 0 -5.75727e-78 
1 0 -5.17575e-79 
1 0 -1.11491e-79 
1 0 -5.42395e-83 
1 0 -4.87208e-84 
1 0 -1.04915e-84 
1 0 0 
1 0 0 
1 0 0 
1 0 0 
1 0 0 
1 0 0 
1 0 0 
1 0 0 
1 0 0 
1 0 0 
1 0 0 
1 0 0 
1 0 0 
1 0 0 
1 0 0 
1 0 0 
1 0 0 
1 0 0 
1 0 0 
1 0 0 
1 0 0 
1 0 0 
1 0 0 
1 0 0 
1 0 0 
1 0 0 
1 0 0 
1 0 0 
1 0 0 
1 0 0 
1 0 0 
1 0 0 
1 0 0 
1 0 0 
1 0 0 
1 0 0 
1 0 0 
1 0 0 
1 0 0 
1 0 0 
1 0 0 
1 0 0 
1 0 0 
1 0 0 
1 0 0 
1 0 0 
1 0 0 
1 0 0 
1 0 0 
1 0 0 
1 0 -5.98466e-65 
1 0 -1.71067e-62 
1 0 -3.6874e-63 
1 0 -2.14916e-66 
1 0 -1.40245e-62 
1 0 -9.69805e-57 
1 0 -7.49494e-55 
1 0 -1.06468e-52 
1 0 -2.30105e-53 
1 0 -2.66077e-56 
1 0 -2.40421e-57 
1 0 -5.18975e-58 
1 0 -5.02273e-61 
1 0 -4.53104e-62 
1 0 -9.77421e-63 
1 0 -7.95125e-66 
1 0 -7.16318e-67 
1 0 -1.54436e-67 
1 0 -1.0587e-70 
1 0 -9.5269e-72 
1 0 -2.05302e-72 
1 0 -1.18697e-75 
1 0 -1.06708e-76 
1 0 -2.29862e-77 
1 0 -1.11964e-80 
1 0 -1.00572e-81 
1 0 -2.16571e-82 
1 0 -8.85985e-86 
1 0 -7.95276e-87 
1 0 -1.71204e-87 
1 0 0 
1 0 0 
1 0 0 
1 0 0 
1 0 0 
1 0 0 
1 0 0 
1 0 0 
1 0 0 
1 0 0 
1 0 0 
1 0 0 
1 0 0 
1 0 0 
1 0 0 
1 0 0 
1 0 0 
1 0 0 
1 0 0 
1 0 0 
1 0 0 
1 0 0 
1 0 0 
1 0 0 
1 0 0 
1 0 0 
1 0 0 
1 0 0 
1 0 0 
1 0 0 
1 0 0 
1 0 0 
1 0 0 
1 0 0 
1 0 0 
1 0 0 
1 0 0 
1 0 0 
1 0 0 
1 0 0 
1 0 0 
1 0 0 
1 0 0 
1 0 0 
1 0 0 
1 0 0 
1 0 0 
1 0 0 
1 0 0 
1 0 0 
1 0 -1.16933e-67 
1 0 -3.9734e-65 
1 0 -8.56112e-66 
1 0 -4.20404e-69 
1 0 -3.25531e-65 
1 0 -3.165e-59 
1 0 -2.89322e-57 
1 0 -4.91705e-55 
1 0 -1.0618e-55 
1 0 -1.03013e-58 
1 0 -9.29304e-60 
1 0 -2.00468e-60 
1 0 -1.63409e-63 
1 0 -1.47215e-64 
1 0 -3.17393e-65 
1 0 -2.17951e-68 
1 0 -1.96128e-69 
1 0 -4.22652e-70 
1 0 -2.44712e-73 
1 0 -2.19997e-74 
1 0 -4.73901e-75 
1 0 -2.31119e-78 
1 0 -2.07605e-79 
1 0 -4.47056e-80 
1 0 -1.83085e-83 
1 0 -1.64341e-84 
1 0 -3.53787e-85 
1 0 -1.21006e-88 
1 0 -1.0855e-89 
1 0 -2.33623e-90 
1 0 0 
1 0 0 
1 0 0 
1 0 0 
1 0 0 
1 0 0 
1 0 0 
1 0 0 
1 0 0 
1 0 0 
1 0 0 
1 0 0 
1 0 0 
1 0 0 
1 0 0 
1 0 0 
1 0 0 
1 0 0 
1 0 0 
1 0 0 
1 0 0 
1 0 0 
1 0 0 
1 0 0 
1 0 0 
1 0 0 
1 0 0 
1 0 0 
1 0 0 
1 0 0 
1 0 0 
1 0 0 
1 0 0 
1 0 0 
1 0 0 
1 0 0 
1 0 0 
1 0 0 
1 0 0 
1 0 0 
1 0 0 
1 0 0 
1 0 0 
1 0 0 
1 0 0 
1 0 0 
1 0 0 
1 0 0 
1 0 0 
1 0 0 
1 0 -1.91989e-70 
1 0 -7.77883e-68 
1 0 -1.67541e-68 
1 0 -6.90941e-72 
1 0 -6.36931e-68 
1 0 -8.71323e-62 
1 0 -9.40876e-60 
1 0 -1.90531e-57 
1 0 -4.11145e-58 
1 0 -3.35821e-61 
1 0 -3.02544e-62 
1 0 -6.52283e-63 
1 0 -4.48682e-66 
1 0 -4.03761e-67 
1 0 -8.70098e-68 
1 0 -5.04508e-71 
1 0 -4.53558e-72 
1 0 -9.77024e-73 
1 0 -4.77079e-76 
1 0 -4.28544e-77 
1 0 -9.22826e-78 
1 0 -3.78335e-81 
1 0 -3.39602e-82 
1 0 -7.31084e-83 
1 0 -2.50288e-86 
1 0 -2.24524e-87 
1 0 -4.83224e-88 
1 0 -1.36995e-91 
1 0 -1.22826e-92 
1 0 -2.6429e-93 
1 0 0 
1 0 0 
1 0 0 
1 0 0 
1 0 0 
1 0 0 
1 0 0 
1 0 0 
1 0 0 
1 0 0 
1 0 0 
1 0 0 
1 0 0 
1 0 0 
1 0 0 
1 0 0 
1 0 0 
1 0 0 
1 0 0 
1 0 0 
1 0 0 
1 0 0 
1 0 0 
1 0 0 
1 0 0 
1 0 0 
1 0 0 
1 0 0 
1 0 0 
1 0 0 
1 0 0 
1 0 0 
1 0 0 
1 0 0 
1 0 0 
1 0 0 
1 0 0 
1 0 0 
1 0 0 
1 0 0 
1 0 0 
1 0 0 
1 0 0 
1 0 0 
1 0 0 
1 0 0 
1 0 0 
1 0 0 
1 0 0 
1 0 0 
1 0 -2.63392e-73 
1 0 -1.27937e-70 
1 0 -2.75463e-71 
1 0 -9.48736e-75 
1 0 -1.04702e-70 
1 0 -2.02437e-64 
1 0 -2.58248e-62 
1 0 -6.21577e-60 
1 0 -1.3405e-60 
1 0 -9.2366e-64 
1 0 -8.31192e-65 
1 0 -1.79121e-65 
1 0 -1.0401e-68 
1 0 -9.35072e-70 
1 0 -2.01427e-70 
1 0 -9.84788e-74 
1 0 -8.84606e-75 
1 0 -1.90491e-75 
1 0 -7.81804e-79 
1 0 -7.01768e-80 
1 0 -1.51074e-80 
1 0 -5.1769e-84 
1 0 -4.64402e-85 
1 0 -9.99494e-86 
1 0 -2.83592e-89 
1 0 -2.54261e-90 
1 0 -5.47103e-91 
1 0 -1.2698e-94 
1 0 -1.13792e-95 
1 0 -2.44802e-96 
1 0 0 
1 0 0 
1 0 0 
1 0 0 
1 0 0 
1 0 0 
1 0 0 
1 0 0 
1 0 0 
1 0 0 
1 0 0 
1 0 0 
1 0 0 
1 0 0 
1 0 0 
1 0 0 
1 0 0 
1 0 0 
1 0 0 
1 0 0 
1 0 0 
1 0 0 
1 0 0 
1 0 0 
1 0 0 
1 0 0 
1 0 0 
1 0 0 
1 0 0 
1 0 0 
1 0 0 
1 0 0 
1 0 0 
1 0 0 
1 0 0 
1 0 0 
1 0 0 
1 0 0 
1 0 0 
1 0 0 
1 0 0 
1 0 0 
1 0 0 
1 0 0 
1 0 0 
1 0 0 
1 0 0 
1 0 0 
1 0 0 
1 0 0 
1 0 -2.99369e-76 
1 0 -1.75779e-73 
1 0 -3.78367e-74 
1 0 -1.07915e-77 
1 0 -1.43793e-73 
1 0 -3.96407e-67 
1 0 -5.98468e-65 
1 0 -1.71067e-62 
1 0 -3.6874e-63 
1 0 -2.14428e-66 
1 0 -1.92776e-67 
1 0 -4.15266e-68 
1 0 -2.03279e-71 
1 0 -1.826e-72 
1 0 -3.93212e-73 
1 0 -1.61554e-76 
1 0 -1.45016e-77 
1 0 -3.12185e-78 
1 0 -1.07077e-81 
1 0 -9.60558e-83 
1 0 -2.06733e-83 
1 0 -5.87057e-87 
1 0 -5.26342e-88 
1 0 -1.13255e-88 
1 0 -2.63049e-92 
1 0 -2.3573e-93 
1 0 -5.07129e-94 
1 0 -9.4672e-98 
1 0 -8.48035e-99 
1 0 -1.82407e-99 
1 0 0 
1 0 0 
1 0 0 
1 0 0 
1 0 0 
1 0 0 
1 0 0 
1 0 0 
1 0 0 
1 0 0 
1 0 0 
1 0 0 
1 0 0 
1 0 0 
1 0 0 
1 0 0 
1 0 0 
1 0 0 
1 0 0 
1 0 0 
1 0 0 
1 0 0 
1 0 0 
1 0 0 
1 0 0 
1 0 0 
1 0 0 
1 0 0 
1 0 0 
1 0 0 
1 0 0 
1 0 0 
1 0 0 
1 0 0 
1 0 0 
1 0 0 
1 0 0 
1 0 0 
1 0 0 
1 0 0 
1 0 0 
1 0 0 
1 0 0 
1 0 0 
1 0 0 
1 0 0 
1 0 0 
1 0 0 
1 0 0 
1 0 0 
1 0 -2.78447e-79 
1 0 -2.00051e-76 
1 0 -4.30506e-77 
1 0 -1.00442e-80 
1 0 -1.63585e-76 
1 0 -6.52088e-70 
1 0 -1.16933e-67 
1 0 -3.9734e-65 
1 0 -8.56112e-66 
1 0 -4.19603e-69 
1 0 -3.7692e-70 
1 0 -8.11664e-71 
1 0 -3.33837e-74 
1 0 -2.99663e-75 
1 0 -6.45107e-76 
1 0 -2.21475e-79 
1 0 -1.98679e-80 
1 0 -4.27601e-81 
1 0 -1.21525e-84 
1 0 -1.08957e-85 
1 0 -2.34447e-86 
1 0 -5.44928e-90 
1 0 -4.88335e-91 
1 0 -1.05056e-91 
1 0 -1.96247e-95 
1 0 -1.75791e-96 
1 0 -3.78115e-97 
1 0 -5.53421e-101 
1 0 -4.95544e-102 
1 0 -1.06572e-102 
1 0 0 
1 0 0 
1 0 0 
1 0 0 
1 0 0 
1 0 0 
1 0 0 
1 0 0 
1 0 0 
1 0 0 
1 0 0 
1 0 0 
1 0 0 
1 0 0 
1 0 0 
1 0 0 
1 0 0 
1 0 0 
1 0 0 
1 0 0 
1 0 0 
1 0 0 
1 0 0 
1 0 0 
1 0 0 
1 0 0 
1 0 0 
1 0 0 
1 0 0 
1 0 0 
1 0 0 
1 0 0 
1 0 0 
1 0 0 
1 0 0 
1 0 0 
1 0 0 
1 0 0 
1 0 0 
1 0 0 
1 0 0 
1 0 0 
1 0 0 
1 0 0 
1 0 0 
1 0 0 
1 0 0 
1 0 0 
1 0 0 
1 0 0 
1 0 -2.08241e-82 
1 0 -1.86285e-79 
1 0 -4.00795e-80 
1 0 -7.51626e-84 
1 0 -1.52277e-79 
1 0 -8.96091e-73 
1 0 -1.9199e-70 
1 0 -7.77883e-68 
1 0 -1.67541e-68 
1 0 -6.89842e-72 
1 0 -6.19226e-73 
1 0 -1.33306e-73 
1 0 -4.58089e-77 
1 0 -4.10939e-78 
1 0 -8.84433e-79 
1 0 -2.51565e-82 
1 0 -2.25548e-83 
1 0 -4.85321e-84 
1 0 -1.12886e-87 
1 0 -1.01162e-88 
1 0 -2.17632e-89 
1 0 -4.06804e-93 
1 0 -3.644e-94 
1 0 -7.83801e-95 
1 0 -1.14786e-98 
1 0 -1.02781e-99 
1 0 -2.21041e-100 
1 0 -2.4405e-104 
1 0 -2.18453e-105 
1 0 -4.69739e-106 
1 0 0 
1 0 0 
1 0 0 
1 0 0 
1 0 0 
1 0 0 
1 0 0 
1 0 0 
1 0 0 
1 0 0 
1 0 0 
1 0 0 
1 0 0 
1 0 0 
1 0 0 
1 0 0 
1 0 0 
1 0 0 
1 0 0 
1 0 0 
1 0 0 
1 0 0 
1 0 0 
1 0 0 
1 0 0 
1 0 0 
1 0 0 
1 0 0 
1 0 0 
1 0 0 
1 0 0 
1 0 0 
1 0 0 
1 0 0 
1 0 0 
1 0 0 
1 0 0 
1 0 0 
1 0 0 
1 0 0 
1 0 0 
1 0 0 
1 0 0 
1 0 0 
1 0 0 
1 0 0 
1 0 0 
1 0 0 
1 0 0 
1 0 0 
1 0 -1.22066e-85 
1 0 -1.3946e-82 
1 0 -2.99992e-83 
1 0 -4.40821e-87 
1 0 -1.13965e-82 
1 0 -1.01998e-75 
1 0 -2.63392e-73 
1 0 -1.27937e-70 
1 0 -2.75463e-71 
1 0 -9.47487e-75 
1 0 -8.49967e-76 
1 0 -1.82932e-76 
1 0 -5.20755e-80 
1 0 -4.669e-81 
1 0 -1.00465e-81 
1 0 -2.33852e-85 
1 0 -2.09566e-86 
1 0 -4.50842e-87 
1 0 -8.43271e-91 
1 0 -7.55371e-92 
1 0 -1.62475e-92 
1 0 -2.38078e-96 
1 0 -2.1318e-97 
1 0 -4.58464e-98 
1 0 -5.06447e-102 
1 0 -4.53328e-103 
1 0 -9.74791e-104 
1 0 -7.62581e-108 
1 0 -6.82388e-109 
1 0 -1.46715e-109 
1 0 0 
1 0 0 
1 0 0 
1 0 0 
1 0 0 
1 0 0 
1 0 0 
1 0 0 
1 0 0 
1 0 0 
1 0 0 
1 0 0 
1 0 0 
1 0 0 
1 0 0 
1 0 0 
1 0 0 
1 0 0 
1 0 0 
1 0 0 
1 0 0 
1 0 0 
1 0 0 
1 0 0 
1 0 0 
1 0 0 
1 0 0 
1 0 0 
1 0 0 
1 0 0 
1 0 0 
1 0 0 
1 0 0 
1 0 0 
1 0 0 
1 0 0 
1 0 0 
1 0 0 
1 0 0 
1 0 0 
1 0 0 
1 0 0 
1 0 0 
1 0 0 
1 0 0 
1 0 0 
1 0 0 
1 0 0 
1 0 0 
1 0 0 
1 0 -5.39615e-89 
1 0 -8.18229e-86 
1 0 -1.75978e-86 
1 0 -1.94968e-90 
1 0 -6.68469e-86 
1 0 -9.49916e-79 
1 0 -2.99369e-76 
1 0 -1.75779e-73 
1 0 -3.78367e-74 
1 0 -1.07799e-77 
1 0 -9.6651e-79 
1 0 -2.07968e-79 
1 0 -4.8444e-83 
1 0 -4.3413e-84 
1 0 -9.33951e-85 
1 0 -1.74802e-88 
1 0 -1.56582e-89 
1 0 -3.36798e-90 
1 0 -4.93799e-94 
1 0 -4.42158e-95 
1 0 -9.50905e-96 
1 0 -1.05097e-99 
1 0 -9.40736e-101 
1 0 -2.02286e-101 
1 0 -1.58322e-105 
1 0 -1.41673e-106 
1 0 -3.04601e-107 
1 0 -1.50313e-111 
1 0 -1.34469e-112 
1 0 -2.8908e-113 
1 0 0 
1 0 0 
1 0 0 
1 0 0 
1 0 0 
1 0 0 
1 0 0 
1 0 0 
1 0 0 
1 0 0 
1 0 0 
1 0 0 
1 0 0 
1 0 0 
1 0 0 
1 0 0 
1 0 0 
1 0 0 
1 0 0 
1 0 0 
1 0 0 
1 0 0 
1 0 0 
1 0 0 
1 0 0 
1 0 0 
1 0 0 
1 0 0 
1 0 0 
1 0 0 
1 0 0 
1 0 0 
1 0 0 
1 0 0 
1 0 0 
1 0 0 
1 0 0 
1 0 0 
1 0 0 
1 0 0 
1 0 0 
1 0 0 
1 0 0 
1 0 0 
1 0 0 
1 0 0 
1 0 0 
1 0 0 
1 0 0 
1 0 0 
1 0 -1.68985e-92 
1 0 -3.62011e-89 
1 0 -7.78463e-90 
1 0 -6.10824e-94 
1 0 -2.95681e-89 
1 0 -7.11225e-82 
1 0 -2.78447e-79 
1 0 -2.00051e-76 
1 0 -4.30506e-77 
1 0 -1.00355e-80 
1 0 -8.9933e-82 
1 0 -1.93474e-82 
1 0 -3.62349e-86 
1 0 -3.2458e-87 
1 0 -6.98151e-88 
1 0 -1.02419e-91 
1 0 -9.17082e-93 
1 0 -1.97228e-93 
1 0 -2.18094e-97 
1 0 -1.95219e-98 
1 0 -4.1978e-99 
1 0 -3.28698e-103 
1 0 -2.94132e-104 
1 0 -6.32393e-105 
1 0 -3.12199e-109 
1 0 -2.79292e-110 
1 0 -6.00417e-111 
1 0 -1.4034e-115 
1 0 -1.25516e-116 
1 0 -2.69806e-117 
1 0 0 
1 0 0 
1 0 0 
1 0 0 
1 0 0 
1 0 0 
1 0 0 
1 0 0 
1 0 0 
1 0 0 
1 0 0 
1 0 0 
1 0 0 
1 0 0 
1 0 0 
1 0 0 
1 0 0 
1 0 0 
1 0 0 
1 0 0 
1 0 0 
1 0 0 
1 0 0 
1 0 0 
1 0 0 
1 0 0 
1 0 0 
1 0 0 
1 0 0 
1 0 0 
1 0 0 
1 0 0 
1 0 0 
1 0 0 
1 0 0 
1 0 0 
1 0 0 
1 0 0 
1 0 0 
1 0 0 
1 0 0 
1 0 0 
1 0 0 
1 0 0 
1 0 0 
1 0 0 
1 0 0 
1 0 0 
1 0 0 
1 0 0 
1 0 -3.33749e-96 
1 0 -1.13451e-92 
1 0 -2.43928e-93 
1 0 -1.20686e-97 
1 0 -9.26435e-93 
1 0 -4.17328e-85 
1 0 -2.08242e-82 
1 0 -1.86285e-79 
1 0 -4.00795e-80 
1 0 -7.51116e-84 
1 0 -6.72824e-85 
1 0 -1.4472e-85 
1 0 -2.12427e-89 
1 0 -1.90212e-90 
1 0 -4.09071e-91 
1 0 -4.52582e-95 
1 0 -4.05114e-96 
1 0 -8.71116e-97 
1 0 -6.8242e-101 
1 0 -6.10658e-102 
1 0 -1.31293e-102 
1 0 -6.48437e-107 
1 0 -5.80088e-108 
1 0 -1.24706e-108 
1 0 -2.91595e-113 
1 0 -2.60794e-114 
1 0 -5.60595e-115 
1 0 0 
1 0 0 
1 0 0 
1 0 0 
1 0 0 
1 0 0 
1 0 0 
1 0 0 
1 0 0 
1 0 0 
1 0 0 
1 0 0 
1 0 0 
1 0 0 
1 0 0 
1 0 0 
1 0 0 
1 0 0 
1 0 0 
1 0 0 
1 0 0 
1 0 0 
1 0 0 
1 0 0 
1 0 0 
1 0 0 
1 0 0 
1 0 0 
1 0 0 
1 0 0 
1 0 0 
1 0 0 
1 0 0 
1 0 0 
1 0 0 
1 0 0 
1 0 0 
1 0 0 
1 0 0 
1 0 0 
1 0 0 
1 0 0 
1 0 0 
1 0 0 
1 0 0 
1 0 0 
1 0 0 
1 0 0 
1 0 0 
1 0 0 
1 0 0 
1 0 0 
1 0 0 
1 0 -3.12162e-100 
1 0 -2.24216e-96 
1 0 -4.82022e-97 
1 0 -1.1292e-101 
1 0 -1.83058e-96 
1 0 -1.84657e-88 
1 0 -1.22066e-85 
1 0 -1.3946e-82 
1 0 -2.99992e-83 
1 0 -4.40596e-87 
1 0 -3.9452e-88 
1 0 -8.48455e-89 
1 0 -9.39186e-93 
1 0 -8.40681e-94 
1 0 -1.80772e-94 
1 0 -1.4168e-98 
1 0 -1.26781e-99 
1 0 -2.72582e-100 
1 0 -1.3468e-104 
1 0 -1.20484e-105 
1 0 -2.59015e-106 
1 0 -6.05868e-111 
1 0 -5.41871e-112 
1 0 -1.16479e-112 
1 0 0 
1 0 0 
1 0 0 
1 0 0 
1 0 0 
1 0 0 
1 0 0 
1 0 0 
1 0 0 
1 0 0 
1 0 0 
1 0 0 
1 0 0 
1 0 0 
1 0 0 
1 0 0 
1 0 0 
1 0 0 
1 0 0 
1 0 0 
1 0 0 
1 0 0 
1 0 0 
1 0 0 
1 0 0 
1 0 0 
1 0 0 
1 0 0 
1 0 0 
1 0 0 
1 0 0 
1 0 0 
1 0 0 
1 0 0 
1 0 0 
1 0 0 
1 0 0 
1 0 0 
1 0 0 
1 0 0 
1 0 0 
1 0 0 
1 0 0 
1 0 0 
1 0 0 
1 0 0 
1 0 0 
1 0 0 
1 0 0 
1 0 0 
1 0 0 
1 0 0 
1 0 0 
1 0 0 
1 0 0 
1 0 0 
1 0 0 
1 0 -2.09839e-100 
1 0 -4.51063e-101 
1 0 0 
1 0 -1.71291e-100 
1 0 -5.78743e-92 
1 0 -5.39615e-89 
1 0 -8.18229e-86 
1 0 -1.75978e-86 
1 0 -1.94897e-90 
1 0 -1.74456e-91 
1 0 -3.75132e-92 
1 0 -2.94145e-96 
1 0 -2.63213e-97 
1 0 -5.65917e-98 
1 0 -2.7973e-102 
1 0 -2.50245e-103 
1 0 -5.37972e-104 
1 0 -1.25886e-108 
1 0 -1.12589e-109 
1 0 -2.42017e-110 
1 0 0 
1 0 0 
1 0 0 
1 0 0 
1 0 0 
1 0 0 
1 0 0 
1 0 0 
1 0 0 
1 0 0 
1 0 0 
1 0 0 
1 0 0 
1 0 0 
1 0 0 
1 0 0 
1 0 0 
1 0 0 
1 0 0 
1 0 0 
1 0 0 
1 0 0 
1 0 0 
1 0 0 
1 0 0 
1 0 0 
1 0 0 
1 0 0 
1 0 0 
1 0 0 
1 0 0 
1 0 0 
1 0 0 
1 0 0 
1 0 0 
1 0 0 
1 0 0 
1 0 0 
1 0 0 
1 0 0 
1 0 0 
1 0 0 
1 0 0 
1 0 0 
1 0 0 
1 0 0 
1 0 0 
1 0 0 
1 0 0 
1 0 0 
1 0 0 
1 0 0 
1 0 0 
1 0 0 
1 0 0 
1 0 0 
1 0 0 
1 0 0 
1 0 0 
1 0 0 
1 0 0 
1 0 0 
1 0 0 
1 0 0 
1 0 -1.14387e-95 
1 0 -1.68985e-92 
1 0 -3.62011e-89 
1 0 -7.78463e-90 
1 0 -6.10684e-94 
1 0 -5.46466e-95 
1 0 -1.17492e-95 
1 0 -5.80997e-100 
1 0 -5.19757e-101 
1 0 -1.11737e-101 
1 0 -2.61562e-106 
1 0 -2.33933e-107 
1 0 -5.02856e-108 
1 0 0 
1 0 0 
1 0 0 
1 0 0 
1 0 0 
1 0 0 
1 0 0 
1 0 0 
1 0 0 
1 0 0 
1 0 0 
1 0 0 
1 0 0 
1 0 0 
1 0 0 
1 0 0 
1 0 0 
1 0 0 
1 0 0 
1 0 0 
1 0 0 
1 0 0 
1 0 0 
1 0 0 
1 0 0 
1 0 0 
1 0 0 
1 0 0 
1 0 0 
1 0 0 
1 0 0 
1 0 0 
1 0 0 
1 0 0 
1 0 0 
1 0 0 
1 0 0 
1 0 0 
1 0 0 
1 0 0 
1 0 0 
1 0 0 
1 0 0 
1 0 0 
1 0 0 
1 0 0 
1 0 0 
1 0 0 
1 0 0 
1 0 0 
1 0 0 
1 0 0 
1 0 0 
1 0 0 
1 0 0 
1 0 0 
1 0 0 
1 0 0 
1 0 0 
1 0 0 
1 0 0 
1 0 0 
1 0 0 
1 0 0 
1 0 0 
1 0 0 
1 0 0 
1 0 -1.0706e-99 
1 0 -3.33749e-96 
1 0 -1.13451e-92 
1 0 -2.43928e-93 
1 0 -1.20673e-97 
1 0 -1.07953e-98 
1 0 -2.32076e-99 
1 0 -5.43465e-104 
1 0 -4.8606e-105 
1 0 -1.04482e-105 
1 0 0 
1 0 0 
1 0 0 
1 0 0 
1 0 0 
1 0 0 
1 0 0 
1 0 0 
1 0 0 
1 0 0 
1 0 0 
1 0 0 
1 0 0 
1 0 0 
1 0 0 
1 0 0 
1 0 0 
1 0 0 
1 0 0 
1 0 0 
1 0 0 
1 0 0 
1 0 0 
1 0 0 
1 0 0 
1 0 0 
1 0 0 
1 0 0 
1 0 0 
1 0 0 
1 0 0 
1 0 0 
1 0 0 
1 0 0 
1 0 0 
1 0 0 
1 0 0 
1 0 0 
1 0 0 
1 0 0 
1 0 0 
1 0 0 
1 0 0 
1 0 0 
1 0 0 
1 0 0 
1 0 0 
1 0 0 
1 0 0 
1 0 0 
1 0 0 
1 0 0 
1 0 0 
1 0 0 
1 0 0 
1 0 0 
1 0 0 
1 0 0 
1 0 0 
1 0 0 
1 0 0 
1 0 0 
1 0 0 
1 0 0 
1 0 0 
1 0 0 
1 0 0 
1 0 0 
1 0 0 
1 0 0 
1 0 0 
1 0 -3.12162e-100 
1 0 -2.24216e-96 
1 0 -4.82022e-97 
1 0 -1.1292e-101 
1 0 -1.00992e-102 
1 0 -2.1709e-103 
1 0 0 
1 0 0 
1 0 0 
1 0 0 
1 0 0 
1 0 0 
1 0 0 
1 0 0 
1 0 0 
1 0 0 
1 0 0 
1 0 0 
1 0 0 
1 0 0 
1 0 0 
1 0 0 
1 0 0 
1 0 0 
1 0 0 
1 0 0 
1 0 0 
1 0 0 
1 0 0 
1 0 0 
1 0 0 
1 0 0 
1 0 0 
1 0 0 
1 0 0 
1 0 0 
1 0 0 
1 0 0 
1 0 0 
1 0 0 
1 0 0 
1 0 0 
1 0 0 
1 0 0 
1 0 0 
1 0 0 
1 0 0 
1 0 0 
1 0 0 
1 0 0 
1 0 0 
1 0 0 
1 0 0 
1 0 0 
1 0 0 
1 0 0 
1 0 0 
1 0 0 
1 0 0 
1 0 0 
1 0 0 
1 0 0 
1 0 0 
1 0 0 
1 0 0 
1 0 0 
1 0 0 
1 0 0 
1 0 0 
1 0 0 
1 0 0 
1 0 0 
1 0 0 
1 0 0 
1 0 0 
1 0 0 
1 0 0 
1 0 0 
1 0 0 
1 0 0 
1 0 0 
1 0 -2.09839e-100 
1 0 -4.51063e-101 
1 0 0 
1 0 0 
1 0 0 
1 0 0 
1 0 0 
1 0 0 
1 0 0 
1 0 0 
1 0 0 
1 0 0 
1 0 0 
1 0 0 
1 0 0 
1 0 0 
1 0 0 
1 0 0 
1 0 0 
1 0 0 
1 0 0 
1 0 0 
1 0 0 
1 0 0 
1 0 0 
1 0 0 
1 0 0 
1 0 0 
1 0 0 
1 0 0 
1 0 0 
1 0 0 
1 0 0 
1 0 0 
1 0 0 
1 0 0 
1 0 0 
1 0 0 
1 0 0 
1 0 0 
1 0 0 
1 0 0 
1 0 0 
1 0 0 
1 0 0 
1 0 0 
1 0 0 
1 0 0 
1 0 0 
1 0 0 
1 0 0 
1 0 0 
1 0 0 
1 0 0 
1 0 0 
1 0 0 
1 0 0 
1 0 0 
1 0 0 
1 0 0 
1 0 0 
1 0 0 
1 0 0 
1 0 0 
1 0 0 
1 0 0 
1 0 0 
1 0 0 
1 0 0 
1 0 0 
1 0 0 
1 0 0 
1 0 0 
1 0 0 
1 0 0 
1 0 0 
1 0 0 
1 0 0 
1 0 0 
1 0 0 
1 0 0 
1 0 0 
1 0 0 
1 0 0 
1 0 0 
1 0 0 
1 0 0 
1 0 0 
1 0 0 
1 0 0 
1 0 0 
1 0 0 
1 0 0 
1 0 0 
1 0 0 
1 0 0 
1 0 0 
1 0 0 
1 0 0 
1 0 0 
1 0 0 
1 0 0 
1 0 0 
1 0 0 
1 0 0 
1 0 0 
1 0 0 
1 0 0 
1 0 0 
1 0 0 
1 0 0 
1 0 0 
1 0 0 
1 0 0 
1 0 0 
1 0 0 
1 0 0 
1 0 0 
1 0 0 
1 0 0 
1 0 0 
1 0 0 
1 0 0 
1 0 0 
1 0 0 
1 0 0 
1 0 0 
1 0 0 
1 0 0 
1 0 0 
1 0 0 
1 0 0 
1 0 0 
1 0 0 
1 0 0 
1 0 0 
1 0 0 
1 0 0 
1 0 0 
1 0 0 
1 0 0 
1 0 0 
1 0 0 
1 0 0 
1 0 0 
1 0 0 
1 0 0 
1 0 0 
1 0 0 
1 0 0 
1 0 0 
1 0 0 
1 0 0 
1 0 0 
1 0 0 
1 0 0 
1 0 0 
1 0 0 
1 0 0 
1 0 0 
1 0 0 
1 0 0 
1 0 0 
1 0 0 
1 0 0 
1 0 0 
1 0 0 
1 0 0 
1 0 0 
1 0 0 
1 0 0 
1 0 0 
1 0 0 
1 0 0 
1 0 0 
1 0 0 
1 0 0 
1 0 0 
1 0 0 
1 0 0 
1 0 0 
1 0 0 
1 0 0 
1 0 0 
1 0 0 
1 0 0 
1 0 0 
1 0 0 
1 0 0 
1 0 0 
1 0 0 
1 0 0 
1 0 0 
1 0 0 
1 0 0 
1 0 0 
1 0 0 
1 0 0 
1 0 0 
1 0 0 
1 0 0 
1 0 0 
1 0 0 
1 0 0 
1 0 0 
1 0 0 
1 0 0 
1 0 0 
1 0 0 
1 0 0 
1 0 0 
1 0 0 
1 0 0 
1 0 0 
1 0 0 
1 0 0 
1 0 0 
1 0 0 
1 0 0 
1 0 0 
1 0 0 
1 0 0 
1 0 0 
1 0 0 
1 0 0 
1 0 0 
1 0 0 
1 0 0 
1 0 0 
1 0 0 
1 0 0 
1 0 0 
1 0 0 
1 0 0 
1 0 0 
1 0 0 
1 0 0 
1 0 0 
1 0 0 
1 0 0 
1 0 0 
1 0 0 
1 0 0 
1 0 0 
1 0 0 
1 0 0 
1 0 0 
1 0 0 
1 0 0 
1 0 0 
1 0 0 
1 0 0 
1 0 0 
1 0 0 
1 0 0 
1 0 0 
1 0 0 
1 0 0 
1 0 0 
1 0 0 
1 0 0 
1 0 0 
1 0 0 
1 0 0 
1 0 0 
1 0 0 
1 0 0 
1 0 0 
1 0 0 
1 0 0 
1 0 0 
1 0 0 
1 0 0 
1 0 0 
1 0 0 
1 0 0 
1 0 0 
1 0 0 
1 0 0 
1 0 0 
1 0 0 
1 0 0 
1 0 0 
1 0 0 
1 0 0 
1 0 0 
1 0 0 
1 0 0 
1 0 0 
1 0 0 
1 0 0 
1 0 0 
1 0 0 
1 0 0 
1 0 0 
1 0 0 
1 0 0 
1 0 0 
1 0 0 
1 0 0 
1 0 0 
1 0 0 
1 0 0 
1 0 0 
1 0 0 
1 0 0 
1 0 0 
1 0 0 
1 0 0 
1 0 0 
1 0 0 
1 0 0 
1 0 0 
1 0 0 
1 0 0 
1 0 0 
1 0 0 
1 0 0 
1 0 0 
1 0 0 
1 0 0 
1 0 0 
1 0 0 
1 0 0 
1 0 0 
1 0 0 
1 0 0 
1 0 0 
1 0 0 
1 0 0 
1 0 0 
1 0 0 
1 0 0 
1 0 0 
1 0 0 
1 0 0 
1 0 0 
1 0 0 
1 0 0 
1 0 0 
1 0 0 
1 0 0 
1 0 0 
1 0 0 
1 0 0 
1 0 0 
1 0 0 
1 0 0 
1 0 0 
1 0 0 
1 0 0 
1 0 0 
1 0 0 
1 0 0 
1 0 0 
1 0 0 
1 0 0 
1 0 0 
1 0 0 
1 0 0 
1 0 0 
1 0 0 
1 0 0 
1 0 0 
1 0 0 
1 0 0 
1 0 0 
1 0 0 
1 0 0 
1 0 0 
1 0 0 
1 0 0 
1 0 0 
1 0 0 
1 0 0 
1 0 0 
1 0 0 
1 0 0 
1 0 0 
1 0 0 
1 0 0 
1 0 0 
1 0 0 
1 0 0 
1 0 0 
1 0 0 
1 0 0 
1 0 0 
1 0 0 
1 0 0 
1 0 0 
1 0 0 
1 0 0 
1 0 0 
1 0 0 
1 0 0 
1 0 0 
1 0 0 
1 0 0 
1 0 0 
1 0 0 
1 0 0 
1 0 0 
1 0 0 
1 0 0 
1 0 0 
1 0 0 
1 0 0 
1 0 0 
1 0 0 
1 0 0 
1 0 0 
1 0 0 
1 0 0 
1 0 0 
1 0 0 
1 0 0 
1 0 0 
1 0 0 
1 0 0 
1 0 0 
1 0 0 
1 0 0 
1 0 0 
1 0 0 
1 0 0 
1 0 0 
1 0 0 
1 0 0 
1 0 0 
1 0 0 
1 0 0 
1 0 0 
1 0 0 
1 0 0 
1 0 0 
1 0 0 
1 0 0 
1 0 0 
1 0 0 
1 0 0 
1 0 0 
1 0 0 
1 0 0 
1 0 0 
1 0 0 
1 0 0 
1 0 0 
1 0 0 
1 0 0 
1 0 0 
1 0 0 
1 0 0 
1 0 0 
1 0 0 
1 0 0 
1 0 0 
1 0 0 
1 0 0 
1 0 0 
1 0 0 
1 0 0 
1 0 0 
1 0 0 
1 0 0 
1 0 0 
1 0 0 
1 0 0 
1 0 0 
1 0 0 
1 0 0 
1 0 0 
1 0 0 
1 0 0 
1 0 0 
1 0 0 
1 0 0 
1 0 0 
1 0 0 
1 0 0 
1 0 0 
1 0 0 
1 0 0 
1 0 0 
1 0 0 
1 0 0 
1 0 0 
1 0 0 
1 0 0 
1 0 0 
1 0 0 
1 0 0 
1 0 0 
1 0 0 
1 0 0 
1 0 0 
1 0 0 
1 0 0 
1 0 0 
1 0 0 
1 0 0 
1 0 0 
1 0 0 
1 0 0 
1 0 0 
1 0 0 
1 0 0 
1 0 0 
1 0 0 
1 0 0 
1 0 0 
1 0 0 
1 0 0 
1 0 0 
1 0 0 
1 0 0 
1 0 0 
1 0 0 
1 0 0 
1 0 0 
1 0 0 
1 0 0 
1 0 0 
1 0 0 
1 0 0 
1 0 0 
1 0 0 
1 0 0 
1 0 0 
1 0 0 
1 0 0 
1 0 0 
1 0 0 
1 0 0 
1 0 0 
1 0 0 
1 0 0 
1 0 0 
1 0 0 
1 0 0 
1 0 0 
1 0 0 
1 0 0 
1 0 0 
1 0 0 
1 0 0 
1 0 0 
1 0 0 
1 0 0 
1 0 0 
1 0 0 
1 0 0 
1 0 0 
1 0 0 
1 0 0 
1 0 0 
1 0 0 
1 0 0 
1 0 0 
1 0 0 
1 0 0 
1 0 0 
1 0 0 
1 0 0 
1 0 0 
1 0 0 
1 0 0 
1 0 0 
1 0 0 
1 0 0 
1 0 0 
1 0 0 
1 0 0 
1 0 0 
1 0 0 
1 0 0 
1 0 0 
1 0 0 
1 0 0 
1 0 0 
1 0 0 
1 0 0 
1 0 0 
1 0 0 
1 0 0 
1 0 0 
1 0 0 
1 0 0 
1 0 0 
1 0 0 
1 0 0 
1 0 0 
1 0 0 
1 0 0 
1 0 0 
1 0 0 
1 0 0 
1 0 0 
1 0 0 
1 0 0 
1 0 0 
1 0 0 
1 0 0 
1 0 0 
1 0 0 
1 0 0 
1 0 0 
1 0 0 
1 0 0 
1 0 0 
1 0 0 
1 0 0 
1 0 0 
1 0 0 
1 0 0 
1 0 0 
1 0 0 
1 0 0 
1 0 0 
1 0 0 
1 0 0 
1 0 0 
1 0 0 
1 0 0 
1 0 0 
1 0 0 
1 0 0 
1 0 0 
1 0 0 
1 0 0 
1 0 0 
1 0 0 
1 0 0 
1 0 0 
1 0 0 
1 0 0 
1 0 0 
1 0 0 
1 0 0 
1 0 0 
1 0 0 
1 0 0 
1 0 0 
1 0 0 
1 0 0 
1 0 0 
1 0 0 
1 0 0 
1 0 0 
1 0 0 
1 0 0 
1 0 0 
1 0 0 
1 0 0 
1 0 0 
1 0 0 
1 0 0 
1 0 0 
1 0 0 
1 0 0 
1 0 0 
1 0 0 
1 0 0 
1 0 0 
1 0 0 
1 0 0 
1 0 0 
1 0 0 
1 0 0 
1 0 0 
1 0 0 
1 0 0 
1 0 0 
1 0 0 
1 0 0 
1 0 0 
1 0 0 
1 0 0 
1 0 0 
1 0 0 
1 0 0 
1 0 0 
1 0 0 
1 0 0 
1 0 0 
1 0 0 
1 0 0 
1 0 0 
1 0 0 
1 0 0 
1 0 0 
1 0 0 
1 0 0 
1 0 0 
1 0 0 
1 0 0 
1 0 0 
1 0 0 
1 0 0 
1 0 0 
1 0 0 
1 0 0 
1 0 0 
1 0 0 
1 0 0 
1 0 0 
1 0 0 
1 0 0 
1 0 0 
1 0 0 
1 0 0 
1 0 0 
1 0 0 
1 0 0 
1 0 0 
1 0 0 
1 0 0 
1 0 0 
1 0 0 
1 0 0 
1 0 0 
1 0 0 
1 0 0 
1 0 0 
1 0 0 
1 0 0 
1 0 0 
1 0 0 
1 0 0 
1 0 0 
1 0 0 
1 0 0 
1 0 0 
1 0 0 
1 0 0 
1 0 0 
1 0 0 
1 0 0 
1 0 0 
1 0 0 
1 0 0 
1 0 0 
1 0 0 
1 0 0 
1 0 0 
1 0 0 
1 0 0 
1 0 0 
1 0 0 
1 0 0 
1 0 0 
1 0 0 
1 0 0 
1 0 0 
1 0 0 
1 0 0 
1 0 0 
1 0 0 
1 0 0 
1 0 0 
1 0 0 
1 0 0 
1 0 0 
1 0 0 
1 0 0 
1 0 0 
1 0 0 
1 0 0 
1 0 0 
1 0 0 
1 0 0 
1 0 0 
1 0 0 
1 0 0 
1 0 0 
1 0 0 
1 0 0 
1 0 0 
1 0 0 
1 0 0 
1 0 0 
1 0 0 
1 0 0 
1 0 0 
1 0 0 
1 0 0 
1 0 0 
1 0 0 
1 0 0 
1 0 0 
1 0 0 
1 0 0 
1 0 0 
1 0 0 
1 0 0 
1 0 0 
1 0 0 
1 0 0 
1 0 0 
1 0 0 
1 0 0 
1 0 0 
1 0 0 
1 0 0 
1 0 0 
1 0 0 
1 0 0 
1 0 0 
1 0 0 
1 0 0 
1 0 0 
1 0 0 
1 0 0 
1 0 0 
1 0 0 
1 0 0 
1 0 0 
1 0 0 
1 0 0 
1 0 0 
1 0 0 
1 0 0 
1 0 0 
1 0 0 
1 0 0 
1 0 0 
1 0 0 
1 0 0 
1 0 0 
1 0 0 
1 0 0 
1 0 0 
1 0 0 
1 0 0 
1 0 0 
1 0 0 
1 0 0 
1 0 0 
1 0 0 
1 0 0 
1 0 0 
1 0 0 
1 0 0 
1 0 0 
1 0 0 
1 0 0 
1 0 0 
1 0 0 
1 0 0 
1 0 0 
1 0 0 
1 0 0 
1 0 0 
1 0 0 
1 0 0 
1 0 0 
1 0 0 
1 0 0 
1 0 0 
1 0 0 
1 0 0 
1 0 0 
1 0 0 
1 0 0 
1 0 0 
1 0 0 
1 0 0 
1 0 0 
1 0 0 
1 0 0 
1 0 0 
1 0 0 
1 0 0 
1 0 0 
1 0 0 
1 0 0 
1 0 0 
1 0 0 
1 0 0 
1 0 0 
1 0 0 
1 0 0 
1 0 0 
1 0 0 
1 0 0 
1 0 0 
1 0 0 
1 0 0 
1 0 0 
1 0 0 
1 0 0 
1 0 0 
1 0 0 
1 0 0 
1 0 0 
1 0 0 
1 0 0 
1 0 0 
1 0 0 
1 0 0 
1 0 0 
1 0 0 
1 0 0 
1 0 0 
1 0 0 
1 0 0 
1 0 0 
1 0 0 
1 0 0 
1 0 0 
1 0 0 
1 0 0 
1 0 0 
1 0 0 
1 0 0 
1 0 0 
1 0 0 
1 0 0 
1 0 0 
1 0 0 
1 0 0 
1 0 0 
1 0 0 
1 0 0 
1 0 0 
1 0 0 
1 0 0 
1 0 0 
1 0 0 
1 0 0 
1 0 0 
1 0 0 
1 0 0 
1 0 0 
1 0 0 
1 0 0 
1 0 0 
1 0 0 
1 0 0 
1 0 0 
1 0 0 
1 0 0 
1 0 0 
1 0 0 
1 0 0 
1 0 0 
1 0 0 
1 0 0 
1 0 0 
1 0 0 
1 0 0 
1 0 0 
1 0 0 
1 0 0 
1 0 0 
1 0 0 
1 0 0 
1 0 0 
1 0 0 
1 0 0 
1 0 0 
1 0 0 
1 0 0 
1 0 0 
1 0 0 
1 0 0 
1 0 0 
1 0 0 
1 0 0 
1 0 0 
1 0 0 
1 0 0 
1 0 0 
1 0 0 
1 0 0 
1 0 0 
1 0 0 
1 0 0 
1 0 0 
1 0 0 
1 0 0 
1 0 0 
1 0 0 
1 0 0 
1 0 0 
1 0 0 
1 0 0 
1 0 0 
1 0 0 
1 0 0 
1 0 0 
1 0 0 
1 0 0 
1 0 0 
1 0 0 
1 0 0 
1 0 0 
1 0 0 
1 0 0 
1 0 0 
1 0 0 
1 0 0 
1 0 0 
1 0 0 
1 0 0 
1 0 0 
1 0 0 
1 0 0 
1 0 0 
1 0 0 
1 0 0 
1 0 0 
1 0 0 
1 0 0 
1 0 0 
1 0 0 
1 0 0 
1 0 0 
1 0 0 
1 0 0 
1 0 0 
1 0 0 
1 0 0 
1 0 0 
1 0 0 
1 0 0 
1 0 0 
1 0 0 
1 0 0 
1 0 0 
1 0 0 
1 0 0 
1 0 0 
1 0 0 
1 0 0 
1 0 0 
1 0 0 
1 0 0 
1 0 0 
1 0 0 
1 0 0 
1 0 0 
1 0 0 
1 0 0 
1 0 0 
1 0 0 
1 0 0 
1 0 0 
1 0 0 
1 0 0 
1 0 0 
1 0 0 
1 0 0 
1 0 0 
1 0 0 
1 0 0 
1 0 0 
1 0 0 
1 0 0 
1 0 0 
1 0 0 
1 0 0 
1 0 0 
1 0 0 
1 0 0 
1 0 0 
1 0 0 
1 0 0 
1 0 0 
1 0 0 
1 0 0 
1 0 0 
1 0 0 
1 0 0 
1 0 0 
1 0 0 
1 0 0 
1 0 0 
1 0 0 
1 0 0 
1 0 0 
1 0 0 
1 0 0 
1 0 0 
1 0 0 
1 0 0 
1 0 0 
1 0 0 
1 0 0 
1 0 0 
1 0 0 
1 0 0 
1 0 0 
1 0 0 
1 0 0 
1 0 0 
1 0 0 
1 0 0 
1 0 0 
1 0 0 
1 0 0 
1 0 0 
1 0 0 
1 0 0 
1 0 0 
1 0 0 
1 0 0 
1 0 0 
1 0 0 
1 0 0 
1 0 0 
1 0 0 
1 0 0 
1 0 0 
1 0 0 
1 0 0 
1 0 0 
1 0 0 
1 0 0 
1 0 0 
1 0 0 
1 0 0 
1 0 0 
1 0 0 
1 0 0 
1 0 0 
1 0 0 
1 0 0 
1 0 0 
1 0 0 
1 0 0 
1 0 0 
1 0 0 
1 0 0 
1 0 0 
1 0 0 
1 0 0 
1 0 0 
1 0 0 
1 0 0 
1 0 0 
1 0 0 
1 0 0 
1 0 0 
1 0 0 
1 0 0 
1 0 0 
1 0 0 
1 0 0 
1 0 0 
1 0 0 
1 0 0 
1 0 0 
1 0 0 
1 0 0 
1 0 0 
1 0 0 
1 0 0 
1 0 0 
1 0 0 
1 0 0 
1 0 0 
1 0 0 
1 0 0 
1 0 0 
1 0 0 
1 0 0 
1 0 0 
1 0 0 
1 0 0 
1 0 0 
1 0 0 
1 0 0 
1 0 0 
1 0 0 
1 0 0 
1 0 0 
1 0 0 
1 0 0 
1 0 0 
1 0 0 
1 0 0 
1 0 0 
1 0 0 
1 0 0 
1 0 0 
1 0 0 
1 0 0 
1 0 0 
1 0 0 
1 0 0 
1 0 0 
1 0 0 
1 0 0 
1 0 0 
1 0 0 
1 0 0 
1 0 0 
1 0 0 
1 0 0 
1 0 0 
1 0 0 
1 0 0 
1 0 0 
1 0 0 
1 0 0 
1 0 0 
1 0 0 
1 0 0 
1 0 0 
1 0 0 
1 0 0 
1 0 0 
1 0 0 
1 0 0 
1 0 0 
1 0 0 
1 0 0 
1 0 0 
1 0 0 
1 0 0 
1 0 0 
1 0 0 
1 0 0 
1 0 0 
1 0 0 
1 0 0 
1 0 0 
1 0 0 
1 0 0 
1 0 0 
1 0 0 
1 0 0 
1 0 0 
1 0 0 
1 0 0 
1 0 0 
1 0 0 
1 0 0 
1 0 0 
1 0 0 
1 0 0 
1 0 0 
1 0 0 
1 0 0 
1 0 0 
1 0 0 
1 0 0 
1 0 0 
1 0 0 
1 0 0 
1 0 0 
1 0 0 
1 0 0 
1 0 0 
1 0 0 
1 0 0 
1 0 0 
1 0 0 
1 0 0 
1 0 0 
1 0 0 
1 0 0 
1 0 0 
1 0 0 
1 0 0 
1 0 0 
1 0 0 
1 0 0 
1 0 0 
1 0 0 
1 0 0 
1 0 0 
1 0 0 
1 0 0 
1 0 0 
1 0 0 
1 0 0 
1 0 0 
1 0 0 
1 0 0 
1 0 0 
1 0 0 
1 0 0 
1 0 0 
1 0 0 
1 0 0 
1 0 0 
1 0 0 
1 0 0 
1 0 0 
1 0 0 
1 0 0 
1 0 0 
1 0 0 
1 0 0 
1 0 0 
1 0 0 
1 0 0 
1 0 0 
1 0 0 
1 0 0 
1 0 0 
1 0 0 
1 0 0 
1 0 0 
1 0 0 
1 0 0 
1 0 0 
1 0 0 
1 0 0 
1 0 0 
1 0 0 
1 0 0 
1 0 0 
1 0 0 
1 0 0 
1 0 0 
1 0 0 
1 0 0 
1 0 0 
1 0 0 
1 0 0 
1 0 0 
1 0 0 
1 0 0 
1 0 0 
1 0 0 
1 0 0 
1 0 0 
1 0 0 
1 0 0 
1 0 0 
1 0 0 
1 0 0 
1 0 0 
1 0 0 
1 0 0 
1 0 0 
1 0 0 
1 0 0 
1 0 0 
1 0 0 
1 0 0 
1 0 0 
1 0 0 
1 0 0 
1 0 0 
1 0 0 
1 0 0 
1 0 0 
1 0 0 
1 0 0 
1 0 0 
1 0 0 
1 0 0 
1 0 0 
1 0 0 
1 0 0 
1 0 0 
1 0 0 
1 0 0 
1 0 0 
1 0 0 
1 0 0 
1 0 0 
1 0 0 
1 0 0 
1 0 0 
1 0 0 
1 0 0 
1 0 0 
1 0 0 
1 0 0 
1 0 0 
1 0 0 
1 0 0 
1 0 0 
1 0 0 
1 0 0 
1 0 0 
1 0 0 
1 0 0 
1 0 0 
1 0 0 
1 0 0 
1 0 0 
1 0 0 
1 0 0 
1 0 0 
1 0 0 
1 0 0 
1 0 0 
1 0 0 
1 0 0 
1 0 0 
1 0 0 
1 0 0 
1 0 0 
1 0 0 
1 0 0 
1 0 0 
1 0 0 
1 0 0 
1 0 0 
1 0 0 
1 0 0 
1 0 0 
1 0 0 
1 0 0 
1 0 0 
1 0 0 
1 0 0 
1 0 0 
1 0 0 
1 0 0 
1 0 0 
1 0 0 
1 0 0 
1 0 0 
1 0 0 
1 0 0 
1 0 0 
1 0 0 
1 0 0 
1 0 0 
1 0 0 
1 0 0 
1 0 0 
1 0 0 
1 0 0 
1 0 0 
1 0 0 
1 0 0 
1 0 0 
1 0 0 
1 0 0 
1 0 0 
1 0 0 
1 0 0 
1 0 0 
1 0 0 
1 0 0 
1 0 0 
1 0 0 
1 0 0 
1 0 0 
1 0 0 
1 0 0 
1 0 0 
1 0 0 
1 0 0 
1 0 0 
1 0 0 
1 0 0 
1 0 0 
1 0 0 
1 0 0 
1 0 0 
1 0 0 
1 0 0 
1 0 0 
1 0 0 
1 0 0 
1 0 0 
1 0 0 
1 0 0 
1 0 0 
1 0 0 
1 0 0 
1 0 0 
1 0 0 
1 0 0 
1 0 0 
1 0 0 
1 0 0 
1 0 0 
1 0 0 
1 0 0 
1 0 0 
1 0 0 
1 0 0 
1 0 0 
1 0 0 
1 0 0 
1 0 0 
1 0 0 
1 0 0 
1 0 0 
1 0 0 
1 0 0 
1 0 0 
1 0 0 
1 0 0 
1 0 0 
1 0 0 
1 0 0 
1 0 0 
1 0 0 
1 0 0 
1 0 0 
1 0 0 
1 0 0 
1 0 0 
1 0 0 
1 0 0 
1 0 0 
1 0 0 
1 0 0 
1 0 0 
1 0 0 
1 0 0 
1 0 0 
1 0 0 
1 0 0 
1 0 0 
1 0 0 
1 0 0 
1 0 0 
1 0 0 
1 0 0 
1 0 0 
1 0 0 
1 0 0 
1 0 0 
1 0 0 
1 0 0 
1 0 0 
1 0 0 
1 0 0 
1 0 0 
1 0 0 
1 0 0 
1 0 0 
1 0 0 
1 0 0 
1 0 0 
1 0 0 
1 0 0 
1 0 0 
1 0 0 
1 0 0 
1 0 0 
1 0 0 
1 0 0 
1 0 0 
1 0 0 
1 0 0 
1 0 0 
1 0 0 
1 0 0 
1 0 0 
1 0 0 
1 0 0 
1 0 0 
1 0 0 
1 0 0 
1 0 0 
1 0 0 
1 0 0 
1 0 0 
1 0 0 
1 0 0 
1 0 0 
1 0 0 
1 0 0 
1 0 0 
1 0 0 
1 0 0 
1 0 0 
1 0 0 
1 0 0 
1 0 0 
1 0 0 
1 0 0 
1 0 0 
1 0 0 
1 0 0 
1 0 0 
1 0 0 
1 0 0 
1 0 0 
1 0 0 
1 0 0 
1 0 0 
1 0 0 
1 0 0 
1 0 0 
1 0 0 
1 0 0 
1 0 0 
1 0 0 
1 0 0 
1 0 0 
1 0 0 
1 0 0 
1 0 0 
1 0 0 
1 0 0 
1 0 0 
1 0 0 
1 0 0 
1 0 0 
1 0 0 
1 0 0 
1 0 0 
1 0 0 
1 0 0 
1 0 0 
1 0 0 
1 0 0 
1 0 0 
1 0 0 
1 0 0 
1 0 0 
1 0 0 
1 0 0 
1 0 0 
1 0 0 
1 0 0 
1 0 0 
1 0 0 
1 0 0 
1 0 0 
1 0 0 
1 0 0 
1 0 0 
1 0 0 
1 0 0 
1 0 0 
1 0 0 
1 0 0 
1 0 0 
1 0 0 
1 0 0 
1 0 0 
1 0 0 
1 0 0 
1 0 0 
1 0 0 
1 0 0 
1 0 0 
1 0 0 
1 0 0 
1 0 0 
1 0 0 
1 0 0 
1 0 0 
1 0 0 
1 0 0 
1 0 0 
1 0 0 
1 0 0 
1 0 0 
1 0 0 
1 0 0 
1 0 0 
1 0 0 
1 0 0 
1 0 0 
1 0 0 
