2 0 0 
2 0 0 
2 0 0 
2 0 0 
2 0 0 
2 0 0 
2 0 0 
2 0 0 
2 0 0 
2 0 0 
2 0 0 
2 0 0 
2 0 0 
2 0 0 
2 0 0 
2 0 0 
2 0 0 
2 0 0 
2 0 0 
2 0 0 
2 0 0 
2 0 0 
2 0 0 
2 0 0 
2 0 0 
2 0 0 
2 0 0 
2 0 0 
2 0 0 
2 0 0 
2 0 0 
2 0 0 
2 0 0 
2 0 0 
2 0 0 
2 0 0 
2 0 0 
2 0 0 
2 0 0 
2 0 0 
2 0 0 
2 0 0 
2 0 0 
2 0 0 
2 0 0 
2 0 0 
2 0 0 
2 0 0 
2 0 0 
2 0 0 
2 0 0 
2 0 0 
2 0 0 
2 0 0 
2 0 0 
2 0 0 
2 0 0 
2 0 0 
2 0 0 
2 0 0 
2 0 0 
2 0 0 
2 0 0 
2 0 0 
2 0 0 
2 0 0 
2 0 0 
2 0 0 
2 0 0 
2 0 0 
2 0 0 
2 0 0 
2 0 0 
2 0 0 
2 0 0 
2 0 0 
2 0 0 
2 0 0 
2 0 0 
2 0 0 
2 0 0 
2 0 0 
2 0 0 
2 0 0 
2 0 0 
2 0 0 
2 0 0 
2 0 0 
2 0 0 
2 0 0 
2 0 0 
2 0 0 
2 0 0 
2 0 0 
2 0 0 
2 0 0 
2 0 0 
2 0 0 
2 0 0 
2 0 0 
2 0 0 
2 0 0 
2 0 0 
2 0 0 
2 0 0 
2 0 0 
2 0 0 
2 0 0 
2 0 0 
2 0 0 
2 0 0 
2 0 0 
2 0 0 
2 0 0 
2 0 0 
2 0 0 
2 0 0 
2 0 0 
2 0 0 
2 0 0 
2 0 0 
2 0 0 
2 0 0 
2 0 0 
2 0 0 
2 0 0 
2 0 0 
2 0 0 
2 0 0 
2 0 0 
2 0 0 
2 0 0 
2 0 0 
2 0 0 
2 0 0 
2 0 0 
2 0 0 
2 0 0 
2 0 0 
2 0 0 
2 0 0 
2 0 0 
2 0 0 
2 0 0 
2 0 0 
2 0 0 
2 0 0 
2 0 0 
2 0 0 
2 0 0 
2 0 0 
2 0 0 
2 0 0 
2 0 0 
2 0 0 
2 0 0 
2 0 0 
2 0 0 
2 0 0 
2 0 0 
2 0 0 
2 0 0 
2 0 0 
2 0 0 
2 0 0 
2 0 0 
2 0 0 
2 0 0 
2 0 0 
2 0 0 
2 0 0 
2 0 0 
2 0 0 
2 0 0 
2 0 0 
2 0 0 
2 0 0 
2 0 0 
2 0 0 
2 0 0 
2 0 0 
2 0 0 
2 0 0 
2 0 0 
2 0 0 
2 0 0 
2 0 0 
2 0 0 
2 0 0 
2 0 0 
2 0 0 
2 0 0 
2 0 0 
2 0 0 
2 0 0 
2 0 0 
2 0 0 
2 0 0 
2 0 0 
2 0 0 
2 0 0 
2 0 0 
2 0 0 
2 0 0 
2 0 0 
2 0 0 
2 0 0 
2 0 0 
2 0 0 
2 0 0 
2 0 0 
2 0 0 
2 0 0 
2 0 0 
2 0 0 
2 0 0 
2 0 0 
2 0 0 
2 0 0 
2 0 0 
2 0 0 
2 0 0 
2 0 0 
2 0 0 
2 0 0 
2 0 0 
2 0 0 
2 0 0 
2 0 0 
2 0 0 
2 0 0 
2 0 0 
2 0 0 
2 0 0 
2 0 0 
2 0 0 
2 0 0 
2 0 0 
2 0 0 
2 0 0 
2 0 0 
2 0 0 
2 0 0 
2 0 0 
2 0 0 
2 0 0 
2 0 0 
2 0 0 
2 0 0 
2 0 0 
2 0 0 
2 0 0 
2 0 0 
2 0 0 
2 0 0 
2 0 0 
2 0 0 
2 0 0 
2 0 0 
2 0 0 
2 0 0 
2 0 0 
2 0 0 
2 0 0 
2 0 0 
2 0 0 
2 0 0 
2 0 0 
2 0 0 
2 0 0 
2 0 0 
2 0 0 
2 0 0 
2 0 0 
2 0 0 
2 0 0 
2 0 0 
2 0 0 
2 0 0 
2 0 0 
2 0 0 
2 0 0 
2 0 0 
2 0 0 
2 0 0 
2 0 0 
2 0 0 
2 0 0 
2 0 0 
2 0 0 
2 0 0 
2 0 0 
2 0 0 
2 0 0 
2 0 0 
2 0 0 
2 0 0 
2 0 0 
2 0 0 
2 0 0 
2 0 0 
2 0 0 
2 0 0 
2 0 0 
2 0 0 
2 0 0 
2 0 0 
2 0 0 
2 0 0 
2 0 0 
2 0 0 
2 0 0 
2 0 0 
2 0 0 
2 0 0 
2 0 0 
2 0 0 
2 0 0 
2 0 0 
2 0 0 
2 0 0 
2 0 0 
2 0 0 
2 0 0 
2 0 0 
2 0 0 
2 0 0 
2 0 0 
2 0 0 
2 0 0 
2 0 0 
2 0 0 
2 0 0 
2 0 0 
2 0 0 
2 0 0 
2 0 0 
2 0 0 
2 0 0 
2 0 0 
2 0 0 
2 0 0 
2 0 0 
2 0 0 
2 0 0 
2 0 0 
2 0 0 
2 0 0 
2 0 0 
2 0 0 
2 0 0 
2 0 0 
2 0 0 
2 0 0 
2 0 0 
2 0 0 
2 0 0 
2 0 0 
2 0 0 
2 0 0 
2 0 0 
2 0 0 
2 0 0 
2 0 0 
2 0 0 
2 0 0 
2 0 0 
2 0 0 
2 0 0 
2 0 0 
2 0 0 
2 0 0 
2 0 0 
2 0 0 
2 0 0 
2 0 0 
2 0 0 
2 0 0 
2 0 0 
2 0 0 
2 0 0 
2 0 0 
2 0 0 
2 0 0 
2 0 0 
2 0 0 
2 0 0 
2 0 0 
2 0 0 
2 0 0 
2 0 0 
2 0 0 
2 0 0 
2 0 0 
2 0 0 
2 0 0 
2 0 0 
2 0 0 
2 0 0 
2 0 0 
2 0 0 
2 0 0 
2 0 0 
2 0 0 
2 0 0 
2 0 0 
2 0 0 
2 0 0 
2 0 0 
2 0 0 
2 0 0 
2 0 0 
2 0 0 
2 0 0 
2 0 0 
2 0 0 
2 0 0 
2 0 0 
2 0 0 
2 0 0 
2 0 -8.4073e-45 
2 0 0 
2 0 0 
2 0 0 
2 0 0 
2 0 0 
2 0 0 
2 0 0 
2 0 0 
2 0 0 
2 0 0 
2 0 0 
2 0 0 
2 0 0 
2 0 0 
2 0 0 
2 0 0 
2 0 0 
2 0 0 
2 0 8.4073e-45 
2 0 -2.00761e-41 
2 0 -2.74281e-61 
2 0 0 
2 0 0 
2 0 0 
2 0 0 
2 0 0 
2 0 0 
2 0 0 
2 0 0 
2 0 0 
2 0 0 
2 0 0 
2 0 0 
2 0 0 
2 0 0 
2 0 0 
2 0 0 
2 0 6.85703e-62 
2 0 2.00761e-41 
2 0 -2.71349e-36 
2 0 -1.82271e-57 
2 0 0 
2 0 0 
2 0 0 
2 0 0 
2 0 0 
2 0 0 
2 0 0 
2 0 0 
2 0 0 
2 0 0 
2 0 0 
2 0 0 
2 0 0 
2 0 0 
2 0 0 
2 0 0 
2 0 7.41137e-58 
2 0 2.71349e-36 
2 0 -3.10344e-34 
2 0 -5.82989e-54 
2 0 2.60311e-59 
2 0 0 
2 0 0 
2 0 0 
2 0 0 
2 0 0 
2 0 0 
2 0 0 
2 0 0 
2 0 0 
2 0 0 
2 0 0 
2 0 0 
2 0 0 
2 0 0 
2 0 0 
2 0 2.43229e-54 
2 0 3.10344e-34 
2 0 5.57012e-31 
2 0 -9.54332e-51 
2 0 1.14458e-55 
2 0 0 
2 0 0 
2 0 0 
2 0 0 
2 0 0 
2 0 0 
2 0 0 
2 0 0 
2 0 0 
2 0 0 
2 0 0 
2 0 0 
2 0 0 
2 0 0 
2 0 0 
2 0 3.75235e-51 
2 0 -5.57012e-31 
2 0 5.01831e-28 
2 0 -9.27651e-48 
2 0 2.27552e-52 
2 0 2.19164e-55 
2 0 0 
2 0 0 
2 0 0 
2 0 0 
2 0 0 
2 0 0 
2 0 0 
2 0 0 
2 0 0 
2 0 0 
2 0 0 
2 0 0 
2 0 0 
2 0 -1.84677e-60 
2 0 3.96277e-48 
2 0 -5.01831e-28 
2 0 2.16371e-25 
2 0 -5.89907e-45 
2 0 2.72418e-49 
2 0 7.56721e-52 
2 0 0 
2 0 0 
2 0 0 
2 0 0 
2 0 0 
2 0 0 
2 0 0 
2 0 0 
2 0 0 
2 0 0 
2 0 0 
2 0 0 
2 0 0 
2 0 -7.92546e-52 
2 0 3.05735e-45 
2 0 -2.16371e-25 
2 0 7.94714e-24 
2 0 -2.60335e-42 
2 0 2.20089e-46 
2 0 1.19876e-48 
2 0 0 
2 0 0 
2 0 0 
2 0 0 
2 0 0 
2 0 0 
2 0 0 
2 0 0 
2 0 0 
2 0 0 
2 0 0 
2 0 0 
2 0 0 
2 0 -2.45623e-48 
2 0 1.66505e-42 
2 0 -7.94715e-24 
2 2.94124e-17 4.25313e-21 
2 2.94124e-17 -8.30484e-40 
2 2.94124e-17 8.85871e-43 
2 2.94124e-17 1.15309e-45 
2 2.94124e-17 0 
2 2.94124e-17 0 
2 2.94124e-17 0 
2 2.94124e-17 0 
2 2.94124e-17 0 
2 2.94124e-17 0 
2 2.94124e-17 0 
2 2.94124e-17 0 
2 2.94124e-17 0 
2 2.94124e-17 0 
2 2.94124e-17 0 
2 2.94124e-17 0 
2 2.94124e-17 -1.75534e-48 
2 2.94124e-17 -3.69215e-44 
2 2.94124e-17 6.30874e-40 
2 2.94124e-17 -4.25761e-21 
2 6.87553e-15 1.17032e-17 
2 6.87553e-15 -1.99652e-37 
2 6.87553e-15 -2.23784e-24 
2 6.87553e-15 7.51005e-43 
2 6.87553e-15 0 
2 6.87553e-15 0 
2 6.87553e-15 0 
2 6.87553e-15 0 
2 6.87553e-15 0 
2 6.87553e-15 0 
2 6.87553e-15 0 
2 6.87553e-15 0 
2 6.87553e-15 0 
2 6.87553e-15 0 
2 6.87553e-15 0 
2 6.87553e-15 0 
2 6.87553e-15 -6.98589e-45 
2 6.87553e-15 2.23784e-24 
2 6.87553e-15 1.72188e-37 
2 6.87553e-15 -1.17061e-17 
2 4.12019e-13 3.88281e-18 
2 4.12019e-13 -3.94079e-35 
2 4.12019e-13 -2.16979e-21 
2 4.12019e-13 3.49527e-40 
2 4.12019e-13 0 
2 4.12019e-13 0 
2 4.12019e-13 0 
2 4.12019e-13 0 
2 4.12019e-13 0 
2 4.12019e-13 0 
2 4.12019e-13 0 
2 4.12019e-13 0 
2 4.12019e-13 0 
2 4.12019e-13 0 
2 4.12019e-13 0 
2 4.12019e-13 0 
2 4.12019e-13 -2.1207e-41 
2 4.12019e-13 2.16979e-21 
2 4.12019e-13 9.2292e-36 
2 4.12019e-13 -4.0913e-18 
2 1.88586e-11 -1.88828e-17 
2 1.88586e-11 -1.47444e-33 
2 1.88586e-11 -7.04302e-19 
2 1.88586e-11 1.19546e-37 
2 1.88586e-11 8.29197e-43 
2 1.88586e-11 0 
2 1.88586e-11 0 
2 1.88586e-11 0 
2 1.88586e-11 0 
2 1.88586e-11 0 
2 1.88586e-11 0 
2 1.88586e-11 0 
2 1.88586e-11 0 
2 1.88586e-11 0 
2 1.88586e-11 0 
2 1.88586e-11 -5.09557e-42 
2 1.88586e-11 -3.14976e-38 
2 1.88586e-11 7.04302e-19 
2 1.88586e-11 -1.26105e-33 
2 1.88586e-11 2.36426e-17 
2 6.49448e-10 2.62335e-16 
2 6.49448e-10 -2.11142e-18 
2 6.49448e-10 -7.75241e-17 
2 6.49448e-10 3.04683e-35 
2 6.49448e-10 1.96604e-39 
2 6.49448e-10 0 
2 6.49448e-10 0 
2 6.49448e-10 0 
2 6.49448e-10 0 
2 6.49448e-10 0 
2 6.49448e-10 0 
2 6.49448e-10 0 
2 6.49448e-10 0 
2 6.49448e-10 0 
2 6.49448e-10 0 
2 6.49448e-10 -1.55029e-38 
2 6.49448e-10 -2.56181e-35 
2 6.49448e-10 7.75241e-17 
2 6.49448e-10 -2.14086e-31 
2 6.49448e-10 -5.55201e-18 
2 1.68191e-08 -1.33622e-16 
2 1.68191e-08 -3.41244e-16 
2 1.68191e-08 -1.99395e-16 
2 1.68191e-08 5.86238e-33 
2 1.68191e-08 2.0552e-36 
2 1.68191e-08 0 
2 1.68191e-08 0 
2 1.68191e-08 0 
2 1.68191e-08 0 
2 1.68191e-08 0 
2 1.68191e-08 0 
2 1.68191e-08 0 
2 1.68191e-08 0 
2 1.68191e-08 0 
2 1.68191e-08 0 
2 1.68191e-08 -1.98054e-35 
2 1.68191e-08 -1.26167e-32 
2 1.68191e-08 1.99395e-16 
2 1.68191e-08 -2.28438e-29 
2 1.68191e-08 -8.58762e-17 
2 3.30242e-07 -9.02653e-17 
2 3.30242e-07 -2.11142e-18 
2 3.30242e-07 -7.75241e-17 
2 3.30242e-07 9.01597e-31 
2 3.30242e-07 1.27128e-33 
2 3.30242e-07 1.72336e-45 
2 3.30242e-07 0 
2 3.30242e-07 0 
2 3.30242e-07 0 
2 3.30242e-07 0 
2 3.30242e-07 0 
2 3.30242e-07 0 
2 3.30242e-07 0 
2 3.30242e-07 0 
2 3.30242e-07 0 
2 3.30242e-07 -1.40931e-32 
2 3.30242e-07 -3.95832e-30 
2 3.30242e-07 7.75241e-17 
2 3.30242e-07 -1.67868e-27 
2 3.30242e-07 4.6131e-18 
2 4.98024e-06 -2.56847e-17 
2 4.98024e-06 9.53945e-26 
2 4.98024e-06 -7.04302e-19 
2 4.98024e-06 1.37275e-28 
2 4.98024e-06 5.40859e-31 
2 4.98024e-06 4.45434e-42 
2 4.98024e-06 0 
2 4.98024e-06 0 
2 4.98024e-06 0 
2 4.98024e-06 0 
2 4.98024e-06 0 
2 4.98024e-06 0 
2 4.98024e-06 0 
2 4.98024e-06 0 
2 4.98024e-06 0 
2 4.98024e-06 -6.17774e-30 
2 4.98024e-06 -8.05473e-28 
2 4.98024e-06 7.04303e-19 
2 4.98024e-06 -8.36576e-26 
2 4.98024e-06 2.89813e-17 
1.99999 5.84155e-05 -6.12488e-18 
1.99999 5.84155e-05 3.75352e-24 
1.99999 5.84155e-05 -2.17092e-21 
1.99999 5.84155e-05 2.61926e-26 
1.99999 5.84155e-05 1.77134e-28 
1.99999 5.84155e-05 5.12026e-39 
1.99999 5.84155e-05 0 
1.99999 5.84155e-05 0 
1.99999 5.84155e-05 0 
1.99999 5.84155e-05 0 
1.99999 5.84155e-05 0 
1.99999 5.84155e-05 0 
1.99999 5.84155e-05 0 
1.99999 5.84155e-05 0 
1.99999 5.84155e-05 0 
1.99999 5.84155e-05 -1.72722e-27 
1.99999 5.84155e-05 -1.06291e-25 
1.99999 5.84155e-05 2.17165e-21 
1.99999 5.84155e-05 -2.85818e-24 
1.99999 5.84155e-05 6.34392e-18 
1.99988 0.000537859 -3.6114e-18 
1.99988 0.000537859 1.63645e-22 
1.99988 0.000537859 8.97525e-24 
1.99988 0.000537859 4.90624e-24 
1.99988 0.000537859 4.6528e-26 
1.99988 0.000537859 3.67678e-35 
1.99988 0.000537859 0 
1.99988 0.000537859 0 
1.99988 0.000537859 0 
1.99988 0.000537859 0 
1.99988 0.000537859 0 
1.99988 0.000537859 0 
1.99988 0.000537859 0 
1.99988 0.000537859 0 
1.99988 0.000537859 0 
1.99988 0.000537859 -3.05836e-25 
1.99988 0.000537859 -9.1455e-24 
1.99988 0.000537859 -3.63948e-23 
1.99988 0.000537859 -7.9961e-23 
1.99988 0.000537859 3.60785e-18 
1.99912 0.00390466 -4.67174e-18 
1.99912 0.00390466 9.07449e-21 
1.99912 0.00390466 5.12419e-22 
1.99912 0.00390466 6.15414e-22 
1.99912 0.00390466 9.11081e-24 
1.99912 0.00390466 6.23687e-32 
1.99912 0.00390466 0 
1.99912 0.00390466 0 
1.99912 0.00390466 0 
1.99912 0.00390466 0 
1.99912 0.00390466 0 
1.99912 0.00390466 0 
1.99912 0.00390466 0 
1.99912 0.00390466 0 
1.99912 0.00390466 0 
1.99912 0.00390466 -3.25879e-23 
1.99912 0.00390466 -5.40976e-22 
1.99912 0.00390466 -2.21041e-21 
1.99912 0.00390466 -2.70031e-21 
1.99912 0.00390466 4.42943e-18 
1.99495 0.022318 -2.09727e-17 
1.99495 0.022318 2.03687e-20 
1.99495 0.022318 2.45039e-20 
1.99495 0.022318 3.85328e-20 
1.99495 0.022318 1.14106e-21 
1.99495 0.022318 1.02398e-24 
1.99495 0.022318 0 
1.99495 0.022318 0 
1.99495 0.022318 0 
1.99495 0.022318 0 
1.99495 0.022318 0 
1.99495 0.022318 0 
1.99495 0.022318 0 
1.99495 0.022318 0 
1.99495 0.022318 -1.02391e-24 
1.99495 0.022318 -1.85088e-21 
1.99495 0.022318 -2.26867e-20 
1.99495 0.022318 -6.4672e-20 
1.99495 0.022318 -6.15801e-20 
1.99495 0.022318 1.90931e-17 
1.97733 0.0994133 -3.54095e-16 
1.97733 0.0994133 -9.66008e-19 
1.97733 0.0994133 5.98674e-20 
1.97733 0.0994133 6.43712e-19 
1.97733 0.0994133 7.2358e-20 
1.97733 0.0994133 4.08061e-21 
1.97733 0.0994133 1.86741e-35 
1.97733 0.0994133 0 
1.97733 0.0994133 0 
1.97733 0.0994133 0 
1.97733 0.0994133 0 
1.97733 0.0994133 0 
1.97733 0.0994133 0 
1.97733 0.0994133 0 
1.97733 0.0994133 -4.08057e-21 
1.97733 0.0994133 -4.42124e-20 
1.97733 0.0994133 -4.68048e-19 
1.97733 0.0994133 -1.48491e-18 
1.97733 0.0994133 2.75264e-18 
1.97733 0.0994133 3.72834e-16 
1.92028 0.341209 3.85506e-16 
1.92028 0.341209 -2.45252e-17 
1.92028 0.341209 -7.91447e-18 
1.92028 0.341209 -5.03927e-18 
1.92028 0.341209 1.28831e-18 
1.92028 0.341209 1.33032e-17 
1.92028 0.341209 3.80417e-31 
1.92028 0.341209 0 
1.92028 0.341209 0 
1.92028 0.341209 0 
1.92028 0.341209 0 
1.92028 0.341209 0 
1.92028 0.341209 0 
1.92028 0.341209 0 
1.92028 0.341209 -1.33032e-17 
1.92028 0.341209 -8.04818e-19 
1.92028 0.341209 -7.38401e-18 
1.92028 0.341209 5.15539e-18 
1.92028 0.341209 2.83508e-17 
1.92028 0.341209 -3.09424e-16 
1.78625 0.86323 -1.91338e-16 
1.78625 0.86323 -4.85446e-16 
1.78625 0.86323 -7.94898e-17 
1.78625 0.86323 1.48704e-17 
1.78625 0.86323 1.50469e-17 
1.78625 0.86323 3.81932e-16 
1.78625 0.86323 -7.10453e-25 
1.78625 0.86323 0 
1.78625 0.86323 0 
1.78625 0.86323 0 
1.78625 0.86323 0 
1.78625 0.86323 0 
1.78625 0.86323 0 
1.78625 0.86323 0 
1.78625 0.86323 -3.81934e-16 
1.78625 0.86323 -4.04454e-17 
1.78625 0.86323 7.79947e-18 
1.78625 0.86323 4.47823e-16 
1.78625 0.86323 8.68515e-17 
1.78625 0.86323 3.62345e-16 
1.6558 1.299 -9.97108e-16 
1.6558 1.299 2.60132e-16 
1.6558 1.299 1.52572e-17 
1.6558 1.299 -1.56022e-16 
1.6558 1.299 3.83465e-17 
1.6558 1.299 9.69152e-17 
1.6558 1.299 -7.40158e-22 
1.6558 1.299 0 
1.6558 1.299 0 
1.6558 1.299 0 
1.6558 1.299 0 
1.6558 1.299 0 
1.6558 1.299 0 
1.6558 1.299 0 
1.6558 1.299 -9.70899e-17 
1.6558 1.299 -7.79736e-17 
1.6558 1.299 2.42487e-16 
1.6558 1.299 2.66757e-16 
1.6558 1.299 6.33017e-17 
1.6558 1.299 7.96885e-16 
1.57969 1.64052 -1.69505e-16 
1.57969 1.64052 -4.10417e-17 
1.57969 1.64052 -1.32285e-17 
1.57969 1.64052 -2.47734e-17 
1.57969 1.64052 8.81585e-17 
1.57969 1.64052 5.0588e-17 
1.57969 1.64052 -2.66492e-19 
1.57969 1.64052 -4.90206e-18 
1.57969 1.64052 0 
1.57969 1.64052 0 
1.57969 1.64052 0 
1.57969 1.64052 0 
1.57969 1.64052 4.90206e-18 
1.57969 1.64052 0 
1.57969 1.64052 -5.49811e-17 
1.57969 1.64052 -1.29523e-17 
1.57969 1.64052 7.49881e-17 
1.57969 1.64052 1.08286e-16 
1.57969 1.64052 -1.91404e-16 
1.57969 1.64052 -3.5888e-16 
1.50288 1.74228 3.68113e-16 
1.50288 1.74228 -1.90043e-16 
1.50288 1.74228 2.56237e-16 
1.50288 1.74228 1.34536e-16 
1.50288 1.74228 1.62346e-16 
1.50288 1.74228 -2.42499e-17 
1.50288 1.74228 -3.4693e-17 
1.50288 1.74228 0 
1.50288 1.74228 0 
1.50288 1.74228 0 
1.50288 1.74228 0 
1.50288 1.74228 0 
1.50288 1.74228 0 
1.50288 1.74228 2.36141e-21 
1.50288 1.74228 -1.08775e-18 
1.50288 1.74228 -7.34614e-17 
1.50288 1.74228 -4.90645e-17 
1.50288 1.74228 -2.80085e-16 
1.50288 1.74228 -6.11395e-16 
1.50288 1.74228 2.32571e-16 
1.45929 1.79559 -1.67362e-16 
1.45929 1.79559 -2.35253e-16 
1.45929 1.79559 3.44315e-16 
1.45929 1.79559 4.16275e-16 
1.45929 1.79559 4.17287e-16 
1.45929 1.79559 -6.11784e-17 
1.45929 1.79559 -2.62969e-16 
1.45929 1.79559 2.34932e-21 
1.45929 1.79559 0 
1.45929 1.79559 0 
1.45929 1.79559 0 
1.45929 1.79559 0 
1.45929 1.79559 0 
1.45929 1.79559 1.80289e-18 
1.45929 1.79559 2.63968e-17 
1.45929 1.79559 -1.81276e-16 
1.45929 1.79559 -1.4828e-16 
1.45929 1.79559 -4.015e-16 
1.45929 1.79559 -5.98035e-16 
1.45929 1.79559 -6.83234e-17 
1.46013 1.91749 -1.95294e-16 
1.46013 1.91749 -1.1305e-16 
1.46013 1.91749 -5.49667e-17 
1.46013 1.91749 2.06453e-16 
1.46013 1.91749 2.56183e-16 
1.46013 1.91749 3.0587e-18 
1.46013 1.91749 -5.64851e-17 
1.46013 1.91749 6.70353e-18 
1.46013 1.91749 0 
1.46013 1.91749 0 
1.46013 1.91749 0 
1.46013 1.91749 0 
1.46013 1.91749 0 
1.46013 1.91749 1.72729e-16 
1.46013 1.91749 2.51356e-16 
1.46013 1.91749 -3.40021e-16 
1.46013 1.91749 -3.41383e-16 
1.46013 1.91749 -2.3129e-16 
1.46013 1.91749 -2.95001e-16 
1.46013 1.91749 -2.01969e-16 
1.45923 1.97139 -5.51122e-18 
1.45923 1.97139 -1.96909e-16 
1.45923 1.97139 1.59238e-16 
1.45923 1.97139 2.00999e-16 
1.45923 1.97139 1.03523e-16 
1.45923 1.97139 -4.10305e-17 
1.45923 1.97139 1.78817e-16 
1.45923 1.97139 1.72982e-16 
1.45923 1.97139 0 
1.45923 1.97139 0 
1.45923 1.97139 0 
1.45923 1.97139 0 
1.45923 1.97139 0 
1.45923 1.97139 7.98262e-18 
1.45923 1.97139 2.78876e-17 
1.45923 1.97139 -3.96477e-16 
1.45923 1.97139 -2.53678e-16 
1.45923 1.97139 6.3855e-17 
1.45923 1.97139 -1.30255e-16 
1.45923 1.97139 -1.44217e-16 
1.45566 1.93456 -1.01336e-16 
1.45566 1.93456 -1.35812e-16 
1.45566 1.93456 3.37413e-17 
1.45566 1.93456 1.68988e-17 
1.45566 1.93456 3.02701e-16 
1.45566 1.93456 3.33193e-16 
1.45566 1.93456 -2.93695e-17 
1.45566 1.93456 -2.91341e-17 
1.45566 1.93456 0 
1.45566 1.93456 0 
1.45566 1.93456 0 
1.45566 1.93456 0 
1.45566 1.93456 0 
1.45566 1.93456 -4.89519e-18 
1.45566 1.93456 -1.76916e-16 
1.45566 1.93456 -2.01879e-16 
1.45566 1.93456 -2.47734e-17 
1.45566 1.93456 4.30322e-16 
1.45566 1.93456 1.38578e-16 
1.45566 1.93456 -1.85295e-17 
1.44185 1.84638 -3.95236e-17 
1.44185 1.84638 1.73392e-16 
1.44185 1.84638 1.56057e-16 
1.44185 1.84638 2.36671e-16 
1.44185 1.84638 1.27043e-16 
1.44185 1.84638 8.63336e-17 
1.44185 1.84638 -1.13503e-16 
1.44185 1.84638 -9.02563e-17 
1.44185 1.84638 -4.90206e-18 
1.44185 1.84638 -4.90206e-18 
1.44185 1.84638 0 
1.44185 1.84638 0 
1.44185 1.84638 0 
1.44185 1.84638 0 
1.44185 1.84638 -2.16412e-16 
1.44185 1.84638 -1.41224e-16 
1.44185 1.84638 1.00456e-16 
1.44185 1.84638 2.20378e-16 
1.44185 1.84638 1.18633e-16 
1.44185 1.84638 -8.19779e-18 
1.44153 1.82942 -2.11931e-16 
1.44153 1.82942 1.34333e-16 
1.44153 1.82942 2.8765e-16 
1.44153 1.82942 1.26166e-16 
1.44153 1.82942 -5.48675e-17 
1.44153 1.82942 1.28185e-17 
1.44153 1.82942 -6.34561e-17 
1.44153 1.82942 -5.48986e-17 
1.44153 1.82942 0 
1.44153 1.82942 0 
1.44153 1.82942 0 
1.44153 1.82942 0 
1.44153 1.82942 0 
1.44153 1.82942 0 
1.44153 1.82942 -1.60802e-16 
1.44153 1.82942 -9.38562e-17 
1.44153 1.82942 1.88897e-16 
1.44153 1.82942 -1.88884e-17 
1.44153 1.82942 -6.75136e-17 
1.44153 1.82942 1.91128e-16 
1.45048 1.88226 -2.4081e-17 
1.45048 1.88226 7.23407e-17 
1.45048 1.88226 5.26653e-17 
1.45048 1.88226 -1.03116e-16 
1.45048 1.88226 4.71819e-17 
1.45048 1.88226 2.88312e-17 
1.45048 1.88226 1.81508e-17 
1.45048 1.88226 -8.00147e-19 
1.45048 1.88226 0 
1.45048 1.88226 0 
1.45048 1.88226 0 
1.45048 1.88226 0 
1.45048 1.88226 0 
1.45048 1.88226 0 
1.45048 1.88226 -9.86139e-17 
1.45048 1.88226 9.27562e-18 
1.45048 1.88226 -1.1282e-16 
1.45048 1.88226 -3.79998e-17 
1.45048 1.88226 -9.84831e-17 
1.45048 1.88226 -6.16422e-17 
1.46612 1.96746 -5.58282e-18 
1.46612 1.96746 1.3182e-16 
1.46612 1.96746 6.92541e-17 
1.46612 1.96746 -5.7944e-17 
1.46612 1.96746 -1.24281e-16 
1.46612 1.96746 2.3957e-16 
1.46612 1.96746 1.87626e-16 
1.46612 1.96746 -3.24465e-21 
1.46612 1.96746 0 
1.46612 1.96746 0 
1.46612 1.96746 0 
1.46612 1.96746 0 
1.46612 1.96746 0 
1.46612 1.96746 0 
1.46612 1.96746 -1.26068e-17 
1.46612 1.96746 -1.64008e-16 
1.46612 1.96746 -2.07723e-16 
1.46612 1.96746 -3.21844e-16 
1.46612 1.96746 -1.57373e-16 
1.46612 1.96746 3.27038e-16 
1.46133 1.94951 -1.73373e-16 
1.46133 1.94951 -1.02312e-16 
1.46133 1.94951 1.80622e-16 
1.46133 1.94951 -4.45575e-17 
1.46133 1.94951 -1.33233e-16 
1.46133 1.94951 -1.16205e-17 
1.46133 1.94951 2.85173e-18 
1.46133 1.94951 -4.91145e-24 
1.46133 1.94951 0 
1.46133 1.94951 0 
1.46133 1.94951 0 
1.46133 1.94951 0 
1.46133 1.94951 0 
1.46133 1.94951 0 
1.46133 1.94951 2.07574e-16 
1.46133 1.94951 6.79049e-17 
1.46133 1.94951 -1.57485e-16 
1.46133 1.94951 1.04799e-16 
1.46133 1.94951 3.35931e-17 
1.46133 1.94951 -6.70367e-16 
1.38307 1.54765 2.74146e-17 
1.38307 1.54765 4.07009e-16 
1.38307 1.54765 3.22661e-17 
1.38307 1.54765 -2.83208e-16 
1.38307 1.54765 -1.39369e-16 
1.38307 1.54765 -1.53108e-16 
1.38307 1.54765 1.25304e-20 
1.38307 1.54765 0 
1.38307 1.54765 0 
1.38307 1.54765 0 
1.38307 1.54765 0 
1.38307 1.54765 0 
1.38307 1.54765 0 
1.38307 1.54765 0 
1.38307 1.54765 1.06762e-16 
1.38307 1.54765 2.90358e-16 
1.38307 1.54765 4.78837e-17 
1.38307 1.54765 -1.77055e-16 
1.38307 1.54765 7.08549e-17 
1.38307 1.54765 -3.18397e-16 
1.09395 0.32574 1.88619e-16 
1.09395 0.32574 4.14167e-16 
1.09395 0.32574 -5.28406e-18 
1.09395 0.32574 -1.56452e-17 
1.09395 0.32574 -4.07632e-17 
1.09395 0.32574 -4.62644e-17 
1.09395 0.32574 6.49573e-23 
1.09395 0.32574 0 
1.09395 0.32574 0 
1.09395 0.32574 0 
1.09395 0.32574 0 
1.09395 0.32574 0 
1.09395 0.32574 0 
1.09395 0.32574 0 
1.09395 0.32574 4.0377e-17 
1.09395 0.32574 3.56053e-17 
1.09395 0.32574 8.17463e-18 
1.09395 0.32574 5.45205e-19 
1.09395 0.32574 -2.15597e-16 
1.09395 0.32574 -6.08292e-16 
1.01017 0.0323231 7.39976e-17 
1.01017 0.0323231 2.92454e-17 
1.01017 0.0323231 -1.20038e-18 
1.01017 0.0323231 -7.25399e-19 
1.01017 0.0323231 -4.34173e-19 
1.01017 0.0323231 -2.92194e-19 
1.01017 0.0323231 1.63668e-25 
1.01017 0.0323231 0 
1.01017 0.0323231 0 
1.01017 0.0323231 0 
1.01017 0.0323231 0 
1.01017 0.0323231 0 
1.01017 0.0323231 0 
1.01017 0.0323231 0 
1.01017 0.0323231 2.13358e-19 
1.01017 0.0323231 4.0802e-19 
1.01017 0.0323231 4.38809e-19 
1.01017 0.0323231 1.43437e-18 
1.01017 0.0323231 -3.08328e-17 
1.01017 0.0323231 -7.98711e-17 
1.00094 0.00295628 -1.28651e-17 
1.00094 0.00295628 -3.6327e-19 
1.00094 0.00295628 -2.58918e-20 
1.00094 0.00295628 -2.66842e-20 
1.00094 0.00295628 -9.82331e-21 
1.00094 0.00295628 -1.03047e-21 
1.00094 0.00295628 2.27798e-28 
1.00094 0.00295628 0 
1.00094 0.00295628 0 
1.00094 0.00295628 0 
1.00094 0.00295628 0 
1.00094 0.00295628 0 
1.00094 0.00295628 0 
1.00094 0.00295628 0 
1.00094 0.00295628 3.48116e-22 
1.00094 0.00295628 4.86252e-21 
1.00094 0.00295628 1.74684e-20 
1.00094 0.00295628 8.00275e-20 
1.00094 0.00295628 -1.55392e-19 
1.00094 0.00295628 -1.47055e-18 
1.00008 0.000256762 -1.87851e-19 
1.00008 0.000256762 -1.87158e-20 
1.00008 0.000256762 -7.84795e-22 
1.00008 0.000256762 -6.85963e-22 
1.00008 0.000256762 -1.84827e-22 
1.00008 0.000256762 -3.32557e-24 
1.00008 0.000256762 1.75365e-31 
1.00008 0.000256762 0 
1.00008 0.000256762 0 
1.00008 0.000256762 0 
1.00008 0.000256762 0 
1.00008 0.000256762 0 
1.00008 0.000256762 0 
1.00008 0.000256762 0 
1.00008 0.000256762 1.76484e-25 
1.00008 0.000256762 4.12795e-23 
1.00008 0.000256762 5.20231e-22 
1.00008 0.000256762 1.71322e-21 
1.00008 0.000256762 4.8235e-22 
1.00008 0.000256762 1.31123e-20 
1.00001 2.00228e-05 2.01132e-22 
1.00001 2.00228e-05 -7.5678e-22 
1.00001 2.00228e-05 -1.7485e-23 
1.00001 2.00228e-05 -1.10175e-23 
1.00001 2.00228e-05 -1.90018e-24 
1.00001 2.00228e-05 -7.89901e-27 
1.00001 2.00228e-05 5.91525e-35 
1.00001 2.00228e-05 0 
1.00001 2.00228e-05 0 
1.00001 2.00228e-05 0 
1.00001 2.00228e-05 0 
1.00001 2.00228e-05 0 
1.00001 2.00228e-05 0 
1.00001 2.00228e-05 0 
1.00001 2.00228e-05 0 
1.00001 2.00228e-05 2.09179e-25 
1.00001 2.00228e-05 1.04502e-23 
1.00001 2.00228e-05 2.6593e-23 
1.00001 2.00228e-05 1.65218e-22 
1.00001 2.00228e-05 5.3318e-23 
1 1.33325e-06 2.24268e-22 
1 1.33325e-06 -2.34496e-23 
1 1.33325e-06 -1.92807e-25 
1 1.33325e-06 -1.13729e-25 
1 1.33325e-06 -1.16612e-26 
1 1.33325e-06 -1.0082e-29 
1 1.33325e-06 0 
1 1.33325e-06 0 
1 1.33325e-06 0 
1 1.33325e-06 0 
1 1.33325e-06 0 
1 1.33325e-06 0 
1 1.33325e-06 0 
1 1.33325e-06 0 
1 1.33325e-06 0 
1 1.33325e-06 6.46531e-28 
1 1.33325e-06 1.25416e-25 
1 1.33325e-06 2.41384e-25 
1 1.33325e-06 3.64914e-24 
1 1.33325e-06 -2.39413e-25 
1 7.33042e-08 7.043e-24 
1 7.33042e-08 -4.70147e-25 
1 7.33042e-08 -5.776e-28 
1 7.33042e-08 -7.86614e-28 
1 7.33042e-08 -4.5861e-29 
1 7.33042e-08 5.87847e-33 
1 7.33042e-08 0 
1 7.33042e-08 0 
1 7.33042e-08 0 
1 7.33042e-08 0 
1 7.33042e-08 0 
1 7.33042e-08 0 
1 7.33042e-08 0 
1 7.33042e-08 0 
1 7.33042e-08 0 
1 7.33042e-08 1.24075e-30 
1 7.33042e-08 9.38244e-28 
1 7.33042e-08 5.33623e-28 
1 7.33042e-08 6.8034e-26 
1 7.33042e-08 1.21408e-24 
1 3.23998e-09 1.12484e-25 
1 3.23998e-09 -5.88077e-27 
1 3.23998e-09 3.73259e-29 
1 3.23998e-09 -3.7577e-30 
1 3.23998e-09 -1.19793e-31 
1 3.23998e-09 5.46302e-35 
1 3.23998e-09 0 
1 3.23998e-09 0 
1 3.23998e-09 0 
1 3.23998e-09 0 
1 3.23998e-09 0 
1 3.23998e-09 0 
1 3.23998e-09 0 
1 3.23998e-09 0 
1 3.23998e-09 0 
1 3.23998e-09 1.44594e-33 
1 3.23998e-09 4.61633e-30 
1 3.23998e-09 -1.8176e-29 
1 3.23998e-09 1.11422e-27 
1 3.23998e-09 5.58958e-26 
1 1.12373e-10 1.23157e-27 
1 1.12373e-10 -4.92965e-29 
1 1.12373e-10 3.1802e-31 
1 1.12373e-10 -1.26118e-32 
1 1.12373e-10 -2.0978e-34 
1 1.12373e-10 1.68802e-38 
1 1.12373e-10 0 
1 1.12373e-10 0 
1 1.12373e-10 0 
1 1.12373e-10 0 
1 1.12373e-10 0 
1 1.12373e-10 0 
1 1.12373e-10 0 
1 1.12373e-10 0 
1 1.12373e-10 0 
1 1.12373e-10 9.36661e-37 
1 1.12373e-10 1.54349e-32 
1 1.12373e-10 -1.50936e-31 
1 1.12373e-10 1.41222e-29 
1 1.12373e-10 1.28052e-27 
1 2.996e-12 6.4192e-30 
1 2.996e-12 -3.00234e-31 
1 2.996e-12 6.63624e-34 
1 2.996e-12 -2.98535e-35 
1 2.996e-12 -2.4264e-37 
1 2.996e-12 6.86846e-43 
1 2.996e-12 0 
1 2.996e-12 0 
1 2.996e-12 0 
1 2.996e-12 0 
1 2.996e-12 0 
1 2.996e-12 0 
1 2.996e-12 0 
1 2.996e-12 0 
1 2.996e-12 0 
1 2.996e-12 2.58243e-40 
1 2.996e-12 3.54443e-35 
1 2.996e-12 -4.60385e-34 
1 2.996e-12 1.29178e-31 
1 2.996e-12 1.50969e-29 
1 6.06416e-14 -2.80358e-31 
1 6.06416e-14 -1.41822e-33 
1 6.06416e-14 1.63479e-36 
1 6.06416e-14 -4.92788e-38 
1 6.06416e-14 -1.7713e-40 
1 6.06416e-14 1.77363e-46 
1 6.06416e-14 0 
1 6.06416e-14 0 
1 6.06416e-14 0 
1 6.06416e-14 0 
1 6.06416e-14 0 
1 6.06416e-14 0 
1 6.06416e-14 0 
1 6.06416e-14 0 
1 6.06416e-14 0 
1 6.06416e-14 0 
1 6.06416e-14 5.52227e-38 
1 6.06416e-14 -1.66328e-36 
1 6.06416e-14 8.51569e-34 
1 6.06416e-14 1.0763e-31 
1 8.37375e-16 -2.86527e-33 
1 8.37375e-16 -5.41077e-36 
1 8.37375e-16 4.56204e-39 
1 8.37375e-16 -5.48241e-41 
1 8.37375e-16 -7.37925e-44 
1 8.37375e-16 0 
1 8.37375e-16 0 
1 8.37375e-16 0 
1 8.37375e-16 0 
1 8.37375e-16 0 
1 8.37375e-16 0 
1 8.37375e-16 0 
1 8.37375e-16 0 
1 8.37375e-16 0 
1 8.37375e-16 0 
1 8.37375e-16 0 
1 8.37375e-16 5.5923e-41 
1 8.37375e-16 -4.83593e-39 
1 8.37375e-16 4.1185e-36 
1 8.37375e-16 5.46371e-34 
1 2.45103e-18 -9.10739e-36 
1 2.45103e-18 -1.68556e-38 
1 2.45103e-18 1.13801e-41 
1 2.45103e-18 -3.65867e-44 
1 2.45103e-18 -1.34643e-47 
1 2.45103e-18 0 
1 2.45103e-18 0 
1 2.45103e-18 0 
1 2.45103e-18 0 
1 2.45103e-18 0 
1 2.45103e-18 0 
1 2.45103e-18 0 
1 2.45103e-18 0 
1 2.45103e-18 0 
1 2.45103e-18 0 
1 2.45103e-18 0 
1 2.45103e-18 3.32752e-44 
1 2.45103e-18 -1.17006e-41 
1 2.45103e-18 1.48512e-38 
1 2.45103e-18 2.22846e-36 
1 1.15971e-50 -3.16581e-38 
1 0 -4.23389e-41 
1 0 2.29434e-44 
1 0 6.8135e-48 
1 0 0 
1 0 0 
1 0 0 
1 0 0 
1 0 0 
1 0 0 
1 0 0 
1 0 0 
1 0 0 
1 0 0 
1 0 0 
1 0 0 
1 0 8.84275e-48 
1 0 -2.32166e-44 
1 0 4.03103e-41 
1 -2.44878e-51 7.76834e-39 
1 0 -9.88503e-41 
1 0 -8.37447e-44 
1 0 3.61753e-47 
1 0 8.05152e-50 
1 0 0 
1 0 0 
1 0 0 
1 0 0 
1 0 0 
1 0 0 
1 0 0 
1 0 0 
1 0 0 
1 0 0 
1 0 0 
1 0 0 
1 0 0 
1 0 -3.63477e-47 
1 0 8.25249e-44 
1 0 2.30901e-41 
1 0 -2.49275e-43 
1 0 -1.27015e-46 
1 0 4.28747e-50 
1 0 1.70047e-53 
1 0 0 
1 0 0 
1 0 0 
1 0 0 
1 0 0 
1 0 0 
1 0 0 
1 0 0 
1 0 0 
1 0 0 
1 0 0 
1 0 0 
1 0 0 
1 0 -4.29576e-50 
1 0 1.26666e-46 
1 0 5.66502e-44 
1 0 -4.83302e-46 
1 0 -1.43522e-49 
1 0 3.64997e-53 
1 0 0 
1 0 0 
1 0 0 
1 0 0 
1 0 0 
1 0 0 
1 0 0 
1 0 0 
1 0 0 
1 0 0 
1 0 0 
1 0 0 
1 0 0 
1 0 0 
1 0 -3.65269e-53 
1 0 1.43495e-49 
1 0 1.11135e-46 
1 0 -6.98268e-49 
1 0 -1.16536e-52 
1 0 2.09376e-56 
1 0 0 
1 0 0 
1 0 0 
1 0 0 
1 0 0 
1 0 0 
1 0 0 
1 0 0 
1 0 0 
1 0 0 
1 0 0 
1 0 0 
1 0 0 
1 0 0 
1 0 -2.09412e-56 
1 0 1.16522e-52 
1 0 1.69749e-49 
1 0 -7.26931e-52 
1 0 -6.43556e-56 
1 0 7.20913e-60 
1 0 0 
1 0 0 
1 0 0 
1 0 0 
1 0 0 
1 0 0 
1 0 0 
1 0 0 
1 0 0 
1 0 0 
1 0 0 
1 0 0 
1 0 0 
1 0 0 
1 0 -7.20913e-60 
1 0 6.43517e-56 
1 0 1.96155e-52 
1 0 -5.19241e-55 
1 0 -2.17968e-59 
1 0 1.11571e-63 
1 0 0 
1 0 0 
1 0 0 
1 0 0 
1 0 0 
1 0 0 
1 0 0 
1 0 0 
1 0 0 
1 0 0 
1 0 0 
1 0 0 
1 0 0 
1 0 0 
1 0 -1.11571e-63 
1 0 2.17964e-59 
1 0 1.64804e-55 
1 0 -2.34464e-58 
1 0 -3.4608e-63 
1 0 0 
1 0 0 
1 0 0 
1 0 0 
1 0 0 
1 0 0 
1 0 0 
1 0 0 
1 0 0 
1 0 0 
1 0 0 
1 0 0 
1 0 0 
1 0 0 
1 0 0 
1 0 0 
1 0 3.4608e-63 
1 0 9.44833e-59 
1 0 -5.72771e-62 
1 0 0 
1 0 0 
1 0 0 
1 0 0 
1 0 0 
1 0 0 
1 0 0 
1 0 0 
1 0 0 
1 0 0 
1 0 0 
1 0 0 
1 0 0 
1 0 0 
1 0 0 
1 0 0 
1 0 0 
1 0 0 
1 0 3.28571e-62 
1 0 -5.18749e-66 
1 0 0 
1 0 0 
1 0 0 
1 0 0 
1 0 0 
1 0 0 
1 0 0 
1 0 0 
1 0 0 
1 0 0 
1 0 0 
1 0 0 
1 0 0 
1 0 0 
1 0 0 
1 0 0 
1 0 0 
1 0 0 
1 0 5.18749e-66 
1 0 0 
1 0 0 
1 0 0 
1 0 0 
1 0 0 
1 0 0 
1 0 0 
1 0 0 
1 0 0 
1 0 0 
1 0 0 
1 0 0 
1 0 0 
1 0 0 
1 0 0 
1 0 0 
1 0 0 
1 0 0 
1 0 0 
1 0 0 
1 0 0 
1 0 0 
1 0 0 
1 0 0 
1 0 0 
1 0 0 
1 0 0 
1 0 0 
1 0 0 
1 0 0 
1 0 0 
1 0 0 
1 0 0 
1 0 0 
1 0 0 
1 0 0 
1 0 0 
1 0 0 
1 0 0 
1 0 0 
1 0 0 
1 0 0 
1 0 0 
1 0 0 
1 0 0 
1 0 0 
1 0 0 
1 0 0 
1 0 0 
1 0 0 
1 0 0 
1 0 0 
1 0 0 
1 0 0 
1 0 0 
1 0 0 
1 0 0 
1 0 0 
1 0 0 
1 0 0 
1 0 0 
1 0 0 
1 0 0 
1 0 0 
1 0 0 
1 0 0 
1 0 0 
1 0 0 
1 0 0 
1 0 0 
1 0 0 
1 0 0 
1 0 0 
1 0 0 
1 0 0 
1 0 0 
1 0 0 
1 0 0 
1 0 0 
1 0 0 
1 0 0 
1 0 0 
1 0 0 
1 0 0 
1 0 0 
1 0 0 
1 0 0 
1 0 0 
1 0 0 
1 0 0 
1 0 0 
1 0 0 
1 0 0 
1 0 0 
1 0 0 
1 0 0 
1 0 0 
1 0 0 
1 0 0 
1 0 0 
1 0 0 
1 0 0 
1 0 0 
1 0 0 
1 0 0 
1 0 0 
1 0 0 
1 0 0 
1 0 0 
1 0 0 
1 0 0 
1 0 0 
1 0 0 
1 0 0 
1 0 0 
1 0 0 
1 0 0 
1 0 0 
1 0 0 
1 0 0 
1 0 0 
1 0 0 
1 0 0 
1 0 0 
1 0 0 
1 0 0 
1 0 0 
1 0 0 
1 0 0 
1 0 0 
1 0 0 
1 0 0 
1 0 0 
1 0 0 
1 0 0 
1 0 0 
1 0 0 
1 0 0 
1 0 0 
1 0 0 
1 0 0 
1 0 0 
1 0 0 
1 0 0 
1 0 0 
1 0 0 
1 0 0 
1 0 0 
1 0 0 
1 0 0 
1 0 0 
1 0 0 
1 0 0 
1 0 0 
1 0 0 
1 0 0 
1 0 0 
1 0 0 
1 0 0 
1 0 0 
1 0 0 
1 0 0 
1 0 0 
1 0 0 
1 0 0 
1 0 0 
1 0 0 
1 0 0 
1 0 0 
1 0 0 
1 0 0 
1 0 0 
1 0 0 
1 0 0 
1 0 0 
1 0 0 
1 0 0 
1 0 0 
1 0 0 
1 0 0 
1 0 0 
1 0 0 
1 0 0 
1 0 0 
1 0 0 
1 0 0 
1 0 0 
1 0 0 
1 0 0 
1 0 0 
1 0 0 
1 0 0 
1 0 0 
1 0 0 
1 0 0 
1 0 0 
1 0 0 
1 0 0 
1 0 0 
1 0 0 
1 0 0 
1 0 0 
1 0 0 
1 0 0 
1 0 0 
1 0 0 
1 0 0 
1 0 0 
1 0 0 
1 0 0 
1 0 0 
1 0 0 
1 0 0 
1 0 0 
1 0 0 
1 0 0 
1 0 0 
1 0 0 
1 0 0 
1 0 0 
1 0 0 
1 0 0 
1 0 0 
1 0 0 
1 0 0 
1 0 0 
1 0 0 
1 0 0 
1 0 0 
1 0 0 
1 0 0 
1 0 0 
1 0 0 
1 0 0 
1 0 0 
1 0 0 
1 0 0 
1 0 0 
1 0 0 
1 0 0 
1 0 0 
1 0 0 
1 0 0 
1 0 0 
1 0 0 
1 0 0 
1 0 0 
1 0 0 
1 0 0 
1 0 0 
1 0 0 
1 0 0 
1 0 0 
1 0 0 
1 0 0 
1 0 0 
1 0 0 
1 0 0 
1 0 0 
1 0 0 
1 0 0 
1 0 0 
1 0 0 
1 0 0 
1 0 0 
1 0 0 
1 0 0 
1 0 0 
1 0 0 
1 0 0 
1 0 0 
1 0 0 
1 0 0 
1 0 0 
1 0 0 
1 0 0 
1 0 0 
1 0 0 
1 0 0 
1 0 0 
1 0 0 
1 0 0 
1 0 0 
1 0 0 
1 0 0 
1 0 0 
1 0 0 
1 0 0 
1 0 0 
1 0 0 
1 0 0 
1 0 0 
1 0 0 
1 0 0 
1 0 0 
1 0 0 
1 0 0 
1 0 0 
1 0 0 
1 0 0 
1 0 0 
1 0 0 
1 0 0 
1 0 0 
1 0 0 
1 0 0 
1 0 0 
1 0 0 
1 0 0 
1 0 0 
1 0 0 
1 0 0 
1 0 0 
1 0 0 
1 0 0 
1 0 0 
1 0 0 
1 0 0 
1 0 0 
1 0 0 
1 0 0 
1 0 0 
1 0 0 
1 0 0 
1 0 0 
1 0 0 
1 0 0 
1 0 0 
1 0 0 
1 0 0 
1 0 0 
1 0 0 
1 0 0 
1 0 0 
1 0 0 
1 0 0 
1 0 0 
1 0 0 
1 0 0 
1 0 0 
1 0 0 
1 0 0 
1 0 0 
1 0 0 
1 0 0 
1 0 0 
1 0 0 
1 0 0 
1 0 0 
1 0 0 
1 0 0 
1 0 0 
1 0 0 
1 0 0 
1 0 0 
1 0 0 
1 0 0 
1 0 0 
1 0 0 
1 0 0 
1 0 0 
1 0 0 
1 0 0 
1 0 0 
1 0 0 
1 0 0 
1 0 0 
1 0 0 
1 0 0 
1 0 0 
1 0 0 
1 0 0 
1 0 0 
1 0 0 
1 0 0 
1 0 0 
1 0 0 
1 0 0 
1 0 0 
1 0 0 
1 0 0 
1 0 0 
1 0 0 
1 0 0 
1 0 0 
1 0 0 
1 0 0 
1 0 0 
1 0 0 
1 0 0 
1 0 0 
1 0 0 
1 0 0 
1 0 0 
1 0 0 
1 0 0 
1 0 0 
1 0 0 
1 0 0 
1 0 0 
1 0 0 
1 0 0 
1 0 0 
1 0 0 
1 0 0 
1 0 0 
1 0 0 
1 0 0 
1 0 0 
1 0 0 
1 0 0 
1 0 0 
1 0 0 
1 0 0 
1 0 0 
1 0 0 
1 0 0 
1 0 0 
1 0 0 
1 0 0 
1 0 0 
1 0 0 
1 0 0 
1 0 0 
1 0 0 
1 0 0 
1 0 0 
1 0 0 
1 0 0 
1 0 0 
1 0 0 
1 0 0 
1 0 0 
1 0 0 
1 0 0 
1 0 0 
1 0 0 
1 0 0 
1 0 0 
1 0 0 
1 0 0 
1 0 0 
1 0 0 
1 0 0 
1 0 0 
1 0 0 
1 0 0 
1 0 0 
1 0 0 
1 0 0 
1 0 0 
1 0 0 
1 0 0 
1 0 0 
1 0 0 
1 0 0 
1 0 0 
1 0 0 
1 0 0 
1 0 0 
1 0 0 
1 0 0 
1 0 0 
1 0 0 
1 0 0 
1 0 0 
1 0 0 
1 0 0 
1 0 0 
1 0 0 
1 0 0 
1 0 0 
1 0 0 
1 0 0 
1 0 0 
1 0 0 
1 0 0 
1 0 0 
1 0 0 
1 0 0 
1 0 0 
1 0 0 
1 0 0 
1 0 0 
1 0 0 
1 0 0 
1 0 0 
1 0 0 
1 0 0 
1 0 0 
1 0 0 
1 0 0 
1 0 0 
1 0 0 
1 0 0 
1 0 0 
1 0 0 
1 0 0 
1 0 0 
1 0 0 
1 0 0 
1 0 0 
1 0 0 
1 0 0 
1 0 0 
1 0 0 
1 0 0 
1 0 0 
1 0 0 
1 0 0 
1 0 0 
1 0 0 
1 0 0 
1 0 0 
1 0 0 
1 0 0 
1 0 0 
1 0 0 
1 0 0 
1 0 0 
1 0 0 
1 0 0 
1 0 0 
1 0 0 
1 0 0 
1 0 0 
1 0 0 
1 0 0 
1 0 0 
1 0 0 
1 0 0 
1 0 0 
1 0 0 
1 0 0 
1 0 0 
1 0 0 
1 0 0 
1 0 0 
1 0 0 
1 0 0 
1 0 0 
1 0 0 
1 0 0 
1 0 0 
1 0 0 
1 0 0 
1 0 0 
1 0 0 
1 0 0 
1 0 0 
1 0 0 
1 0 0 
1 0 0 
1 0 0 
1 0 0 
1 0 0 
1 0 0 
1 0 0 
1 0 0 
1 0 0 
1 1.32284e-69 0 
1 3.14097e-71 0 
1 3.45739e-69 0 
1 7.51904e-67 0 
1 1.23916e-64 0 
1 1.5234e-62 0 
1 1.37075e-60 0 
1 8.87908e-59 0 
1 4.13335e-57 0 
1 1.41565e-55 0 
1 3.68684e-54 0 
1 7.4743e-53 0 
1 1.17826e-51 0 
1 1.42887e-50 0 
1 1.34191e-49 0 
1 9.05519e-49 0 
1 1.97522e-48 0 
1 2.61814e-49 0 
1 -9.37129e-49 0 
1 -1.20424e-46 0 
1 1.80109e-55 0 
1 3.21496e-53 0 
1 5.19314e-51 0 
1 6.30915e-49 0 
1 5.71455e-47 0 
1 3.86672e-45 0 
1 1.98153e-43 0 
1 7.77552e-42 0 
1 2.36391e-40 0 
1 5.63364e-39 0 
1 1.06077e-37 0 
1 1.57335e-36 0 
1 1.86768e-35 0 
1 1.72426e-34 0 
1 1.02317e-33 0 
1 1.56772e-33 0 
1 -8.00425e-33 0 
1 -7.93964e-32 0 
1 -3.69924e-31 0 
1 -6.79028e-31 0 
1 -3.46521e-44 4.15388e-44 
1 -9.63868e-42 0 
1 -2.04756e-39 0 
1 -3.28867e-37 0 
1 -3.9434e-35 0 
1 -3.48922e-33 0 
1 -2.27325e-31 0 
1 -1.10712e-29 0 
1 -4.12154e-28 0 
1 -1.19846e-26 0 
1 -2.77098e-25 0 
1 -5.16317e-24 0 
1 -7.82554e-23 0 
1 -9.70397e-22 0 
1 -9.87386e-21 0 
1 -8.24892e-20 0 
1 -5.64896e-19 0 
1 -3.16247e-18 0 
1 -1.43588e-17 0 
1 -5.35928e-17 0 
1 -1.41154e-16 0 
1 -2.60048e-16 -7.3149e-17 
1 -3.63882e-50 3.33604e-47 
1 -7.26413e-53 1.14423e-46 
1 -9.05835e-51 0 
1 -4.30099e-48 0 
1 -1.5623e-45 0 
1 -4.3497e-43 0 
1 -9.2431e-41 0 
1 -1.48522e-38 0 
1 -1.78202e-36 0 
1 -1.57819e-34 0 
1 -1.02951e-32 0 
1 -5.02245e-31 0 
1 -1.87384e-29 0 
1 -5.46389e-28 0 
1 -1.26772e-26 0 
1 -2.37248e-25 0 
1 -3.61555e-24 0 
1 -4.51368e-23 0 
1 -4.62978e-22 0 
1 -3.9038e-21 0 
1 -2.70208e-20 0 
1 -1.53157e-19 0 
1 -7.08881e-19 -2.27587e-17 
1 -2.68504e-18 -2.17752e-17 
1 -2.53332e-57 6.04573e-54 
1 -2.15985e-60 1.51303e-50 
1 -1.24761e-63 7.02657e-50 
1 1.07457e-63 2.41094e-49 
1 1.85806e-60 0 
1 2.17591e-57 0 
1 1.8315e-54 0 
1 1.14606e-51 0 
1 5.4338e-49 0 
1 1.97015e-46 0 
1 5.47208e-44 0 
1 1.15908e-41 0 
1 1.85426e-39 0 
1 2.21098e-37 0 
1 1.94075e-35 0 
1 1.25033e-33 0 
1 5.99957e-32 0 
1 2.19156e-30 0 
1 6.22312e-29 0 
1 1.3968e-27 0 
1 2.50731e-26 0 
1 3.62417e-25 0 
1 4.23342e-24 0 
1 4.05153e-23 0 
1 3.25325e-22 -5.68467e-18 
1 2.16085e-21 -7.16513e-18 
1 1.05673e-20 -1.93872e-18 
1 1.96788e-20 -1.82387e-19 
1 -2.83914e-61 6.42992e-58 
1 -1.63968e-64 7.17306e-57 
1 -5.82012e-68 2.41426e-53 
1 -6.27334e-66 1.12169e-52 
1 -1.79774e-62 3.84988e-52 
1 -3.11166e-59 0 
1 -3.64869e-56 0 
1 -3.07599e-53 0 
1 -1.9285e-50 0 
1 -9.16564e-48 0 
1 -3.33339e-45 0 
1 -9.29527e-43 0 
1 -1.97934e-40 0 
1 -3.1894e-38 0 
1 -3.84153e-36 0 
1 -3.42029e-34 0 
1 -2.24712e-32 0 
1 -1.10601e-30 0 
1 -4.1696e-29 0 
1 -1.23027e-27 0 
1 -2.89238e-26 0 
1 -5.49279e-25 0 
1 -8.50909e-24 0 
1 -1.08244e-22 0 
1 -1.13545e-21 0 
1 -9.84202e-21 -1.15133e-18 
1 -7.05097e-20 -1.90118e-18 
1 -4.16131e-19 -4.94678e-19 
1 -2.01469e-18 -3.53771e-20 
1 -7.81064e-18 -2.11501e-18 
1 -2.09615e-69 1.70395e-65 
1 -3.31257e-73 1.17883e-61 
1 0 5.48061e-61 
1 0 6.1185e-60 
1 -1.03685e-68 2.86468e-56 
1 -6.55358e-65 1.33144e-55 
1 -1.87727e-61 4.57093e-55 
1 -3.24771e-58 0 
1 -3.80594e-55 0 
1 -3.20624e-52 0 
1 -2.00838e-49 0 
1 -9.53475e-47 0 
1 -3.4628e-44 0 
1 -9.6387e-42 0 
1 -2.04756e-39 0 
1 -3.28867e-37 0 
1 -3.9434e-35 0 
1 -3.48922e-33 0 
1 -2.27325e-31 0 
1 -1.10712e-29 0 
1 -4.12154e-28 0 
1 -1.19846e-26 0 
1 -2.77099e-25 0 
1 -5.16349e-24 0 
1 -7.82869e-23 0 
1 -9.71812e-22 0 
1 -9.91414e-21 0 
1 -8.32608e-20 -1.90118e-19 
1 -5.75583e-19 -4.11956e-19 
1 -3.26288e-18 -1.0372e-19 
1 -1.51078e-17 -5.72006e-21 
1 -5.53311e-17 -4.3538e-19 
1 -1.52237e-16 -3.04472e-17 
1 -2.17968e-16 -7.97469e-17 
1 -4.35284e-74 5.31688e-70 
1 0 5.94233e-69 
1 0 6.80591e-65 
1 0 3.16497e-64 
1 0 3.53549e-63 
1 0 2.4437e-59 
1 0 1.13612e-58 
1 0 3.90116e-58 
1 -4.67435e-70 0 
1 -2.95463e-66 0 
1 -8.46399e-63 0 
1 -1.46437e-59 0 
1 -1.71621e-56 0 
1 -1.44592e-53 0 
1 -9.05823e-51 0 
1 -4.30099e-48 0 
1 -1.5623e-45 0 
1 -4.3497e-43 0 
1 -9.2431e-41 0 
1 -1.48522e-38 0 
1 -1.78202e-36 0 
1 -1.57819e-34 0 
1 -1.02951e-32 0 
1 -5.02246e-31 0 
1 -1.87384e-29 0 
1 -5.46394e-28 0 
1 -1.26776e-26 0 
1 -2.37286e-25 0 
1 -3.61798e-24 -2.57487e-20 
1 -4.52362e-23 -7.27968e-20 
1 -4.65619e-22 -1.78408e-20 
1 -3.95127e-21 -7.70276e-22 
1 -2.76186e-20 -7.35635e-20 
1 -1.58462e-19 -8.46623e-18 
1 -7.42721e-19 -2.4412e-17 
1 -2.82997e-18 -2.33835e-17 
1 0 0 
1 0 1.80587e-74 
1 0 8.40109e-74 
1 0 9.39328e-73 
1 0 2.37359e-68 
1 0 1.10403e-67 
1 0 1.2339e-66 
1 0 1.41214e-62 
1 0 6.56692e-62 
1 0 2.25531e-61 
1 0 0 
1 0 0 
1 0 0 
1 0 0 
1 -2.38406e-71 0 
1 -1.50774e-67 0 
1 -4.32183e-64 0 
1 -7.48288e-61 0 
1 -8.77761e-58 0 
1 -7.40322e-55 0 
1 -4.64404e-52 0 
1 -2.2087e-49 0 
1 -8.03963e-47 0 
1 -2.24438e-44 0 
1 -4.78621e-42 0 
1 -7.72757e-40 0 
1 -9.33299e-38 0 
1 -8.34083e-36 0 
1 -5.5075e-34 0 
1 -2.72791e-32 0 
1 -1.03627e-30 -2.87209e-21 
1 -3.08539e-29 -1.05255e-20 
1 -7.33217e-28 -2.52312e-21 
1 -1.41044e-26 -8.63057e-23 
1 -2.21917e-25 -1.02479e-20 
1 -2.87685e-24 -1.8816e-18 
1 -3.08758e-23 -6.0141e-18 
1 -2.75054e-22 -7.52965e-18 
1 -2.03489e-21 -2.03734e-18 
1 -1.24828e-20 -1.37004e-19 
1 0 0 
1 0 0 
1 0 0 
1 0 0 
1 0 0 
1 0 3.75219e-72 
1 0 1.74556e-71 
1 0 1.95171e-70 
1 0 4.92867e-66 
1 0 2.29247e-65 
1 0 7.87426e-65 
1 0 0 
1 0 0 
1 0 0 
1 0 0 
1 0 0 
1 0 0 
1 -3.13274e-72 0 
1 -1.98141e-68 0 
1 -5.68026e-65 0 
1 -9.83629e-62 0 
1 -1.15402e-58 0 
1 -9.73523e-56 0 
1 -6.10847e-53 0 
1 -2.90609e-50 0 
1 -1.05824e-47 0 
1 -2.95576e-45 0 
1 -6.3076e-43 0 
1 -1.01935e-40 0 
1 -1.23274e-38 0 
1 -1.10372e-36 0 
1 -7.30631e-35 -2.64396e-22 
1 -3.63065e-33 -1.24865e-21 
1 -1.38475e-31 -2.93913e-22 
1 -4.1429e-30 -8.03342e-24 
1 -9.90202e-29 -1.18046e-21 
1 -1.91785e-27 -3.38136e-19 
1 -3.04221e-26 -1.19819e-18 
1 -3.98249e-25 -1.99134e-18 
1 -4.32488e-24 -5.17224e-19 
1 -3.90841e-23 -2.80748e-20 
1 -2.94289e-22 -3.69921e-21 
1 0 0 
1 0 0 
1 0 0 
1 0 0 
1 0 0 
1 0 0 
1 0 0 
1 0 0 
1 0 0 
1 0 0 
1 0 7.7962e-70 
1 0 3.62687e-69 
1 0 1.24592e-68 
1 0 0 
1 0 0 
1 0 0 
1 0 0 
1 0 0 
1 0 0 
1 0 0 
1 0 0 
1 0 0 
1 0 0 
1 -1.14741e-73 0 
1 -7.26109e-70 0 
1 -2.08293e-66 0 
1 -3.60972e-63 0 
1 -4.23895e-60 0 
1 -3.57997e-57 0 
1 -2.24938e-54 0 
1 -1.07197e-51 0 
1 -3.91199e-49 0 
1 -1.09572e-46 0 
1 -2.34693e-44 -2.00808e-23 
1 -3.81184e-42 -1.2173e-22 
1 -4.64174e-40 -2.82233e-23 
1 -4.19582e-38 -6.19421e-25 
1 -2.81346e-36 -1.124e-22 
1 -1.4209e-34 -4.95146e-20 
1 -5.52563e-33 -1.95097e-19 
1 -1.69092e-31 -4.26164e-19 
1 -4.1475e-30 -1.07133e-19 
1 -8.27349e-29 -4.73318e-21 
1 -1.35718e-27 -5.87164e-22 
1 -1.84585e-26 -1.44132e-22 
1 -2.09379e-25 -4.80836e-24 
1 0 0 
1 0 0 
1 0 0 
1 0 0 
1 0 0 
1 0 0 
1 0 0 
1 0 0 
1 0 0 
1 0 0 
1 0 0 
1 0 0 
1 0 0 
1 0 0 
1 0 0 
1 0 0 
1 0 0 
1 0 0 
1 0 0 
1 0 0 
1 0 0 
1 0 0 
1 0 0 
1 0 0 
1 0 0 
1 0 0 
1 -1.50774e-74 0 
1 -9.54227e-71 0 
1 -2.73764e-67 0 
1 -4.745e-64 0 
1 -5.57306e-61 0 
1 -4.70766e-58 0 
1 -2.95868e-55 0 
1 -1.41044e-52 0 
1 -5.14923e-50 -1.25445e-24 
1 -1.443e-47 -9.74885e-24 
1 -3.09291e-45 -2.23182e-24 
1 -5.02813e-43 -3.93768e-26 
1 -6.13073e-41 -8.82737e-24 
1 -5.55177e-39 -5.94104e-21 
1 -3.73182e-37 -2.61483e-20 
1 -1.89065e-35 -7.43996e-20 
1 -7.38085e-34 -1.82144e-20 
1 -2.26911e-32 -6.58763e-22 
1 -5.59621e-31 -7.76386e-23 
1 -1.12356e-29 -1.86663e-23 
1 -1.85714e-28 -5.18084e-25 
1 -2.54866e-27 -5.77488e-26 
1 0 0 
1 0 0 
1 0 0 
1 0 0 
1 0 0 
1 0 0 
1 0 0 
1 0 0 
1 0 0 
1 0 0 
1 0 0 
1 0 0 
1 0 0 
1 0 0 
1 0 0 
1 0 0 
1 0 0 
1 0 0 
1 0 0 
1 0 0 
1 0 0 
1 0 0 
1 0 0 
1 0 0 
1 0 0 
1 0 0 
1 0 0 
1 0 0 
1 0 0 
1 0 0 
1 0 0 
1 0 0 
1 -5.52232e-76 0 
1 -3.49686e-72 0 
1 -1.00388e-68 0 
1 -1.74132e-65 0 
1 -2.0471e-62 -6.40635e-26 
1 -1.73116e-59 -6.39511e-25 
1 -1.0895e-56 -1.44842e-25 
1 -5.20263e-54 -2.0488e-27 
1 -1.90347e-51 -5.69388e-25 
1 -5.34909e-49 -5.85466e-22 
1 -1.15073e-46 -2.89692e-21 
1 -1.88003e-44 -1.06528e-20 
1 -2.30794e-42 -2.55215e-21 
1 -2.10965e-40 -7.58599e-23 
1 -1.43595e-38 -8.55676e-24 
1 -7.39015e-37 -2.02102e-24 
1 -2.93961e-35 -4.66215e-26 
1 -9.23562e-34 -5.0199e-27 
1 -2.3348e-32 -1.1636e-27 
1 -4.82072e-31 -2.12295e-29 
1 0 0 
1 0 0 
1 0 0 
1 0 0 
1 0 0 
1 0 0 
1 0 0 
1 0 0 
1 0 0 
1 0 0 
1 0 0 
1 0 0 
1 0 0 
1 0 0 
1 0 0 
1 0 0 
1 0 0 
1 0 0 
1 0 0 
1 0 0 
1 0 0 
1 0 0 
1 0 0 
1 0 0 
1 0 0 
1 0 0 
1 0 0 
1 0 0 
1 0 0 
1 0 0 
1 0 0 
1 0 0 
1 0 0 
1 0 0 
1 0 0 
1 -7.25653e-77 0 
1 -4.59545e-73 0 
1 -1.31942e-69 -2.64899e-27 
1 -2.28897e-66 -3.41595e-26 
1 -2.69137e-63 -7.666e-27 
1 -2.27647e-60 -8.63396e-29 
1 -1.43305e-57 -2.99641e-26 
1 -6.84531e-55 -4.73632e-23 
1 -2.50547e-52 -2.65638e-22 
1 -7.04443e-50 -1.25571e-21 
1 -1.51648e-47 -2.95502e-22 
1 -2.47985e-45 -7.22798e-24 
1 -3.04816e-43 -7.85079e-25 
1 -2.7912e-41 -1.82611e-25 
1 -1.9044e-39 -3.49101e-27 
1 -9.83097e-38 -3.64669e-28 
1 -3.92511e-36 -8.34952e-29 
1 -1.23867e-34 -1.26358e-30 
1 -3.14776e-33 -1.27988e-31 
1 0 0 
1 0 0 
1 0 0 
1 0 0 
1 0 0 
1 0 0 
1 0 0 
1 0 0 
1 0 0 
1 0 0 
1 0 0 
1 0 0 
1 0 0 
1 0 0 
1 0 0 
1 0 0 
1 0 0 
1 0 0 
1 0 0 
1 0 0 
1 0 0 
1 0 0 
1 0 0 
1 0 0 
1 0 0 
1 0 0 
1 0 0 
1 0 0 
1 0 0 
1 0 0 
1 0 0 
1 0 0 
1 0 0 
1 0 0 
1 0 0 
1 0 0 
1 0 0 
1 0 0 
1 0 0 
1 0 -8.74945e-29 
1 0 -1.47171e-27 
1 -2.65781e-78 -3.27664e-28 
1 -1.68405e-74 -2.90516e-30 
1 -4.83826e-71 -1.27387e-27 
1 -8.40002e-68 -3.13531e-24 
1 -9.88591e-65 -2.01337e-23 
1 -8.37125e-62 -1.21995e-22 
1 -5.27696e-59 -2.82825e-23 
1 -2.52496e-56 -5.68604e-25 
1 -9.26155e-54 -5.97759e-26 
1 -2.61121e-51 -1.37212e-26 
1 -5.64173e-49 -2.16291e-28 
1 -9.27109e-47 -2.20012e-29 
1 -1.14724e-44 -4.98337e-30 
1 -1.06022e-42 -6.20403e-32 
1 -7.32263e-41 -6.14649e-33 
1 -3.83821e-39 -1.3774e-33 
1 -1.56046e-37 -1.35424e-35 
1 0 0 
1 0 0 
1 0 0 
1 0 0 
1 0 0 
1 0 0 
1 0 0 
1 0 0 
1 0 0 
1 0 0 
1 0 0 
1 0 0 
1 0 0 
1 0 0 
1 0 0 
1 0 0 
1 0 0 
1 0 0 
1 0 0 
1 0 0 
1 0 0 
1 0 0 
1 0 0 
1 0 0 
1 0 0 
1 0 0 
1 0 0 
1 0 0 
1 0 0 
1 0 0 
1 0 0 
1 0 0 
1 0 0 
1 0 0 
1 0 0 
1 0 0 
1 0 0 
1 0 0 
1 0 0 
1 0 0 
1 0 -2.26796e-30 
1 0 -5.04531e-29 
1 0 -1.11553e-29 
1 0 -7.66289e-32 
1 -3.49246e-79 -4.31558e-29 
1 -2.21312e-75 -1.68797e-25 
1 -6.35902e-72 -1.25644e-24 
1 -1.10419e-68 -9.75527e-24 
1 -1.29973e-65 -2.23326e-24 
1 -1.10082e-62 -3.67674e-26 
1 -6.94092e-60 -3.75733e-27 
1 -3.32219e-57 -8.52625e-28 
1 -1.21906e-54 -1.09996e-29 
1 -3.43878e-52 -1.09311e-30 
1 -7.43478e-50 -2.45262e-31 
1 -1.22288e-47 -2.48413e-33 
1 -1.51514e-45 -2.41352e-34 
1 -1.40263e-43 -5.36586e-35 
1 -9.71016e-42 -4.24632e-37 
1 -5.10473e-40 -4.05006e-38 
1 0 0 
1 0 0 
1 0 0 
1 0 0 
1 0 0 
1 0 0 
1 0 0 
1 0 0 
1 0 0 
1 0 0 
1 0 0 
1 0 0 
1 0 0 
1 0 0 
1 0 0 
1 0 0 
1 0 0 
1 0 0 
1 0 0 
1 0 0 
1 0 0 
1 0 0 
1 0 0 
1 0 0 
1 0 0 
1 0 0 
1 0 0 
1 0 0 
1 0 0 
1 0 0 
1 0 0 
1 0 0 
1 0 0 
1 0 0 
1 0 0 
1 0 0 
1 0 0 
1 0 0 
1 0 0 
1 0 0 
1 0 0 
1 0 0 
1 0 -4.51711e-32 
1 0 -1.3518e-30 
1 0 -2.97091e-31 
1 0 -1.55013e-33 
1 0 -1.14434e-30 
1 0 -7.32119e-27 
1 0 -6.41285e-26 
1 0 -6.39608e-25 
1 -1.27916e-80 -1.44865e-25 
1 -8.11018e-77 -1.94055e-27 
1 -2.33182e-73 -1.93486e-28 
1 -4.05212e-70 -4.34701e-29 
1 -4.77412e-67 -4.54188e-31 
1 -4.04801e-64 -4.42239e-32 
1 -2.55586e-61 -9.84064e-33 
1 -1.22541e-58 -7.99211e-35 
1 -4.50618e-56 -7.63344e-36 
1 -1.27463e-53 -1.68537e-36 
1 -2.76577e-51 -1.05392e-38 
1 -4.57127e-49 -9.90998e-40 
1 -5.70134e-47 -2.17415e-40 
1 -5.32575e-45 -1.03271e-42 
1 0 0 
1 0 0 
1 0 0 
1 0 0 
1 0 0 
1 0 0 
1 0 0 
1 0 0 
1 0 0 
1 0 0 
1 0 0 
1 0 0 
1 0 0 
1 0 0 
1 0 0 
1 0 0 
1 0 0 
1 0 0 
1 0 0 
1 0 0 
1 0 0 
1 0 0 
1 0 0 
1 0 0 
1 0 0 
1 0 0 
1 0 0 
1 0 0 
1 0 0 
1 0 0 
1 0 0 
1 0 0 
1 0 0 
1 0 0 
1 0 0 
1 0 0 
1 0 0 
1 0 0 
1 0 0 
1 0 0 
1 0 0 
1 0 0 
1 0 0 
1 0 -6.76474e-34 
1 0 -2.77003e-32 
1 0 -6.05646e-33 
1 0 -2.35167e-35 
1 0 -2.32437e-32 
1 0 -2.52402e-28 
1 0 -2.65071e-27 
1 0 -3.41606e-26 
1 0 -7.66627e-27 
1 0 -8.27536e-29 
1 -1.68087e-81 -8.07637e-30 
1 -1.06581e-77 -1.79882e-30 
1 -3.06476e-74 -1.50087e-32 
1 -5.32653e-71 -1.43565e-33 
1 -6.27666e-68 -3.17162e-34 
1 -5.32311e-65 -2.02804e-36 
1 -3.36179e-62 -1.90872e-37 
1 -1.61231e-59 -4.18908e-38 
1 -5.93127e-57 -2.02608e-40 
1 -1.67858e-54 -1.88248e-41 
1 -3.64474e-52 -4.10995e-42 
1 -6.02947e-50 -1.48292e-44 
1 -7.52932e-48 -1.36428e-45 
1 0 0 
1 0 0 
1 0 0 
1 0 0 
1 0 0 
1 0 0 
1 0 0 
1 0 0 
1 0 0 
1 0 0 
1 0 0 
1 0 0 
1 0 0 
1 0 0 
1 0 0 
1 0 0 
1 0 0 
1 0 0 
1 0 0 
1 0 0 
1 0 0 
1 0 0 
1 0 0 
1 0 0 
1 0 0 
1 0 0 
1 0 0 
1 0 0 
1 0 0 
1 0 0 
1 0 0 
1 0 0 
1 0 0 
1 0 0 
1 0 0 
1 0 0 
1 0 0 
1 0 0 
1 0 0 
1 0 0 
1 0 0 
1 0 0 
1 0 0 
1 0 0 
1 0 0 
1 0 -7.50518e-36 
1 0 -4.24517e-34 
1 0 -9.24274e-35 
1 0 -2.63502e-37 
1 0 -3.53716e-34 
1 0 -6.7945e-30 
1 0 -8.75298e-29 
1 0 -1.47173e-27 
1 0 -3.27667e-28 
1 0 -2.81192e-30 
1 0 -2.69395e-31 
1 0 -5.95521e-32 
1 0 -3.89691e-34 
1 0 -3.67116e-35 
1 -6.15641e-83 -8.06026e-36 
1 -3.90577e-79 -3.97168e-38 
1 -1.12383e-75 -3.69224e-39 
1 -1.95472e-72 -8.06295e-40 
1 -2.30552e-69 -2.95155e-42 
1 -1.95745e-66 -2.71623e-43 
1 -1.2379e-63 -5.90722e-44 
1 -5.947e-61 -1.59472e-46 
1 -2.19241e-58 -1.45682e-47 
1 -6.22162e-56 -3.15878e-48 
1 -1.35577e-53 -6.3251e-51 
1 0 0 
1 0 0 
1 0 0 
1 0 0 
1 0 0 
1 0 0 
1 0 0 
1 0 0 
1 0 0 
1 0 0 
1 0 0 
1 0 0 
1 0 0 
1 0 0 
1 0 0 
1 0 0 
1 0 0 
1 0 0 
1 0 0 
1 0 0 
1 0 0 
1 0 0 
1 0 0 
1 0 0 
1 0 0 
1 0 0 
1 0 0 
1 0 0 
1 0 0 
1 0 0 
1 0 0 
1 0 0 
1 0 0 
1 0 0 
1 0 0 
1 0 0 
1 0 0 
1 0 0 
1 0 0 
1 0 0 
1 0 0 
1 0 0 
1 0 0 
1 0 0 
1 0 0 
1 0 0 
1 0 -6.17544e-38 
1 0 -4.79244e-36 
1 0 -1.0401e-36 
1 0 -2.18401e-39 
1 0 -3.9722e-36 
1 0 -1.39761e-31 
1 0 -2.2685e-30 
1 0 -5.04532e-29 
1 0 -1.11554e-29 
1 0 -7.4766e-32 
1 0 -7.05062e-33 
1 0 -1.54864e-33 
1 0 -7.77882e-36 
1 0 -7.23572e-37 
1 0 -1.58047e-37 
1 0 -5.87187e-40 
1 -8.08975e-84 -5.40543e-41 
1 -5.13282e-80 -1.17571e-41 
1 -1.47708e-76 -3.20862e-44 
1 -2.56948e-73 -2.93164e-45 
1 -3.03112e-70 -6.35702e-46 
1 -2.57403e-67 -1.28291e-48 
1 -1.62824e-64 -1.16591e-49 
1 -7.82465e-62 -2.52267e-50 
1 -2.88575e-59 -3.81439e-53 
1 -8.19333e-57 -3.45319e-54 
1 0 0 
1 0 0 
1 0 0 
1 0 0 
1 0 0 
1 0 0 
1 0 0 
1 0 0 
1 0 0 
1 0 0 
1 0 0 
1 0 0 
1 0 0 
1 0 0 
1 0 0 
1 0 0 
1 0 0 
1 0 0 
1 0 0 
1 0 0 
1 0 0 
1 0 0 
1 0 0 
1 0 0 
1 0 0 
1 0 0 
1 0 0 
1 0 0 
1 0 0 
1 0 0 
1 0 0 
1 0 0 
1 0 0 
1 0 0 
1 0 0 
1 0 0 
1 0 0 
1 0 0 
1 0 0 
1 0 0 
1 0 0 
1 0 0 
1 0 0 
1 0 0 
1 0 0 
1 0 0 
1 0 0 
1 0 0 
1 0 -3.80739e-40 
1 0 -3.99363e-38 
1 0 -8.64707e-39 
1 0 -1.35375e-41 
1 0 -3.29754e-38 
1 0 -2.14823e-33 
1 0 -4.51772e-32 
1 0 -1.35181e-30 
1 0 -2.97091e-31 
1 0 -1.52215e-33 
1 0 -1.41674e-34 
1 0 -3.09529e-35 
1 0 -1.1676e-37 
1 0 -1.07519e-38 
1 0 -2.33891e-39 
1 0 -6.45415e-42 
1 0 -5.89801e-43 
1 0 -1.27902e-43 
1 0 -2.60174e-46 
1 0 -2.36469e-47 
1 -2.96299e-85 -5.11664e-48 
1 -1.88097e-81 -7.78109e-51 
1 -5.41636e-78 -7.04463e-52 
1 -9.42939e-75 -1.52187e-52 
1 -1.11338e-71 -1.7536e-55 
1 -9.46532e-69 -1.58309e-56 
1 -5.99557e-66 -3.41599e-57 
1 -2.88608e-63 -3.01064e-60 
1 0 0 
1 0 0 
1 0 0 
1 0 0 
1 0 0 
1 0 0 
1 0 0 
1 0 0 
1 0 0 
1 0 0 
1 0 0 
1 0 0 
1 0 0 
1 0 0 
1 0 0 
1 0 0 
1 0 0 
1 0 0 
1 0 0 
1 0 0 
1 0 0 
1 0 0 
1 0 0 
1 0 0 
1 0 0 
1 0 0 
1 0 0 
1 0 0 
1 0 0 
1 0 0 
1 0 0 
1 0 0 
1 0 0 
1 0 0 
1 0 0 
1 0 0 
1 0 0 
1 0 0 
1 0 0 
1 0 0 
1 0 0 
1 0 0 
1 0 0 
1 0 0 
1 0 0 
1 0 0 
1 0 0 
1 0 0 
1 0 0 
1 0 -1.77931e-42 
1 0 -2.4851e-40 
1 0 -5.37154e-41 
1 0 -6.35178e-44 
1 0 -2.04629e-40 
1 0 -2.43041e-35 
1 0 -6.76525e-34 
1 0 -2.77003e-32 
1 0 -6.05647e-33 
1 0 -2.32055e-35 
1 0 -2.13762e-36 
1 0 -4.65068e-37 
1 0 -1.29791e-39 
1 0 -1.18628e-40 
1 0 -2.57272e-41 
1 0 -5.27558e-44 
1 0 -4.79535e-45 
1 0 -1.03765e-45 
1 0 -1.58716e-48 
1 0 -1.43702e-49 
1 0 -3.1045e-50 
1 0 -3.59254e-53 
1 -3.89347e-86 -3.24331e-54 
1 -2.47196e-82 -6.9985e-55 
1 -7.11914e-79 -6.18802e-58 
1 -1.23959e-75 -5.57434e-59 
1 -1.46394e-72 -1.20178e-59 
1 -1.24487e-69 -8.15475e-63 
1 -7.8877e-67 -7.33368e-64 
1 0 0 
1 0 0 
1 0 0 
1 0 0 
1 0 0 
1 0 0 
1 0 0 
1 0 0 
1 0 0 
1 0 0 
1 0 0 
1 0 0 
1 0 0 
1 0 0 
1 0 0 
1 0 0 
1 0 0 
1 0 0 
1 0 0 
1 0 0 
1 0 0 
1 0 0 
1 0 0 
1 0 0 
1 0 0 
1 0 0 
1 0 0 
1 0 0 
1 0 0 
1 0 0 
1 0 0 
1 0 0 
1 0 0 
1 0 0 
1 0 0 
1 0 0 
1 0 0 
1 0 0 
1 0 0 
1 0 0 
1 0 0 
1 0 0 
1 0 0 
1 0 0 
1 0 0 
1 0 0 
1 0 0 
1 0 0 
1 0 0 
1 0 0 
1 0 -6.35718e-45 
1 0 -1.16936e-42 
1 0 -2.52434e-43 
1 0 -2.2763e-46 
1 0 -9.6092e-43 
1 0 -2.02841e-37 
1 0 -7.5055e-36 
1 0 -4.24517e-34 
1 0 -9.24275e-35 
1 0 -2.60937e-37 
1 0 -2.38537e-38 
1 0 -5.17359e-39 
1 0 -1.06958e-41 
1 0 -9.72314e-43 
1 0 -2.10403e-43 
1 0 -3.23719e-46 
1 0 -2.93111e-47 
1 0 -6.33244e-48 
1 0 -7.35956e-51 
1 0 -6.64434e-52 
1 0 -1.43375e-52 
1 0 -1.27184e-55 
1 0 -1.14573e-56 
1 0 -2.47011e-57 
1 -1.54727e-100 -1.68034e-60 
1 -3.05347e-96 -1.51117e-61 
1 -3.00594e-93 -3.25571e-62 
1 2.04714e-90 -1.69553e-65 
1 1.16828e-87 -1.5228e-66 
1 -4.51317e-85 -3.27897e-67 
1 0 0 
1 0 0 
1 0 0 
1 0 0 
1 0 0 
1 0 0 
1 0 0 
1 0 0 
1 0 0 
1 0 0 
1 0 0 
1 0 0 
1 0 0 
1 0 0 
1 0 0 
1 0 0 
1 0 0 
1 0 0 
1 0 0 
1 0 0 
1 0 0 
1 0 0 
1 0 0 
1 0 0 
1 0 0 
1 0 0 
1 0 0 
1 0 0 
1 0 0 
1 0 0 
1 0 0 
1 0 0 
1 0 0 
1 0 0 
1 0 0 
1 0 0 
1 0 0 
1 0 0 
1 0 0 
1 0 0 
1 0 0 
1 0 0 
1 0 0 
1 0 0 
1 0 0 
1 0 0 
1 0 0 
1 0 0 
1 0 0 
1 0 0 
1 0 -1.74297e-47 
1 0 -4.19977e-45 
1 0 -9.05735e-46 
1 0 -6.25577e-49 
1 0 -3.44583e-45 
1 0 -1.2636e-39 
1 0 -6.17559e-38 
1 0 -4.79244e-36 
1 0 -1.0401e-36 
1 0 -2.16818e-39 
1 0 -1.97119e-40 
1 0 -4.26572e-41 
1 0 -6.60207e-44 
1 0 -5.97815e-45 
1 0 -1.29156e-45 
1 0 -1.50759e-48 
1 0 -1.36112e-49 
1 0 -2.93713e-50 
1 0 -2.61399e-53 
1 0 -2.35484e-54 
1 0 -5.07688e-55 
1 0 -3.46239e-58 
1 0 -3.11384e-59 
1 0 -6.7086e-60 
1 0 -3.50072e-63 
1 0 -3.14411e-64 
1 0 -6.77011e-65 
1 0 -2.67861e-68 
1 0 -2.40316e-69 
1 0 -5.17237e-70 
1 0 0 
1 0 0 
1 0 0 
1 0 0 
1 0 0 
1 0 0 
1 0 0 
1 0 0 
1 0 0 
1 0 0 
1 0 0 
1 0 0 
1 0 0 
1 0 0 
1 0 0 
1 0 0 
1 0 0 
1 0 0 
1 0 0 
1 0 0 
1 0 0 
1 0 0 
1 0 0 
1 0 0 
1 0 0 
1 0 0 
1 0 0 
1 0 0 
1 0 0 
1 0 0 
1 0 0 
1 0 0 
1 0 0 
1 0 0 
1 0 0 
1 0 0 
1 0 0 
1 0 0 
1 0 0 
1 0 0 
1 0 0 
1 0 0 
1 0 0 
1 0 0 
1 0 0 
1 0 0 
1 0 0 
1 0 0 
1 0 0 
1 0 0 
1 0 -3.65894e-50 
1 0 -1.15613e-47 
1 0 -2.49145e-48 
1 0 -1.31571e-51 
1 0 -9.4745e-48 
1 0 -5.95065e-42 
1 0 -3.80745e-40 
1 0 -3.99363e-38 
1 0 -8.64707e-39 
1 0 -1.34635e-41 
1 0 -1.21918e-42 
1 0 -2.63406e-43 
1 0 -3.0881e-46 
1 0 -2.78816e-47 
1 0 -6.01661e-48 
1 0 -5.37231e-51 
1 0 -4.83979e-52 
1 0 -1.04344e-52 
1 0 -7.13425e-56 
1 0 -6.41614e-57 
1 0 -1.38233e-57 
1 0 -7.22781e-61 
1 0 -6.49157e-62 
1 0 -1.39781e-62 
1 0 -5.53939e-66 
1 0 -4.96979e-67 
1 0 -1.06966e-67 
1 0 -3.15255e-71 
1 0 -2.8259e-72 
1 0 -6.08005e-73 
1 0 0 
1 0 0 
1 0 0 
1 0 0 
1 0 0 
1 0 0 
1 0 0 
1 0 0 
1 0 0 
1 0 0 
1 0 0 
1 0 0 
1 0 0 
1 0 0 
1 0 0 
1 0 0 
1 0 0 
1 0 0 
1 0 0 
1 0 0 
1 0 0 
1 0 0 
1 0 0 
1 0 0 
1 0 0 
1 0 0 
1 0 0 
1 0 0 
1 0 0 
1 0 0 
1 0 0 
1 0 0 
1 0 0 
1 0 0 
1 0 0 
1 0 0 
1 0 0 
1 0 0 
1 0 0 
1 0 0 
1 0 0 
1 0 0 
1 0 0 
1 0 0 
1 0 0 
1 0 0 
1 0 0 
1 0 0 
1 0 0 
1 0 0 
1 0 -5.82532e-53 
1 0 -2.4348e-50 
1 0 -5.24382e-51 
1 0 -2.0979e-54 
1 0 -1.99344e-50 
1 0 -2.13848e-44 
1 0 -1.77932e-42 
1 0 -2.4851e-40 
1 0 -5.37154e-41 
1 0 -6.3253e-44 
1 0 -5.71112e-45 
1 0 -1.23242e-45 
1 0 -1.1041e-48 
1 0 -9.94673e-50 
1 0 -2.14449e-50 
1 0 -1.46999e-53 
1 0 -1.32204e-54 
1 0 -2.84828e-55 
1 0 -1.49228e-58 
1 0 -1.34029e-59 
1 0 -2.88601e-60 
1 0 -1.14555e-63 
1 0 -1.02776e-64 
1 0 -2.21207e-65 
1 0 -6.52811e-69 
1 0 -5.85171e-70 
1 0 -1.25903e-70 
1 0 -2.6712e-74 
1 0 -2.39269e-75 
1 0 -5.14647e-76 
1 0 0 
1 0 0 
1 0 0 
1 0 0 
1 0 0 
1 0 0 
1 0 0 
1 0 0 
1 0 0 
1 0 0 
1 0 0 
1 0 0 
1 0 0 
1 0 0 
1 0 0 
1 0 0 
1 0 0 
1 0 0 
1 0 0 
1 0 0 
1 0 0 
1 0 0 
1 0 0 
1 0 0 
1 0 0 
1 0 0 
1 0 0 
1 0 0 
1 0 0 
1 0 0 
1 0 0 
1 0 0 
1 0 0 
1 0 0 
1 0 0 
1 0 0 
1 0 0 
1 0 0 
1 0 0 
1 0 0 
1 0 0 
1 0 0 
1 0 0 
1 0 0 
1 0 0 
1 0 0 
1 0 0 
1 0 0 
1 0 0 
1 0 0 
1 0 -6.8995e-56 
1 0 -3.88642e-53 
1 0 -8.36608e-54 
1 0 -2.48783e-57 
1 0 -3.1795e-53 
1 0 -5.88964e-47 
1 0 -6.35722e-45 
1 0 -1.16936e-42 
1 0 -2.52434e-43 
1 0 -2.26903e-46 
1 0 -2.04419e-47 
1 0 -4.40726e-48 
1 0 -3.0288e-51 
1 0 -2.72399e-52 
1 0 -5.86876e-53 
1 0 -3.081e-56 
1 0 -2.7672e-57 
1 0 -5.95857e-58 
1 0 -2.36897e-61 
1 0 -2.12539e-62 
1 0 -4.57455e-63 
1 0 -1.3518e-66 
1 0 -1.21174e-67 
1 0 -2.60711e-68 
1 0 -5.5374e-72 
1 0 -4.96006e-73 
1 0 -1.06687e-73 
1 0 -1.53497e-77 
1 0 -1.3741e-78 
1 0 -2.95484e-79 
1 0 0 
1 0 0 
1 0 0 
1 0 0 
1 0 0 
1 0 0 
1 0 0 
1 0 0 
1 0 0 
1 0 0 
1 0 0 
1 0 0 
1 0 0 
1 0 0 
1 0 0 
1 0 0 
1 0 0 
1 0 0 
1 0 0 
1 0 0 
1 0 0 
1 0 0 
1 0 0 
1 0 0 
1 0 0 
1 0 0 
1 0 0 
1 0 0 
1 0 0 
1 0 0 
1 0 0 
1 0 0 
1 0 0 
1 0 0 
1 0 0 
1 0 0 
1 0 0 
1 0 0 
1 0 0 
1 0 0 
1 0 0 
1 0 0 
1 0 0 
1 0 0 
1 0 0 
1 0 0 
1 0 0 
1 0 0 
1 0 0 
1 0 0 
1 0 -5.87666e-59 
1 0 -4.6128e-56 
1 0 -9.92576e-57 
1 0 -2.12119e-60 
1 0 -3.77142e-56 
1 0 -1.24081e-49 
1 0 -1.74297e-47 
1 0 -4.19977e-45 
1 0 -9.05735e-46 
1 0 -6.24051e-49 
1 0 -5.61255e-50 
1 0 -1.20921e-50 
1 0 -6.36103e-54 
1 0 -5.7132e-55 
1 0 -1.23022e-55 
1 0 -4.89898e-59 
1 0 -4.39528e-60 
1 0 -9.4601e-61 
1 0 -2.7992e-64 
1 0 -2.50918e-65 
1 0 -5.39863e-66 
1 0 -1.1479e-69 
1 0 -1.02822e-70 
1 0 -2.21161e-71 
1 0 -3.18489e-75 
1 0 -2.85111e-76 
1 0 -6.13096e-77 
1 0 -5.33233e-81 
1 0 -4.77108e-82 
1 0 -1.02575e-82 
1 0 0 
1 0 0 
1 0 0 
1 0 0 
1 0 0 
1 0 0 
1 0 0 
1 0 0 
1 0 0 
1 0 0 
1 0 0 
1 0 0 
1 0 0 
1 0 0 
1 0 0 
1 0 0 
1 0 0 
1 0 0 
1 0 0 
1 0 0 
1 0 0 
1 0 0 
1 0 0 
1 0 0 
1 0 0 
1 0 0 
1 0 0 
1 0 0 
1 0 0 
1 0 0 
1 0 0 
1 0 0 
1 0 0 
1 0 0 
1 0 0 
1 0 0 
1 0 0 
1 0 0 
1 0 0 
1 0 0 
1 0 0 
1 0 0 
1 0 0 
1 0 0 
1 0 0 
1 0 0 
1 0 0 
1 0 0 
1 0 0 
1 0 0 
1 0 -3.39167e-62 
1 0 -3.93584e-59 
1 0 -8.46627e-60 
1 0 -1.22528e-63 
1 0 -3.21628e-59 
1 0 -1.98116e-52 
1 0 -3.65895e-50 
1 0 -1.15613e-47 
1 0 -2.49145e-48 
1 0 -1.31328e-51 
1 0 -1.17954e-52 
1 0 -2.5399e-53 
1 0 -1.01309e-56 
1 0 -9.0893e-58 
1 0 -1.95632e-58 
1 0 -5.79635e-62 
1 0 -5.19581e-63 
1 0 -1.11791e-63 
1 0 -2.37959e-67 
1 0 -2.1315e-68 
1 0 -4.58466e-69 
1 0 -6.60827e-73 
1 0 -5.91572e-74 
1 0 -1.2721e-74 
1 0 -1.10724e-78 
1 0 -9.90697e-80 
1 0 -2.12994e-80 
1 0 -8.40198e-85 
1 0 -7.5145e-86 
1 0 -1.61529e-86 
1 0 0 
1 0 0 
1 0 0 
1 0 0 
1 0 0 
1 0 0 
1 0 0 
1 0 0 
1 0 0 
1 0 0 
1 0 0 
1 0 0 
1 0 0 
1 0 0 
1 0 0 
1 0 0 
1 0 0 
1 0 0 
1 0 0 
1 0 0 
1 0 0 
1 0 0 
1 0 0 
1 0 0 
1 0 0 
1 0 0 
1 0 0 
1 0 0 
1 0 0 
1 0 0 
1 0 0 
1 0 0 
1 0 0 
1 0 0 
1 0 0 
1 0 0 
1 0 0 
1 0 0 
1 0 0 
1 0 0 
1 0 0 
1 0 0 
1 0 0 
1 0 0 
1 0 0 
1 0 0 
1 0 0 
1 0 0 
1 0 0 
1 0 0 
1 0 -1.18252e-65 
1 0 -2.27485e-62 
1 0 -4.89201e-63 
1 0 -4.27502e-67 
1 0 -1.85816e-62 
1 0 -2.35201e-55 
1 0 -5.82532e-53 
1 0 -2.4348e-50 
1 0 -5.24382e-51 
1 0 -2.09502e-54 
1 0 -1.87963e-55 
1 0 -4.0456e-56 
1 0 -1.20026e-59 
1 0 -1.0759e-60 
1 0 -2.31487e-61 
1 0 -4.93286e-65 
1 0 -4.41857e-66 
1 0 -9.50397e-67 
1 0 -1.37114e-70 
1 0 -1.22744e-71 
1 0 -2.63947e-72 
1 0 -2.29914e-76 
1 0 -2.05715e-77 
1 0 -4.42273e-78 
1 0 -1.74574e-82 
1 0 -1.56134e-83 
1 0 -3.35621e-84 
1 0 0 
1 0 0 
1 0 0 
1 0 0 
1 0 0 
1 0 0 
1 0 0 
1 0 0 
1 0 0 
1 0 0 
1 0 0 
1 0 0 
1 0 0 
1 0 0 
1 0 0 
1 0 0 
1 0 0 
1 0 0 
1 0 0 
1 0 0 
1 0 0 
1 0 0 
1 0 0 
1 0 0 
1 0 0 
1 0 0 
1 0 0 
1 0 0 
1 0 0 
1 0 0 
1 0 0 
1 0 0 
1 0 0 
1 0 0 
1 0 0 
1 0 0 
1 0 0 
1 0 0 
1 0 0 
1 0 0 
1 0 0 
1 0 0 
1 0 0 
1 0 0 
1 0 0 
1 0 0 
1 0 0 
1 0 0 
1 0 0 
1 0 0 
1 0 0 
1 0 0 
1 0 0 
1 0 -1.86887e-69 
1 0 -7.94098e-66 
1 0 -1.70729e-66 
1 0 -6.76035e-71 
1 0 -6.4841e-66 
1 0 -2.00723e-58 
1 0 -6.8995e-56 
1 0 -3.88642e-53 
1 0 -8.36608e-54 
1 0 -2.48537e-57 
1 0 -2.22788e-58 
1 0 -4.79343e-59 
1 0 -1.02257e-62 
1 0 -9.15963e-64 
1 0 -1.97016e-64 
1 0 -2.84495e-68 
1 0 -2.5468e-69 
1 0 -5.47658e-70 
1 0 -4.77407e-74 
1 0 -4.27158e-75 
1 0 -9.18363e-76 
1 0 -3.62725e-80 
1 0 -3.24411e-81 
1 0 -6.97344e-82 
1 0 0 
1 0 0 
1 0 0 
1 0 0 
1 0 0 
1 0 0 
1 0 0 
1 0 0 
1 0 0 
1 0 0 
1 0 0 
1 0 0 
1 0 0 
1 0 0 
1 0 0 
1 0 0 
1 0 0 
1 0 0 
1 0 0 
1 0 0 
1 0 0 
1 0 0 
1 0 0 
1 0 0 
1 0 0 
1 0 0 
1 0 0 
1 0 0 
1 0 0 
1 0 0 
1 0 0 
1 0 0 
1 0 0 
1 0 0 
1 0 0 
1 0 0 
1 0 0 
1 0 0 
1 0 0 
1 0 0 
1 0 0 
1 0 0 
1 0 0 
1 0 0 
1 0 0 
1 0 0 
1 0 0 
1 0 0 
1 0 0 
1 0 0 
1 0 0 
1 0 0 
1 0 0 
1 0 0 
1 0 0 
1 0 0 
1 0 0 
1 0 -1.25628e-69 
1 0 -2.70045e-70 
1 0 0 
1 0 -1.02549e-69 
1 0 -1.16034e-61 
1 0 -5.87666e-59 
1 0 -4.6128e-56 
1 0 -9.92576e-57 
1 0 -2.11977e-60 
1 0 -1.89877e-61 
1 0 -4.08411e-62 
1 0 -5.90292e-66 
1 0 -5.28429e-67 
1 0 -1.13633e-67 
1 0 -9.91316e-72 
1 0 -8.86978e-73 
1 0 -1.90695e-73 
1 0 -7.5366e-78 
1 0 -6.74053e-79 
1 0 -1.44892e-79 
1 0 0 
1 0 0 
1 0 0 
1 0 0 
1 0 0 
1 0 0 
1 0 0 
1 0 0 
1 0 0 
1 0 0 
1 0 0 
1 0 0 
1 0 0 
1 0 0 
1 0 0 
1 0 0 
1 0 0 
1 0 0 
1 0 0 
1 0 0 
1 0 0 
1 0 0 
1 0 0 
1 0 0 
1 0 0 
1 0 0 
1 0 0 
1 0 0 
1 0 0 
1 0 0 
1 0 0 
1 0 0 
1 0 0 
1 0 0 
1 0 0 
1 0 0 
1 0 0 
1 0 0 
1 0 0 
1 0 0 
1 0 0 
1 0 0 
1 0 0 
1 0 0 
1 0 0 
1 0 0 
1 0 0 
1 0 0 
1 0 0 
1 0 0 
1 0 0 
1 0 0 
1 0 0 
1 0 0 
1 0 0 
1 0 0 
1 0 0 
1 0 0 
1 0 0 
1 0 0 
1 0 0 
1 0 0 
1 0 0 
1 0 0 
1 0 -4.05103e-65 
1 0 -3.39167e-62 
1 0 -3.93584e-59 
1 0 -8.46627e-60 
1 0 -1.22478e-63 
1 0 -1.09643e-64 
1 0 -2.35774e-65 
1 0 -2.05843e-69 
1 0 -1.84177e-70 
1 0 -3.9597e-71 
1 0 -1.56593e-75 
1 0 -1.40053e-76 
1 0 -3.01053e-77 
1 0 0 
1 0 0 
1 0 0 
1 0 0 
1 0 0 
1 0 0 
1 0 0 
1 0 0 
1 0 0 
1 0 0 
1 0 0 
1 0 0 
1 0 0 
1 0 0 
1 0 0 
1 0 0 
1 0 0 
1 0 0 
1 0 0 
1 0 0 
1 0 0 
1 0 0 
1 0 0 
1 0 0 
1 0 0 
1 0 0 
1 0 0 
1 0 0 
1 0 0 
1 0 0 
1 0 0 
1 0 0 
1 0 0 
1 0 0 
1 0 0 
1 0 0 
1 0 0 
1 0 0 
1 0 0 
1 0 0 
1 0 0 
1 0 0 
1 0 0 
1 0 0 
1 0 0 
1 0 0 
1 0 0 
1 0 0 
1 0 0 
1 0 0 
1 0 0 
1 0 0 
1 0 0 
1 0 0 
1 0 0 
1 0 0 
1 0 0 
1 0 0 
1 0 0 
1 0 0 
1 0 0 
1 0 0 
1 0 0 
1 0 0 
1 0 0 
1 0 0 
1 0 0 
1 0 -6.40953e-69 
1 0 -1.18252e-65 
1 0 -2.27485e-62 
1 0 -4.89201e-63 
1 0 -4.27424e-67 
1 0 -3.82437e-68 
1 0 -8.22215e-69 
1 0 -3.25365e-73 
1 0 -2.90998e-74 
1 0 -6.25519e-75 
1 0 0 
1 0 0 
1 0 0 
1 0 0 
1 0 0 
1 0 0 
1 0 0 
1 0 0 
1 0 0 
1 0 0 
1 0 0 
1 0 0 
1 0 0 
1 0 0 
1 0 0 
1 0 0 
1 0 0 
1 0 0 
1 0 0 
1 0 0 
1 0 0 
1 0 0 
1 0 0 
1 0 0 
1 0 0 
1 0 0 
1 0 0 
1 0 0 
1 0 0 
1 0 0 
1 0 0 
1 0 0 
1 0 0 
1 0 0 
1 0 0 
1 0 0 
1 0 0 
1 0 0 
1 0 0 
1 0 0 
1 0 0 
1 0 0 
1 0 0 
1 0 0 
1 0 0 
1 0 0 
1 0 0 
1 0 0 
1 0 0 
1 0 0 
1 0 0 
1 0 0 
1 0 0 
1 0 0 
1 0 0 
1 0 0 
1 0 0 
1 0 0 
1 0 0 
1 0 0 
1 0 0 
1 0 0 
1 0 0 
1 0 0 
1 0 0 
1 0 0 
1 0 0 
1 0 0 
1 0 0 
1 0 0 
1 0 0 
1 0 -1.86887e-69 
1 0 -7.94098e-66 
1 0 -1.70729e-66 
1 0 -6.76035e-71 
1 0 -6.04627e-72 
1 0 -1.29969e-72 
1 0 0 
1 0 0 
1 0 0 
1 0 0 
1 0 0 
1 0 0 
1 0 0 
1 0 0 
1 0 0 
1 0 0 
1 0 0 
1 0 0 
1 0 0 
1 0 0 
1 0 0 
1 0 0 
1 0 0 
1 0 0 
1 0 0 
1 0 0 
1 0 0 
1 0 0 
1 0 0 
1 0 0 
1 0 0 
1 0 0 
1 0 0 
1 0 0 
1 0 0 
1 0 0 
1 0 0 
1 0 0 
1 0 0 
1 0 0 
1 0 0 
1 0 0 
1 0 0 
1 0 0 
1 0 0 
1 0 0 
1 0 0 
1 0 0 
1 0 0 
1 0 0 
1 0 0 
1 0 0 
1 0 0 
1 0 0 
1 0 0 
1 0 0 
1 0 0 
1 0 0 
1 0 0 
1 0 0 
1 0 0 
1 0 0 
1 0 0 
1 0 0 
1 0 0 
1 0 0 
1 0 0 
1 0 0 
1 0 0 
1 0 0 
1 0 0 
1 0 0 
1 0 0 
1 0 0 
1 0 0 
1 0 0 
1 0 0 
1 0 0 
1 0 0 
1 0 0 
1 0 0 
1 0 -1.25628e-69 
1 0 -2.70045e-70 
1 0 0 
1 0 0 
1 0 0 
1 0 0 
1 0 0 
1 0 0 
1 0 0 
1 0 0 
1 0 0 
1 0 0 
1 0 0 
1 0 0 
1 0 0 
1 0 0 
1 0 0 
1 0 0 
1 0 0 
1 0 0 
1 0 0 
1 0 0 
1 0 0 
1 0 0 
1 0 0 
1 0 0 
1 0 0 
1 0 0 
1 0 0 
1 0 0 
1 0 0 
1 0 0 
1 0 0 
1 0 0 
1 0 0 
1 0 0 
1 0 0 
1 0 0 
1 0 0 
1 0 0 
1 0 0 
1 0 0 
1 0 0 
1 0 0 
1 0 0 
1 0 0 
1 0 0 
1 0 0 
1 0 0 
1 0 0 
1 0 0 
1 0 0 
1 0 0 
1 0 0 
1 0 0 
1 0 0 
1 0 0 
1 0 0 
1 0 0 
1 0 0 
1 0 0 
1 0 0 
1 0 0 
1 0 0 
1 0 0 
1 0 0 
1 0 0 
1 0 0 
1 0 0 
1 0 0 
1 0 0 
1 0 0 
1 0 0 
1 0 0 
1 0 0 
1 0 0 
1 0 0 
1 0 0 
1 0 0 
1 0 0 
1 0 0 
1 0 0 
1 0 0 
1 0 0 
1 0 0 
1 0 0 
1 0 0 
1 0 0 
1 0 0 
1 0 0 
1 0 0 
1 0 0 
1 0 0 
1 0 0 
1 0 0 
1 0 0 
1 0 0 
1 0 0 
1 0 0 
1 0 0 
1 0 0 
1 0 0 
1 0 0 
1 0 0 
1 0 0 
1 0 0 
1 0 0 
1 0 0 
1 0 0 
1 0 0 
1 0 0 
1 0 0 
1 0 0 
1 0 0 
1 0 0 
1 0 0 
1 0 0 
1 0 0 
1 0 0 
1 0 0 
1 0 0 
1 0 0 
1 0 0 
1 0 0 
1 0 0 
1 0 0 
1 0 0 
1 0 0 
1 0 0 
1 0 0 
1 0 0 
1 0 0 
1 0 0 
1 0 0 
1 0 0 
1 0 0 
1 0 0 
1 0 0 
1 0 0 
1 0 0 
1 0 0 
1 0 0 
1 0 0 
1 0 0 
1 0 0 
1 0 0 
1 0 0 
1 0 0 
1 0 0 
1 0 0 
1 0 0 
1 0 0 
1 0 0 
1 0 0 
1 0 0 
1 0 0 
1 0 0 
1 0 0 
1 0 0 
1 0 0 
1 0 0 
1 0 0 
1 0 0 
1 0 0 
1 0 0 
1 0 0 
1 0 0 
1 0 0 
1 0 0 
1 0 0 
1 0 0 
1 0 0 
1 0 0 
1 0 0 
1 0 0 
1 0 0 
1 0 0 
1 0 0 
1 0 0 
1 0 0 
1 0 0 
1 0 0 
1 0 0 
1 0 0 
1 0 0 
1 0 0 
1 0 0 
1 0 0 
1 0 0 
1 0 0 
1 0 0 
1 0 0 
1 0 0 
1 0 0 
1 0 0 
1 0 0 
1 0 0 
1 0 0 
1 0 0 
1 0 0 
1 0 0 
1 0 0 
1 0 0 
1 0 0 
1 0 0 
1 0 0 
1 0 0 
1 0 0 
1 0 0 
1 0 0 
1 0 0 
1 0 0 
1 0 0 
1 0 0 
1 0 0 
1 0 0 
1 0 0 
1 0 0 
1 0 0 
1 0 0 
1 0 0 
1 0 0 
1 0 0 
1 0 0 
1 0 0 
1 0 0 
1 0 0 
1 0 0 
1 0 0 
1 0 0 
1 0 0 
1 0 0 
1 0 0 
1 0 0 
1 0 0 
1 0 0 
1 0 0 
1 0 0 
1 0 0 
1 0 0 
1 0 0 
1 0 0 
1 0 0 
1 0 0 
1 0 0 
1 0 0 
1 0 0 
1 0 0 
1 0 0 
1 0 0 
1 0 0 
1 0 0 
1 0 0 
1 0 0 
1 0 0 
1 0 0 
1 0 0 
1 0 0 
1 0 0 
1 0 0 
1 0 0 
1 0 0 
1 0 0 
1 0 0 
1 0 0 
1 0 0 
1 0 0 
1 0 0 
1 0 0 
1 0 0 
1 0 0 
1 0 0 
1 0 0 
1 0 0 
1 0 0 
1 0 0 
1 0 0 
1 0 0 
1 0 0 
1 0 0 
1 0 0 
1 0 0 
1 0 0 
1 0 0 
1 0 0 
1 0 0 
1 0 0 
1 0 0 
1 0 0 
1 0 0 
1 0 0 
1 0 0 
1 0 0 
1 0 0 
1 0 0 
1 0 0 
1 0 0 
1 0 0 
1 0 0 
1 0 0 
1 0 0 
1 0 0 
1 0 0 
1 0 0 
1 0 0 
1 0 0 
1 0 0 
1 0 0 
1 0 0 
1 0 0 
1 0 0 
1 0 0 
1 0 0 
1 0 0 
1 0 0 
1 0 0 
1 0 0 
1 0 0 
1 0 0 
1 0 0 
1 0 0 
1 0 0 
1 0 0 
1 0 0 
1 0 0 
1 0 0 
1 0 0 
1 0 0 
1 0 0 
1 0 0 
1 0 0 
1 0 0 
1 0 0 
1 0 0 
1 0 0 
1 0 0 
1 0 0 
1 0 0 
1 0 0 
1 0 0 
1 0 0 
1 0 0 
1 0 0 
1 0 0 
1 0 0 
1 0 0 
1 0 0 
1 0 0 
1 0 0 
1 0 0 
1 0 0 
1 0 0 
1 0 0 
1 0 0 
1 0 0 
1 0 0 
1 0 0 
1 0 0 
1 0 0 
1 0 0 
1 0 0 
1 0 0 
1 0 0 
1 0 0 
1 0 0 
1 0 0 
1 0 0 
1 0 0 
1 0 0 
1 0 0 
1 0 0 
1 0 0 
1 0 0 
1 0 0 
1 0 0 
1 0 0 
1 0 0 
1 0 0 
1 0 0 
1 0 0 
1 0 0 
1 0 0 
1 0 0 
1 0 0 
1 0 0 
1 0 0 
1 0 0 
1 0 0 
1 0 0 
1 0 0 
1 0 0 
1 0 0 
1 0 0 
1 0 0 
1 0 0 
1 0 0 
1 0 0 
1 0 0 
1 0 0 
1 0 0 
1 0 0 
1 0 0 
1 0 0 
1 0 0 
1 0 0 
1 0 0 
1 0 0 
1 0 0 
1 0 0 
1 0 0 
1 0 0 
1 0 0 
1 0 0 
1 0 0 
1 0 0 
1 0 0 
1 0 0 
1 0 0 
1 0 0 
1 0 0 
1 0 0 
1 0 0 
1 0 0 
1 0 0 
1 0 0 
1 0 0 
1 0 0 
1 0 0 
1 0 0 
1 0 0 
1 0 0 
1 0 0 
1 0 0 
1 0 0 
1 0 0 
1 0 0 
1 0 0 
1 0 0 
1 0 0 
1 0 0 
1 0 0 
1 0 0 
1 0 0 
1 0 0 
1 0 0 
1 0 0 
1 0 0 
1 0 0 
1 0 0 
1 0 0 
1 0 0 
1 0 0 
1 0 0 
1 0 0 
1 0 0 
1 0 0 
1 0 0 
1 0 0 
1 0 0 
1 0 0 
1 0 0 
1 0 0 
1 0 0 
1 0 0 
1 0 0 
1 0 0 
1 0 0 
1 0 0 
1 0 0 
1 0 0 
1 0 0 
1 0 0 
1 0 0 
1 0 0 
1 0 0 
1 0 0 
1 0 0 
1 0 0 
1 0 0 
1 0 0 
1 0 0 
1 0 0 
1 0 0 
1 0 0 
1 0 0 
1 0 0 
1 0 0 
1 0 0 
1 0 0 
1 0 0 
1 0 0 
1 0 0 
1 0 0 
1 0 0 
1 0 0 
1 0 0 
1 0 0 
1 0 0 
1 0 0 
1 0 0 
1 0 0 
1 0 0 
1 0 0 
1 0 0 
1 0 0 
1 0 0 
1 0 0 
1 0 0 
1 0 0 
1 0 0 
1 0 0 
1 0 0 
1 0 0 
1 0 0 
1 0 0 
1 0 0 
1 0 0 
1 0 0 
1 0 0 
1 0 0 
1 0 0 
1 0 0 
1 0 0 
1 0 0 
1 0 0 
1 0 0 
1 0 0 
1 0 0 
1 0 0 
1 0 0 
1 0 0 
1 0 0 
1 0 0 
1 0 0 
1 0 0 
1 0 0 
1 0 0 
1 0 0 
1 0 0 
1 0 0 
1 0 0 
1 0 0 
1 0 0 
1 0 0 
1 0 0 
1 0 0 
1 0 0 
1 0 0 
1 0 0 
1 0 0 
1 0 0 
1 0 0 
1 0 0 
1 0 0 
1 0 0 
1 0 0 
1 0 0 
1 0 0 
1 0 0 
1 0 0 
1 0 0 
1 0 0 
1 0 0 
1 0 0 
1 0 0 
1 0 0 
1 0 0 
1 0 0 
1 0 0 
1 0 0 
1 0 0 
1 0 0 
1 0 0 
1 0 0 
1 0 0 
1 0 0 
1 0 0 
1 0 0 
1 0 0 
1 0 0 
1 0 0 
1 0 0 
1 0 0 
1 0 0 
1 0 0 
1 0 0 
1 0 0 
1 0 0 
1 0 0 
1 0 0 
1 0 0 
1 0 0 
1 0 0 
1 0 0 
1 0 0 
1 0 0 
1 0 0 
1 0 0 
1 0 0 
1 0 0 
1 0 0 
1 0 0 
1 0 0 
1 0 0 
1 0 0 
1 0 0 
1 0 0 
1 0 0 
1 0 0 
1 0 0 
1 0 0 
1 0 0 
1 0 0 
1 0 0 
1 0 0 
1 0 0 
1 0 0 
1 0 0 
1 0 0 
1 0 0 
1 0 0 
1 0 0 
1 0 0 
1 0 0 
1 0 0 
1 0 0 
1 0 0 
1 0 0 
1 0 0 
1 0 0 
1 0 0 
1 0 0 
1 0 0 
1 0 0 
1 0 0 
1 0 0 
1 0 0 
1 0 0 
1 0 0 
1 0 0 
1 0 0 
1 0 0 
1 0 0 
1 0 0 
1 0 0 
1 0 0 
1 0 0 
1 0 0 
1 0 0 
1 0 0 
1 0 0 
1 0 0 
1 0 0 
1 0 0 
1 0 0 
1 0 0 
1 0 0 
1 0 0 
1 0 0 
1 0 0 
1 0 0 
1 0 0 
1 0 0 
1 0 0 
1 0 0 
1 0 0 
1 0 0 
1 0 0 
1 0 0 
1 0 0 
1 0 0 
1 0 0 
1 0 0 
1 0 0 
1 0 0 
1 0 0 
1 0 0 
1 0 0 
1 0 0 
1 0 0 
1 0 0 
1 0 0 
1 0 0 
1 0 0 
1 0 0 
1 0 0 
1 0 0 
1 0 0 
1 0 0 
1 0 0 
1 0 0 
1 0 0 
1 0 0 
1 0 0 
1 0 0 
1 0 0 
1 0 0 
1 0 0 
1 0 0 
1 0 0 
1 0 0 
1 0 0 
1 0 0 
1 0 0 
1 0 0 
1 0 0 
1 0 0 
1 0 0 
1 0 0 
1 0 0 
1 0 0 
1 0 0 
1 0 0 
1 0 0 
1 0 0 
1 0 0 
1 0 0 
1 0 0 
1 0 0 
1 0 0 
1 0 0 
1 0 0 
1 0 0 
1 0 0 
1 0 0 
1 0 0 
1 0 0 
1 0 0 
1 0 0 
1 0 0 
1 0 0 
1 0 0 
1 0 0 
1 0 0 
1 0 0 
1 0 0 
1 0 0 
1 0 0 
1 0 0 
1 0 0 
1 0 0 
1 0 0 
1 0 0 
1 0 0 
1 0 0 
1 0 0 
1 0 0 
1 0 0 
1 0 0 
1 0 0 
1 0 0 
1 0 0 
1 0 0 
1 0 0 
1 0 0 
1 0 0 
1 0 0 
1 0 0 
1 0 0 
1 0 0 
1 0 0 
1 0 0 
1 0 0 
1 0 0 
1 0 0 
1 0 0 
1 0 0 
1 0 0 
1 0 0 
1 0 0 
1 0 0 
1 0 0 
1 0 0 
1 0 0 
1 0 0 
1 0 0 
1 0 0 
1 0 0 
1 0 0 
1 0 0 
1 0 0 
1 0 0 
1 0 0 
1 0 0 
1 0 0 
1 0 0 
1 0 0 
1 0 0 
1 0 0 
1 0 0 
1 0 0 
1 0 0 
1 0 0 
1 0 0 
1 0 0 
1 0 0 
1 0 0 
1 0 0 
1 0 0 
1 0 0 
1 0 0 
1 0 0 
1 0 0 
1 0 0 
1 0 0 
1 0 0 
1 0 0 
1 0 0 
1 0 0 
1 0 0 
1 0 0 
1 0 0 
1 0 0 
1 0 0 
1 0 0 
1 0 0 
1 0 0 
1 0 0 
1 0 0 
1 0 0 
1 0 0 
1 0 0 
1 0 0 
1 0 0 
1 0 0 
1 0 0 
1 0 0 
1 0 0 
1 0 0 
1 0 0 
1 0 0 
1 0 0 
1 0 0 
1 0 0 
1 0 0 
1 0 0 
1 0 0 
1 0 0 
1 0 0 
1 0 0 
1 0 0 
1 0 0 
1 0 0 
1 0 0 
1 0 0 
1 0 0 
1 0 0 
1 0 0 
1 0 0 
1 0 0 
1 0 0 
1 0 0 
1 0 0 
1 0 0 
1 0 0 
1 0 0 
1 0 0 
1 0 0 
1 0 0 
1 0 0 
1 0 0 
1 0 0 
1 0 0 
1 0 0 
1 0 0 
1 0 0 
1 0 0 
1 0 0 
1 0 0 
1 0 0 
1 0 0 
1 0 0 
1 0 0 
1 0 0 
1 0 0 
1 0 0 
1 0 0 
1 0 0 
1 0 0 
1 0 0 
1 0 0 
1 0 0 
1 0 0 
1 0 0 
1 0 0 
1 0 0 
1 0 0 
1 0 0 
1 0 0 
1 0 0 
1 0 0 
1 0 0 
1 0 0 
1 0 0 
1 0 0 
1 0 0 
1 0 0 
1 0 0 
1 0 0 
1 0 0 
1 0 0 
1 0 0 
1 0 0 
1 0 0 
1 0 0 
1 0 0 
1 0 0 
1 0 0 
1 0 0 
1 0 0 
1 0 0 
1 0 0 
1 0 0 
1 0 0 
1 0 0 
1 0 0 
1 0 0 
1 0 0 
1 0 0 
1 0 0 
1 0 0 
1 0 0 
1 0 0 
1 0 0 
1 0 0 
1 0 0 
1 0 0 
1 0 0 
1 0 0 
1 0 0 
1 0 0 
1 0 0 
1 0 0 
1 0 0 
1 0 0 
1 0 0 
1 0 0 
1 0 0 
1 0 0 
1 0 0 
1 0 0 
1 0 0 
1 0 0 
1 0 0 
1 0 0 
1 0 0 
1 0 0 
1 0 0 
1 0 0 
1 0 0 
1 0 0 
1 0 0 
1 0 0 
1 0 0 
1 0 0 
1 0 0 
1 0 0 
1 0 0 
1 0 0 
1 0 0 
1 0 0 
1 0 0 
1 0 0 
1 0 0 
1 0 0 
1 0 0 
1 0 0 
1 0 0 
1 0 0 
1 0 0 
1 0 0 
1 0 0 
1 0 0 
1 0 0 
1 0 0 
1 0 0 
1 0 0 
1 0 0 
1 0 0 
1 0 0 
1 0 0 
1 0 0 
1 0 0 
1 0 0 
1 0 0 
1 0 0 
1 0 0 
1 0 0 
1 0 0 
1 0 0 
1 0 0 
1 0 0 
1 0 0 
1 0 0 
1 0 0 
1 0 0 
1 0 0 
1 0 0 
1 0 0 
1 0 0 
1 0 0 
1 0 0 
1 0 0 
1 0 0 
1 0 0 
1 0 0 
1 0 0 
1 0 0 
1 0 0 
1 0 0 
1 0 0 
1 0 0 
1 0 0 
1 0 0 
1 0 0 
1 0 0 
1 0 0 
1 0 0 
1 0 0 
1 0 0 
1 0 0 
1 0 0 
1 0 0 
1 0 0 
1 0 0 
1 0 0 
1 0 0 
1 0 0 
1 0 0 
1 0 0 
1 0 0 
1 0 0 
1 0 0 
1 0 0 
1 0 0 
1 0 0 
1 0 0 
1 0 0 
1 0 0 
1 0 0 
1 0 0 
1 0 0 
1 0 0 
1 0 0 
1 0 0 
1 0 0 
1 0 0 
1 0 0 
1 0 0 
1 0 0 
1 0 0 
1 0 0 
1 0 0 
1 0 0 
1 0 0 
1 0 0 
1 0 0 
1 0 0 
1 0 0 
1 0 0 
1 0 0 
1 0 0 
1 0 0 
1 0 0 
1 0 0 
1 0 0 
1 0 0 
1 0 0 
1 0 0 
1 0 0 
1 0 0 
1 0 0 
1 0 0 
1 0 0 
1 0 0 
1 0 0 
1 0 0 
1 0 0 
1 0 0 
1 0 0 
1 0 0 
1 0 0 
1 0 0 
1 0 0 
1 0 0 
1 0 0 
1 0 0 
1 0 0 
1 0 0 
1 0 0 
1 0 0 
1 0 0 
1 0 0 
1 0 0 
1 0 0 
1 0 0 
1 0 0 
1 0 0 
1 0 0 
1 0 0 
1 0 0 
1 0 0 
1 0 0 
1 0 0 
1 0 0 
1 0 0 
1 0 0 
1 0 0 
1 0 0 
1 0 0 
1 0 0 
1 0 0 
1 0 0 
1 0 0 
1 0 0 
1 0 0 
1 0 0 
1 0 0 
1 0 0 
1 0 0 
1 0 0 
1 0 0 
1 0 0 
1 0 0 
1 0 0 
1 0 0 
1 0 0 
1 0 0 
1 0 0 
1 0 0 
1 0 0 
1 0 0 
1 0 0 
1 0 0 
1 0 0 
1 0 0 
1 0 0 
1 0 0 
1 0 0 
1 0 0 
1 0 0 
1 0 0 
1 0 0 
1 0 0 
1 0 0 
1 0 0 
1 0 0 
1 0 0 
1 0 0 
1 0 0 
1 0 0 
1 0 0 
1 0 0 
1 0 0 
1 0 0 
1 0 0 
1 0 0 
1 0 0 
1 0 0 
1 0 0 
1 0 0 
1 0 0 
1 0 0 
1 0 0 
1 0 0 
1 0 0 
1 0 0 
1 0 0 
1 0 0 
1 0 0 
1 0 0 
1 0 0 
1 0 0 
1 0 0 
1 0 0 
1 0 0 
1 0 0 
1 0 0 
1 0 0 
1 0 0 
1 0 0 
1 0 0 
1 0 0 
1 0 0 
1 0 0 
1 0 0 
1 0 0 
1 0 0 
1 0 0 
1 0 0 
1 0 0 
1 0 0 
1 0 0 
1 0 0 
1 0 0 
1 0 0 
1 0 0 
1 0 0 
1 0 0 
1 0 0 
1 0 0 
1 0 0 
1 0 0 
1 0 0 
1 0 0 
1 0 0 
1 0 0 
1 0 0 
1 0 0 
1 0 0 
1 0 0 
1 0 0 
1 0 0 
1 0 0 
1 0 0 
1 0 0 
1 0 0 
1 0 0 
1 0 0 
1 0 0 
1 0 0 
1 0 0 
1 0 0 
1 0 0 
1 0 0 
1 0 0 
1 0 0 
1 0 0 
1 0 0 
1 0 0 
1 0 0 
1 0 0 
1 0 0 
1 0 0 
1 0 0 
1 0 0 
1 0 0 
1 0 0 
1 0 0 
1 0 0 
1 0 0 
1 0 0 
1 0 0 
1 0 0 
1 0 0 
1 0 0 
1 0 0 
1 0 0 
1 0 0 
1 0 0 
1 0 0 
1 0 0 
1 0 0 
1 0 0 
1 0 0 
1 0 0 
1 0 0 
1 0 0 
1 0 0 
1 0 0 
1 0 0 
1 0 0 
1 0 0 
1 0 0 
1 0 0 
1 0 0 
1 0 0 
1 0 0 
1 0 0 
1 0 0 
1 0 0 
1 0 0 
1 0 0 
1 0 0 
1 0 0 
1 0 0 
1 0 0 
1 0 0 
1 0 0 
1 0 0 
1 0 0 
1 0 0 
1 0 0 
1 0 0 
1 0 0 
1 0 0 
1 0 0 
1 0 0 
1 0 0 
1 0 0 
1 0 0 
1 0 0 
1 0 0 
1 0 0 
1 0 0 
1 0 0 
1 0 0 
1 0 0 
1 0 0 
1 0 0 
1 0 0 
1 0 0 
1 0 0 
1 0 0 
1 0 0 
1 0 0 
1 0 0 
1 0 0 
1 0 0 
1 0 0 
1 0 0 
1 0 0 
1 0 0 
1 0 0 
1 0 0 
1 0 0 
1 0 0 
1 0 0 
1 0 0 
1 0 0 
1 0 0 
1 0 0 
1 0 0 
1 0 0 
1 0 0 
1 0 0 
1 0 0 
1 0 0 
1 0 0 
1 0 0 
1 0 0 
1 0 0 
1 0 0 
1 0 0 
1 0 0 
1 0 0 
1 0 0 
1 0 0 
1 0 0 
1 0 0 
1 0 0 
1 0 0 
1 0 0 
1 0 0 
1 0 0 
1 0 0 
1 0 0 
1 0 0 
1 0 0 
1 0 0 
1 0 0 
1 0 0 
1 0 0 
1 0 0 
1 0 0 
1 0 0 
1 0 0 
1 0 0 
1 0 0 
1 0 0 
1 0 0 
1 0 0 
1 0 0 
1 0 0 
1 0 0 
1 0 0 
1 0 0 
1 0 0 
1 0 0 
1 0 0 
1 0 0 
1 0 0 
1 0 0 
1 0 0 
1 0 0 
1 0 0 
1 0 0 
1 0 0 
1 0 0 
1 0 0 
1 0 0 
1 0 0 
1 0 0 
1 0 0 
1 0 0 
1 0 0 
1 0 0 
1 0 0 
1 0 0 
1 0 0 
1 0 0 
1 0 0 
1 0 0 
1 0 0 
1 0 0 
1 0 0 
1 0 0 
1 0 0 
1 0 0 
1 0 0 
1 0 0 
1 0 0 
1 0 0 
1 0 0 
1 0 0 
1 0 0 
1 0 0 
1 0 0 
1 0 0 
1 0 0 
1 0 0 
1 0 0 
1 0 0 
1 0 0 
1 0 0 
1 0 0 
1 0 0 
1 0 0 
1 0 0 
1 0 0 
1 0 0 
1 0 0 
1 0 0 
1 0 0 
1 0 0 
1 0 0 
1 0 0 
1 0 0 
1 0 0 
1 0 0 
1 0 0 
1 0 0 
1 0 0 
1 0 0 
1 0 0 
1 0 0 
1 0 0 
1 0 0 
1 0 0 
1 0 0 
1 0 0 
1 0 0 
1 0 0 
1 0 0 
1 0 0 
1 0 0 
1 0 0 
1 0 0 
1 0 0 
1 0 0 
1 0 0 
1 0 0 
1 0 0 
1 0 0 
1 0 0 
1 0 0 
1 0 0 
1 0 0 
1 0 0 
1 0 0 
1 0 0 
1 0 0 
1 0 0 
1 0 0 
1 0 0 
1 0 0 
1 0 0 
1 0 0 
1 0 0 
1 0 0 
1 0 0 
1 0 0 
1 0 0 
1 0 0 
1 0 0 
1 0 0 
1 0 0 
1 0 0 
1 0 0 
1 0 0 
1 0 0 
1 0 0 
1 0 0 
1 0 0 
1 0 0 
1 0 0 
1 0 0 
1 0 0 
1 0 0 
1 0 0 
1 0 0 
1 0 0 
1 0 0 
1 0 0 
1 0 0 
1 0 0 
1 0 0 
1 0 0 
1 0 0 
1 0 0 
1 0 0 
1 0 0 
1 0 0 
1 0 0 
1 0 0 
1 0 0 
1 0 0 
1 0 0 
1 0 0 
1 0 0 
1 0 0 
1 0 0 
1 0 0 
1 0 0 
1 0 0 
1 0 0 
1 0 0 
1 0 0 
1 0 0 
1 0 0 
1 0 0 
1 0 0 
1 0 0 
1 0 0 
1 0 0 
1 0 0 
1 0 0 
1 0 0 
1 0 0 
1 0 0 
1 0 0 
1 0 0 
1 0 0 
1 0 0 
1 0 0 
1 0 0 
1 0 0 
1 0 0 
1 0 0 
1 0 0 
1 0 0 
1 0 0 
1 0 0 
1 0 0 
1 0 0 
1 0 0 
1 0 0 
1 0 0 
1 0 0 
1 0 0 
1 0 0 
1 0 0 
1 0 0 
1 0 0 
1 0 0 
1 0 0 
1 0 0 
1 0 0 
1 0 0 
1 0 0 
1 0 0 
1 0 0 
1 0 0 
1 0 0 
1 0 0 
1 0 0 
1 0 0 
1 0 0 
1 0 0 
1 0 0 
1 0 0 
1 0 0 
1 0 0 
1 0 0 
1 0 0 
1 0 0 
1 0 0 
1 0 0 
1 0 0 
1 0 0 
1 0 0 
1 0 0 
1 0 0 
1 0 0 
1 0 0 
1 0 0 
1 0 0 
1 0 0 
1 0 0 
1 0 0 
1 0 0 
1 0 0 
1 0 0 
1 0 0 
1 0 0 
1 0 0 
1 0 0 
1 0 0 
1 0 0 
1 0 0 
1 0 0 
1 0 0 
1 0 0 
1 0 0 
1 0 0 
1 0 0 
1 0 0 
1 0 0 
1 0 0 
1 0 0 
1 0 0 
1 0 0 
1 0 0 
1 0 0 
1 0 0 
1 0 0 
1 0 0 
1 0 0 
1 0 0 
1 0 0 
1 0 0 
1 0 0 
1 0 0 
1 0 0 
1 0 0 
1 0 0 
1 0 0 
1 0 0 
1 0 0 
1 0 0 
1 0 0 
1 0 0 
1 0 0 
1 0 0 
1 0 0 
1 0 0 
1 0 0 
1 0 0 
1 0 0 
1 0 0 
1 0 0 
1 0 0 
1 0 0 
1 0 0 
1 0 0 
1 0 0 
1 0 0 
1 0 0 
1 0 0 
1 0 0 
1 0 0 
1 0 0 
1 0 0 
1 0 0 
1 0 0 
1 0 0 
1 0 0 
1 0 0 
1 0 0 
1 0 0 
1 0 0 
1 0 0 
1 0 0 
1 0 0 
1 0 0 
1 0 0 
1 0 0 
1 0 0 
1 0 0 
1 0 0 
1 0 0 
1 0 0 
1 0 0 
1 0 0 
1 0 0 
1 0 0 
1 0 0 
1 0 0 
1 0 0 
1 0 0 
1 0 0 
1 0 0 
1 0 0 
1 0 0 
1 0 0 
1 0 0 
1 0 0 
1 0 0 
1 0 0 
1 0 0 
1 0 0 
1 0 0 
1 0 0 
1 0 0 
1 0 0 
1 0 0 
1 0 0 
1 0 0 
1 0 0 
1 0 0 
1 0 0 
1 0 0 
1 0 0 
1 0 0 
1 0 0 
1 0 0 
1 0 0 
1 0 0 
1 0 0 
1 0 0 
1 0 0 
1 0 0 
1 0 0 
1 0 0 
1 0 0 
1 0 0 
1 0 0 
1 0 0 
1 0 0 
1 0 0 
1 0 0 
1 0 0 
1 0 0 
1 0 0 
1 0 0 
1 0 0 
1 0 0 
1 0 0 
1 0 0 
1 0 0 
1 0 0 
1 0 0 
1 0 0 
1 0 0 
1 0 0 
1 0 0 
1 0 0 
1 0 0 
1 0 0 
1 0 0 
1 0 0 
1 0 0 
1 0 0 
1 0 0 
1 0 0 
1 0 0 
1 0 0 
1 0 0 
1 0 0 
1 0 0 
1 0 0 
1 0 0 
1 0 0 
1 0 0 
1 0 0 
1 0 0 
1 0 0 
1 0 0 
1 0 0 
1 0 0 
1 0 0 
1 0 0 
1 0 0 
1 0 0 
1 0 0 
1 0 0 
1 0 0 
1 0 0 
1 0 0 
1 0 0 
1 0 0 
1 0 0 
1 0 0 
1 0 0 
1 0 0 
1 0 0 
1 0 0 
1 0 0 
1 0 0 
1 0 0 
1 0 0 
1 0 0 
1 0 0 
1 0 0 
1 0 0 
1 0 0 
1 0 0 
1 0 0 
1 0 0 
1 0 0 
1 0 0 
1 0 0 
1 0 0 
1 0 0 
1 0 0 
1 0 0 
1 0 0 
1 0 0 
1 0 0 
1 0 0 
1 0 0 
1 0 0 
1 0 0 
1 0 0 
1 0 0 
1 0 0 
1 0 0 
1 0 0 
1 0 0 
1 0 0 
1 0 0 
1 0 0 
1 0 0 
1 0 0 
1 0 0 
1 0 0 
1 0 0 
1 0 0 
1 0 0 
1 0 0 
1 0 0 
1 0 0 
1 0 0 
1 0 0 
1 0 0 
1 0 0 
1 0 0 
1 0 0 
1 0 0 
1 0 0 
1 0 0 
1 0 0 
1 0 0 
1 0 0 
1 0 0 
1 0 0 
1 0 0 
1 0 0 
1 0 0 
1 0 0 
1 0 0 
1 0 0 
1 0 0 
1 0 0 
1 0 0 
1 0 0 
1 0 0 
1 0 0 
1 0 0 
1 0 0 
1 0 0 
1 0 0 
1 0 0 
1 0 0 
1 0 0 
1 0 0 
1 0 0 
1 0 0 
1 0 0 
1 0 0 
1 0 0 
1 0 0 
1 0 0 
1 0 0 
1 0 0 
1 0 0 
1 0 0 
1 0 0 
1 0 0 
1 0 0 
1 0 0 
1 0 0 
1 0 0 
1 0 0 
1 0 0 
1 0 0 
1 0 0 
1 0 0 
1 0 0 
1 0 0 
1 0 0 
1 0 0 
1 0 0 
1 0 0 
1 0 0 
1 0 0 
1 0 0 
1 0 0 
1 0 0 
1 0 0 
1 0 0 
1 0 0 
1 0 0 
1 0 0 
1 0 0 
1 0 0 
1 0 0 
1 0 0 
1 0 0 
1 0 0 
1 0 0 
1 0 0 
1 0 0 
1 0 0 
1 0 0 
1 0 0 
1 0 0 
1 0 0 
1 0 0 
1 0 0 
1 0 0 
1 0 0 
1 0 0 
1 0 0 
1 0 0 
1 0 0 
1 0 0 
1 0 0 
1 0 0 
1 0 0 
1 0 0 
1 0 0 
1 0 0 
1 0 0 
1 0 0 
1 0 0 
1 0 0 
1 0 0 
1 0 0 
1 0 0 
1 0 0 
1 0 0 
1 0 0 
1 0 0 
1 0 0 
1 0 0 
1 0 0 
1 0 0 
1 0 0 
1 0 0 
1 0 0 
1 0 0 
1 0 0 
1 0 0 
1 0 0 
1 0 0 
1 0 0 
1 0 0 
1 0 0 
1 0 0 
1 0 0 
1 0 0 
1 0 0 
1 0 0 
1 0 0 
1 0 0 
1 0 0 
1 0 0 
1 0 0 
1 0 0 
1 0 0 
1 0 0 
1 0 0 
1 0 0 
1 0 0 
1 0 0 
1 0 0 
1 0 0 
1 0 0 
1 0 0 
1 0 0 
1 0 0 
1 0 0 
1 0 0 
1 0 0 
1 0 0 
1 0 0 
1 0 0 
1 0 0 
1 0 0 
1 0 0 
1 0 0 
1 0 0 
1 0 0 
1 0 0 
1 0 0 
1 0 0 
1 0 0 
1 0 0 
1 0 0 
1 0 0 
1 0 0 
1 0 0 
1 0 0 
1 0 0 
1 0 0 
1 0 0 
1 0 0 
1 0 0 
1 0 0 
1 0 0 
1 0 0 
1 0 0 
1 0 0 
1 0 0 
1 0 0 
1 0 0 
1 0 0 
1 0 0 
1 0 0 
1 0 0 
1 0 0 
1 0 0 
1 0 0 
1 0 0 
1 0 0 
1 0 0 
1 0 0 
1 0 0 
1 0 0 
1 0 0 
1 0 0 
1 0 0 
1 0 0 
1 0 0 
1 0 0 
1 0 0 
1 0 0 
1 0 0 
1 0 0 
1 0 0 
1 0 0 
1 0 0 
1 0 0 
1 0 0 
1 0 0 
1 0 0 
1 0 0 
1 0 0 
1 0 0 
1 0 0 
1 0 0 
1 0 0 
1 0 0 
1 0 0 
1 0 0 
1 0 0 
1 0 0 
1 0 0 
1 0 0 
1 0 0 
1 0 0 
1 0 0 
1 0 0 
1 0 0 
1 0 0 
1 0 0 
1 0 0 
1 0 0 
1 0 0 
1 0 0 
1 0 0 
1 0 0 
1 0 0 
1 0 0 
1 0 0 
1 0 0 
1 0 0 
1 0 0 
1 0 0 
1 0 0 
1 0 0 
1 0 0 
1 0 0 
1 0 0 
1 0 0 
1 0 0 
1 0 0 
1 0 0 
1 0 0 
1 0 0 
1 0 0 
1 0 0 
1 0 0 
1 0 0 
1 0 0 
1 0 0 
1 0 0 
1 0 0 
1 0 0 
1 0 0 
1 0 0 
1 0 0 
1 0 0 
1 0 0 
1 0 0 
1 0 0 
1 0 0 
1 0 0 
1 0 0 
1 0 0 
1 0 0 
1 0 0 
1 0 0 
1 0 0 
1 0 0 
1 0 0 
1 0 0 
1 0 0 
1 0 0 
1 0 0 
1 0 0 
1 0 0 
1 0 0 
1 0 0 
1 0 0 
1 0 0 
1 0 0 
1 0 0 
1 0 0 
1 0 0 
1 0 0 
1 0 0 
1 0 0 
1 0 0 
1 0 0 
1 0 0 
1 0 0 
1 0 0 
1 0 0 
1 0 0 
1 0 0 
1 0 0 
1 0 0 
1 0 0 
1 0 0 
1 0 0 
1 0 0 
1 0 0 
1 0 0 
1 0 0 
1 0 0 
1 0 0 
1 0 0 
1 0 0 
1 0 0 
1 0 0 
1 0 0 
1 0 0 
1 0 0 
1 0 0 
1 0 0 
1 0 0 
1 0 0 
1 0 0 
1 0 0 
1 0 0 
1 0 0 
1 0 0 
1 0 0 
1 0 0 
1 0 0 
1 0 0 
1 0 0 
1 0 0 
1 0 0 
1 0 0 
1 0 0 
1 0 0 
1 0 0 
1 0 0 
1 0 0 
1 0 0 
1 0 0 
1 0 0 
1 0 0 
1 0 0 
1 0 0 
1 0 0 
1 0 0 
1 0 0 
1 0 0 
1 0 0 
1 0 0 
1 0 0 
1 0 0 
1 0 0 
1 0 0 
1 0 0 
1 0 0 
1 0 0 
1 0 0 
1 0 0 
1 0 0 
1 0 0 
1 0 0 
1 0 0 
1 0 0 
1 0 0 
1 0 0 
1 0 0 
1 0 0 
1 0 0 
1 0 0 
1 0 0 
1 0 0 
1 0 0 
1 0 0 
1 0 0 
1 0 0 
1 0 0 
1 0 0 
1 0 0 
1 0 0 
1 0 0 
1 0 0 
1 0 0 
1 0 0 
1 0 0 
1 0 0 
1 0 0 
1 0 0 
1 0 0 
1 0 0 
1 0 0 
1 0 0 
1 0 0 
1 0 0 
1 0 0 
1 0 0 
1 0 0 
1 0 0 
1 0 0 
1 0 0 
1 0 0 
1 0 0 
1 0 0 
1 0 0 
1 0 0 
1 0 0 
1 0 0 
1 0 0 
1 0 0 
1 0 0 
1 0 0 
1 0 0 
1 0 0 
1 0 0 
1 0 0 
1 0 0 
1 0 0 
1 0 0 
1 0 0 
1 0 0 
1 0 0 
1 0 0 
1 0 0 
1 0 0 
1 0 0 
1 0 0 
1 0 0 
1 0 0 
1 0 0 
1 0 0 
1 0 0 
1 0 0 
1 0 0 
1 0 0 
1 0 0 
1 0 0 
1 0 0 
1 0 0 
1 0 0 
1 0 0 
1 0 0 
1 0 0 
1 0 0 
1 0 0 
1 0 0 
1 0 0 
1 0 0 
1 0 0 
1 0 0 
1 0 0 
1 0 0 
1 0 0 
1 0 0 
1 0 0 
1 0 0 
1 0 0 
1 0 0 
1 0 0 
1 0 0 
1 0 0 
1 0 0 
1 0 0 
1 0 0 
1 0 0 
1 0 0 
1 0 0 
1 0 0 
1 0 0 
1 0 0 
1 0 0 
1 0 0 
1 0 0 
1 0 0 
1 0 0 
1 0 0 
1 0 0 
1 0 0 
1 0 0 
1 0 0 
1 0 0 
1 0 0 
1 0 0 
1 0 0 
1 0 0 
1 0 0 
1 0 0 
1 0 0 
1 0 0 
1 0 0 
1 0 0 
1 0 0 
1 0 0 
1 0 0 
1 0 0 
1 0 0 
1 0 0 
1 0 0 
1 0 0 
1 0 0 
1 0 0 
1 0 0 
1 0 0 
1 0 0 
1 0 0 
1 0 0 
1 0 0 
1 0 0 
1 0 0 
1 0 0 
1 0 0 
1 0 0 
1 0 0 
1 0 0 
1 0 0 
1 0 0 
1 0 0 
1 0 0 
1 0 0 
1 0 0 
1 0 0 
1 0 0 
1 0 0 
1 0 0 
1 0 0 
1 0 0 
1 0 0 
1 0 0 
1 0 0 
1 0 0 
1 0 0 
1 0 0 
1 0 0 
1 0 0 
1 0 0 
1 0 0 
1 0 0 
1 0 0 
1 0 0 
1 0 0 
1 0 0 
1 0 0 
1 0 0 
1 0 0 
1 0 0 
1 0 0 
1 0 0 
1 0 0 
1 0 0 
1 0 0 
1 0 0 
1 0 0 
1 0 0 
1 0 0 
1 0 0 
1 0 0 
1 0 0 
1 0 0 
1 0 0 
1 0 0 
1 0 0 
1 0 0 
1 0 0 
1 0 0 
1 0 0 
1 0 0 
1 0 0 
1 0 0 
1 0 0 
1 0 0 
1 0 0 
1 0 0 
1 0 0 
1 0 0 
1 0 0 
1 0 0 
1 0 0 
1 0 0 
1 0 0 
1 0 0 
1 0 0 
1 0 0 
1 0 0 
1 0 0 
1 0 0 
1 0 0 
1 0 0 
1 0 0 
1 0 0 
1 0 0 
1 0 0 
1 0 0 
1 0 0 
1 0 0 
1 0 0 
1 0 0 
1 0 0 
1 0 0 
1 0 0 
1 0 0 
1 0 0 
1 0 0 
1 0 0 
1 0 0 
1 0 0 
1 0 0 
1 0 0 
1 0 0 
1 0 0 
1 0 0 
1 0 0 
1 0 0 
1 0 0 
1 0 0 
1 0 0 
1 0 0 
1 0 0 
1 0 0 
1 0 0 
1 0 0 
1 0 0 
1 0 0 
1 0 0 
1 0 0 
1 0 0 
1 0 0 
1 0 0 
1 0 0 
1 0 0 
1 0 0 
1 0 0 
1 0 0 
1 0 0 
1 0 0 
1 0 0 
1 0 0 
1 0 0 
1 0 0 
1 0 0 
1 0 0 
1 0 0 
1 0 0 
1 0 0 
1 0 0 
1 0 0 
1 0 0 
1 0 0 
1 0 0 
1 0 0 
1 0 0 
1 0 0 
1 0 0 
1 0 0 
1 0 0 
1 0 0 
1 0 0 
1 0 0 
1 0 0 
1 0 0 
1 0 0 
1 0 0 
1 0 0 
1 0 0 
1 0 0 
1 0 0 
1 0 0 
1 0 0 
1 0 0 
1 0 0 
1 0 0 
1 0 0 
1 0 0 
1 0 0 
1 0 0 
1 0 0 
1 0 0 
1 0 0 
1 0 0 
1 0 0 
1 0 0 
1 0 0 
1 0 0 
1 0 0 
1 0 0 
1 0 0 
1 0 0 
1 0 0 
1 0 0 
1 0 0 
1 0 0 
1 0 0 
1 0 0 
1 0 0 
1 0 0 
1 0 0 
1 0 0 
1 0 0 
1 0 0 
1 0 0 
1 0 0 
1 0 0 
1 0 0 
1 0 0 
1 0 0 
1 0 0 
1 0 0 
1 0 0 
1 0 0 
1 0 0 
1 0 0 
1 0 0 
1 0 0 
1 0 0 
1 0 0 
1 0 0 
1 0 0 
1 0 0 
1 0 0 
1 0 0 
1 0 0 
1 0 0 
1 0 0 
1 0 0 
1 0 0 
1 0 0 
1 0 0 
1 0 0 
1 0 0 
1 0 0 
1 0 0 
1 0 0 
1 0 0 
1 0 0 
1 0 0 
1 0 0 
1 0 0 
1 0 0 
1 0 0 
1 0 0 
1 0 0 
1 0 0 
1 0 0 
1 0 0 
1 0 0 
1 0 0 
1 0 0 
1 0 0 
1 0 0 
1 0 0 
1 0 0 
1 0 0 
1 0 0 
1 0 0 
1 0 0 
1 0 0 
1 0 0 
1 0 0 
1 0 0 
1 0 0 
1 0 0 
1 0 0 
1 0 0 
1 0 0 
1 0 0 
1 0 0 
1 0 0 
1 0 0 
1 0 0 
1 0 0 
1 0 0 
1 0 0 
1 0 0 
1 0 0 
1 0 0 
1 0 0 
1 0 0 
1 0 0 
1 0 0 
1 0 0 
1 0 0 
1 0 0 
1 0 0 
1 0 0 
1 0 0 
1 0 0 
1 0 0 
1 0 0 
1 0 0 
1 0 0 
1 0 0 
1 0 0 
1 0 0 
1 0 0 
1 0 0 
1 0 0 
1 0 0 
1 0 0 
1 0 0 
1 0 0 
1 0 0 
1 0 0 
1 0 0 
1 0 0 
1 0 0 
1 0 0 
1 0 0 
1 0 0 
1 0 0 
1 0 0 
1 0 0 
1 0 0 
1 0 0 
1 0 0 
1 0 0 
1 0 0 
1 0 0 
1 0 0 
1 0 0 
1 0 0 
1 0 0 
1 0 0 
1 0 0 
1 0 0 
1 0 0 
1 0 0 
1 0 0 
1 0 0 
1 0 0 
1 0 0 
1 0 0 
1 0 0 
1 0 0 
1 0 0 
1 0 0 
1 0 0 
1 0 0 
1 0 0 
1 0 0 
1 0 0 
1 0 0 
1 0 0 
1 0 0 
1 0 0 
1 0 0 
1 0 0 
1 0 0 
1 0 0 
1 0 0 
1 0 0 
1 0 0 
1 0 0 
1 0 0 
1 0 0 
1 0 0 
1 0 0 
1 0 0 
1 0 0 
1 0 0 
1 0 0 
1 0 0 
1 0 0 
1 0 0 
1 0 0 
1 0 0 
1 0 0 
1 0 0 
1 0 0 
1 0 0 
1 0 0 
1 0 0 
1 0 0 
1 0 0 
1 0 0 
1 0 0 
1 0 0 
1 0 0 
1 0 0 
1 0 0 
1 0 0 
1 0 0 
1 0 0 
1 0 0 
1 0 0 
1 0 0 
1 0 0 
1 0 0 
1 0 0 
1 0 0 
1 0 0 
1 0 0 
1 0 0 
1 0 0 
1 0 0 
1 0 0 
1 0 0 
1 0 0 
1 0 0 
1 0 0 
1 0 0 
1 0 0 
1 0 0 
1 0 0 
1 0 0 
1 0 0 
1 0 0 
1 0 0 
1 0 0 
1 0 0 
1 0 0 
1 0 0 
1 0 0 
1 0 0 
1 0 0 
1 0 0 
1 0 0 
1 0 0 
1 0 0 
1 0 0 
1 0 0 
1 0 0 
1 0 0 
1 0 0 
1 0 0 
1 0 0 
1 0 0 
1 0 0 
1 0 0 
1 0 0 
1 0 0 
1 0 0 
1 0 0 
1 0 0 
1 0 0 
1 0 0 
1 0 0 
1 0 0 
1 0 0 
1 0 0 
1 0 0 
1 0 0 
1 0 0 
1 0 0 
1 0 0 
1 0 0 
1 0 0 
1 0 0 
1 0 0 
1 0 0 
1 0 0 
1 0 0 
1 0 0 
1 0 0 
1 0 0 
1 0 0 
1 0 0 
1 0 0 
1 0 0 
1 0 0 
1 0 0 
1 0 0 
1 0 0 
1 0 0 
1 0 0 
1 0 0 
1 0 0 
1 0 0 
1 0 0 
1 0 0 
1 0 0 
1 0 0 
1 0 0 
1 0 0 
1 0 0 
1 0 0 
1 0 0 
1 0 0 
1 0 0 
1 0 0 
1 0 0 
1 0 0 
1 0 0 
1 0 0 
1 0 0 
1 0 0 
1 0 0 
1 0 0 
1 0 0 
1 0 0 
1 0 0 
1 0 0 
1 0 0 
1 0 0 
1 0 0 
1 0 0 
1 0 0 
1 0 0 
1 0 0 
1 0 0 
1 0 0 
1 0 0 
1 0 0 
1 0 0 
1 0 0 
1 0 0 
1 0 0 
1 0 0 
1 0 0 
1 0 0 
1 0 0 
1 0 0 
1 0 0 
1 0 0 
1 0 0 
1 0 0 
1 0 0 
1 0 0 
1 0 0 
1 0 0 
1 0 0 
1 0 0 
1 0 0 
1 0 0 
1 0 0 
1 0 0 
1 0 0 
1 0 0 
1 0 0 
1 0 0 
1 0 0 
1 0 0 
1 0 0 
1 0 0 
1 0 0 
1 0 0 
1 0 0 
1 0 0 
1 0 0 
1 0 0 
1 0 0 
1 0 0 
1 0 0 
1 0 0 
1 0 0 
1 0 0 
1 0 0 
1 0 0 
1 0 0 
1 0 0 
1 0 0 
1 0 0 
1 0 0 
1 0 0 
1 0 0 
1 0 0 
1 0 0 
1 0 0 
1 0 0 
1 0 0 
1 0 0 
1 0 0 
1 0 0 
1 0 0 
1 0 0 
1 0 0 
1 0 0 
1 0 0 
1 0 0 
1 0 0 
1 0 0 
1 0 0 
1 0 0 
1 0 0 
1 0 0 
1 0 0 
1 0 0 
1 0 0 
1 0 0 
1 0 0 
1 0 0 
1 0 0 
1 0 0 
1 0 0 
1 0 0 
1 0 0 
1 0 0 
1 0 0 
1 0 0 
1 0 0 
1 0 0 
1 0 0 
1 0 0 
1 0 0 
1 0 0 
1 0 0 
1 0 0 
1 0 0 
1 0 0 
1 0 0 
1 0 0 
1 0 0 
1 0 0 
1 0 0 
1 0 0 
1 0 0 
1 0 0 
1 0 0 
1 0 0 
1 0 0 
