2 0 0 
2 0 0 
2 0 0 
2 0 0 
2 0 0 
2 0 0 
2 0 0 
2 0 0 
2 0 0 
2 0 0 
2 0 0 
2 0 0 
2 0 0 
2 0 0 
2 0 0 
2 0 0 
2 0 0 
2 0 0 
2 0 0 
2 0 0 
2 0 0 
2 0 0 
2 0 0 
2 0 0 
2 0 0 
2 0 0 
2 0 0 
2 0 0 
2 0 0 
2 0 0 
2 0 0 
2 0 0 
2 0 0 
2 0 0 
2 0 0 
2 0 0 
2 0 0 
2 0 0 
2 0 0 
2 0 0 
2 0 0 
2 0 0 
2 0 0 
2 0 0 
2 0 0 
2 0 0 
2 0 0 
2 0 0 
2 0 0 
2 0 0 
2 0 0 
2 0 0 
2 0 0 
2 0 0 
2 0 0 
2 0 0 
2 0 0 
2 0 0 
2 0 0 
2 0 0 
2 0 0 
2 0 0 
2 0 0 
2 0 0 
2 0 0 
2 0 0 
2 0 0 
2 0 0 
2 0 0 
2 0 0 
2 0 0 
2 0 0 
2 0 0 
2 0 0 
2 0 0 
2 0 0 
2 0 0 
2 0 0 
2 0 0 
2 0 0 
2 0 0 
2 0 0 
2 0 0 
2 0 0 
2 0 0 
2 0 0 
2 0 0 
2 0 0 
2 0 0 
2 0 0 
2 0 0 
2 0 0 
2 0 0 
2 0 0 
2 0 0 
2 0 0 
2 0 0 
2 0 0 
2 0 0 
2 0 0 
2 0 0 
2 0 0 
2 0 0 
2 0 0 
2 0 0 
2 0 0 
2 0 0 
2 0 0 
2 0 0 
2 0 0 
2 0 0 
2 0 0 
2 0 0 
2 0 0 
2 0 0 
2 0 0 
2 0 0 
2 0 0 
2 0 0 
2 0 0 
2 0 0 
2 0 0 
2 0 0 
2 0 0 
2 0 0 
2 0 0 
2 0 0 
2 0 0 
2 0 0 
2 0 0 
2 0 0 
2 0 0 
2 0 0 
2 0 0 
2 0 0 
2 0 0 
2 0 0 
2 0 0 
2 0 0 
2 0 0 
2 0 0 
2 0 0 
2 0 0 
2 0 0 
2 0 0 
2 0 0 
2 0 0 
2 0 0 
2 0 0 
2 0 0 
2 0 0 
2 0 0 
2 0 0 
2 0 0 
2 0 0 
2 0 0 
2 0 0 
2 0 0 
2 0 0 
2 0 0 
2 0 0 
2 0 0 
2 0 0 
2 0 0 
2 0 0 
2 0 0 
2 0 0 
2 0 0 
2 0 0 
2 0 0 
2 0 0 
2 0 0 
2 0 0 
2 0 0 
2 0 0 
2 0 0 
2 0 0 
2 0 0 
2 0 0 
2 0 0 
2 0 0 
2 0 0 
2 0 0 
2 0 0 
2 0 0 
2 0 0 
2 0 0 
2 0 0 
2 0 0 
2 0 0 
2 0 0 
2 0 0 
2 0 0 
2 0 0 
2 0 0 
2 0 0 
2 0 0 
2 0 0 
2 0 0 
2 0 0 
2 0 0 
2 0 0 
2 0 0 
2 0 0 
2 0 0 
2 0 0 
2 0 0 
2 0 0 
2 0 0 
2 0 0 
2 0 0 
2 0 0 
2 0 0 
2 0 0 
2 0 0 
2 0 0 
2 0 0 
2 0 0 
2 0 0 
2 0 0 
2 0 0 
2 0 0 
2 0 0 
2 0 0 
2 0 0 
2 0 0 
2 0 0 
2 0 0 
2 0 0 
2 0 0 
2 0 0 
2 0 0 
2 0 0 
2 0 0 
2 0 0 
2 0 0 
2 0 0 
2 0 0 
2 0 0 
2 0 0 
2 0 0 
2 0 0 
2 0 0 
2 0 0 
2 0 0 
2 0 0 
2 0 0 
2 0 0 
2 0 0 
2 0 0 
2 0 0 
2 0 0 
2 0 0 
2 0 0 
2 0 0 
2 0 0 
2 0 0 
2 0 0 
2 0 0 
2 0 0 
2 0 -6.50717e-59 
2 0 0 
2 0 0 
2 0 0 
2 0 0 
2 0 0 
2 0 0 
2 0 0 
2 0 0 
2 0 0 
2 0 0 
2 0 0 
2 0 0 
2 0 0 
2 0 0 
2 0 0 
2 0 0 
2 0 0 
2 0 0 
2 0 6.50717e-59 
2 0 -2.51098e-55 
2 0 -2.12291e-75 
2 0 0 
2 0 0 
2 0 0 
2 0 0 
2 0 0 
2 0 0 
2 0 0 
2 0 0 
2 0 0 
2 0 0 
2 0 0 
2 0 0 
2 0 0 
2 0 0 
2 0 0 
2 0 0 
2 0 5.30727e-76 
2 0 2.51098e-55 
2 0 -2.1284e-50 
2 0 -1.72301e-71 
2 0 0 
2 0 0 
2 0 0 
2 0 0 
2 0 0 
2 0 0 
2 0 0 
2 0 0 
2 0 0 
2 0 0 
2 0 0 
2 0 0 
2 0 0 
2 0 0 
2 0 0 
2 0 0 
2 0 6.51695e-72 
2 0 2.1284e-50 
2 0 -9.17358e-47 
2 0 -6.76133e-68 
2 0 2.01478e-73 
2 0 0 
2 0 0 
2 0 0 
2 0 0 
2 0 0 
2 0 0 
2 0 0 
2 0 0 
2 0 0 
2 0 0 
2 0 0 
2 0 0 
2 0 0 
2 0 0 
2 0 0 
2 0 2.76981e-68 
2 0 9.17358e-47 
2 0 -9.90957e-44 
2 0 -1.52241e-64 
2 0 1.18224e-69 
2 0 0 
2 0 0 
2 0 0 
2 0 0 
2 0 0 
2 0 0 
2 0 0 
2 0 0 
2 0 0 
2 0 0 
2 0 0 
2 0 0 
2 0 0 
2 0 0 
2 0 0 
2 0 6.1546e-65 
2 0 9.90957e-44 
2 0 -2.99124e-41 
2 0 -2.20422e-61 
2 0 3.22943e-66 
2 0 1.69631e-69 
2 0 0 
2 0 0 
2 0 0 
2 0 0 
2 0 0 
2 0 0 
2 0 0 
2 0 0 
2 0 0 
2 0 0 
2 0 0 
2 0 0 
2 0 0 
2 0 -1.42939e-74 
2 0 9.00299e-62 
2 0 2.99124e-41 
2 0 6.47266e-39 
2 0 -2.21535e-58 
2 0 5.46726e-63 
2 0 8.35197e-66 
2 0 0 
2 0 0 
2 0 0 
2 0 0 
2 0 0 
2 0 0 
2 0 0 
2 0 0 
2 0 0 
2 0 0 
2 0 0 
2 0 0 
2 0 0 
2 0 -6.13425e-66 
2 0 9.66365e-59 
2 0 -6.47266e-39 
2 0 6.47169e-36 
2 0 -1.62561e-55 
2 0 6.43769e-60 
2 0 1.92836e-62 
2 0 0 
2 0 0 
2 0 0 
2 0 0 
2 0 0 
2 0 0 
2 0 0 
2 0 0 
2 0 0 
2 0 0 
2 0 0 
2 0 0 
2 0 0 
2 0 -2.80335e-62 
2 0 7.93071e-56 
2 0 -6.47169e-36 
2 0 2.3984e-33 
2 0 -9.01039e-53 
2 0 1.81511e-54 
2 0 2.7727e-59 
2 0 0 
2 0 0 
2 0 0 
2 0 0 
2 0 0 
2 0 0 
2 0 0 
2 0 0 
2 0 0 
2 0 0 
2 0 0 
2 0 0 
2 0 -1.35862e-62 
2 0 -7.37528e-56 
2 0 5.02771e-53 
2 0 -2.39843e-33 
2 0 7.16261e-31 
2 0 -3.86457e-50 
2 0 -1.73206e-38 
2 0 2.78043e-56 
2 0 0 
2 0 0 
2 0 0 
2 0 0 
2 0 0 
2 0 0 
2 0 0 
2 0 0 
2 0 0 
2 0 0 
2 0 0 
2 0 0 
2 0 -7.40533e-59 
2 0 1.73206e-38 
2 0 2.4699e-50 
2 0 -7.16356e-31 
2 0 3.44669e-28 
2 0 -1.30831e-47 
2 0 -4.22701e-35 
2 0 2.06349e-53 
2 0 0 
2 0 0 
2 0 0 
2 0 0 
2 0 0 
2 0 0 
2 0 0 
2 0 0 
2 0 0 
2 0 0 
2 0 0 
2 0 0 
2 0 -2.54807e-55 
2 0 4.22701e-35 
2 0 9.47325e-48 
2 0 -4.07575e-28 
2 0 3.16774e-25 
2 0 -3.53048e-45 
2 0 -4.43519e-32 
2 0 1.17363e-50 
2 0 6.41791e-57 
2 0 0 
2 0 0 
2 0 0 
2 0 0 
2 0 0 
2 0 0 
2 0 0 
2 0 0 
2 0 0 
2 0 0 
2 0 -3.94392e-56 
2 0 -5.32373e-52 
2 0 4.43519e-32 
2 0 2.89734e-45 
2 0 -3.85974e-25 
2 0 2.71767e-22 
2 0 -1.63422e-32 
2 0 -2.59964e-29 
2 0 5.22639e-48 
2 0 2.46568e-53 
2 0 0 
2 0 0 
2 0 0 
2 0 0 
2 0 0 
2 0 0 
2 0 0 
2 0 0 
2 0 0 
2 0 0 
2 0 -1.78e-52 
2 0 -7.02989e-49 
2 0 2.59964e-29 
2 0 6.66472e-43 
2 0 -2.62906e-22 
2 1.64971e-17 1.12504e-19 
2 1.64971e-17 -1.46548e-24 
2 1.64971e-17 -9.23482e-27 
2 1.64971e-17 1.84642e-45 
2 1.64971e-17 4.35503e-50 
2 1.64971e-17 0 
2 1.64971e-17 0 
2 1.64971e-17 0 
2 1.64971e-17 0 
2 1.64971e-17 0 
2 1.64971e-17 0 
2 1.64971e-17 0 
2 1.64971e-17 0 
2 1.64971e-17 0 
2 1.64971e-17 0 
2 1.64971e-17 -3.62113e-49 
2 1.64971e-17 -6.24561e-46 
2 1.64971e-17 9.23482e-27 
2 1.64971e-17 1.47123e-24 
2 1.64971e-17 -8.99081e-20 
2 2.67858e-15 2.48758e-17 
2 2.67858e-15 -1.64282e-21 
2 2.67858e-15 -2.00854e-24 
2 2.67858e-15 5.22025e-43 
2 2.67858e-15 4.70493e-47 
2 2.67858e-15 1.33386e-59 
2 2.67858e-15 0 
2 2.67858e-15 0 
2 2.67858e-15 0 
2 2.67858e-15 0 
2 2.67858e-15 0 
2 2.67858e-15 0 
2 2.67858e-15 0 
2 2.67858e-15 0 
2 2.67858e-15 0 
2 2.67858e-15 -4.41139e-46 
2 2.67858e-15 -3.91265e-43 
2 2.67858e-15 2.00854e-24 
2 2.67858e-15 1.64716e-21 
2 2.67858e-15 -2.00857e-17 
2 1.24021e-13 5.5869e-17 
2 1.24021e-13 -6.16006e-19 
2 1.24013e-13 -2.54788e-22 
2 1.24013e-13 1.19274e-40 
2 1.24013e-13 3.50123e-44 
2 1.24013e-13 5.40953e-56 
2 1.24013e-13 0 
2 1.24013e-13 0 
2 1.24013e-13 0 
2 1.24013e-13 0 
2 1.24013e-13 0 
2 1.24013e-13 0 
2 1.24013e-13 0 
2 1.24013e-13 0 
2 1.24013e-13 0 
2 1.24013e-13 -3.59802e-43 
2 1.24013e-13 -1.78109e-40 
2 1.24013e-13 2.54788e-22 
2 1.24021e-13 6.16828e-19 
2 1.24021e-13 -6.86497e-17 
2 4.09412e-12 5.2756e-17 
2 4.09403e-12 -7.81378e-17 
2 4.09385e-12 -1.6368e-20 
2 4.09378e-12 2.25647e-38 
2 4.09378e-12 1.92475e-41 
2 4.09378e-12 1.01274e-52 
2 4.09378e-12 0 
2 4.09378e-12 0 
2 4.09378e-12 0 
2 4.09378e-12 0 
2 4.09378e-12 0 
2 4.09378e-12 0 
2 4.09378e-12 0 
2 4.09378e-12 0 
2 4.09378e-12 0 
2 4.09378e-12 -2.07726e-40 
2 4.09378e-12 -5.99283e-38 
2 4.09385e-12 1.6368e-20 
2 4.09403e-12 7.81458e-17 
2 4.09411e-12 -8.76372e-17 
2 1.08591e-10 -8.20055e-17 
2 1.0859e-10 -2.032e-16 
2 1.0859e-10 7.88011e-18 
2 1.0859e-10 3.77234e-36 
2 1.0859e-10 8.21565e-39 
2 1.0859e-10 3.73907e-49 
2 1.0859e-10 0 
2 1.0859e-10 0 
2 1.0859e-10 0 
2 1.0859e-10 0 
2 1.0859e-10 0 
2 1.0859e-10 0 
2 1.0859e-10 0 
2 1.0859e-10 0 
2 1.0859e-10 0 
2 1.0859e-10 -8.73857e-38 
2 1.0859e-10 -1.5014e-35 
2 1.0859e-10 -7.88013e-18 
2 1.0859e-10 2.04437e-16 
2 1.08591e-10 1.34016e-16 
2 2.30802e-09 -2.36308e-16 
2 2.30802e-09 -9.25005e-17 
2 2.30802e-09 -4.2231e-18 
2 2.30802e-09 6.23822e-34 
2 2.30802e-09 2.82009e-36 
2 2.30802e-09 9.41174e-46 
2 2.30802e-09 0 
2 2.30802e-09 0 
2 2.30802e-09 0 
2 2.30802e-09 0 
2 2.30802e-09 0 
2 2.30802e-09 0 
2 2.30802e-09 0 
2 2.30802e-09 0 
2 2.30802e-09 0 
2 2.30802e-09 -2.71253e-35 
2 2.30802e-09 -2.80104e-33 
2 2.30802e-09 4.17207e-18 
2 2.30802e-09 8.65299e-17 
2 2.30802e-09 2.63584e-16 
2 3.95719e-08 -6.22128e-17 
2 3.95719e-08 -2.73264e-17 
2 3.95719e-08 -2.31553e-17 
2 3.95719e-08 1.07496e-31 
2 3.95719e-08 7.90041e-34 
2 3.95719e-08 7.91784e-39 
2 3.95719e-08 0 
2 3.95719e-08 0 
2 3.95719e-08 0 
2 3.95719e-08 0 
2 3.95719e-08 0 
2 3.95719e-08 0 
2 3.95719e-08 0 
2 3.95719e-08 0 
2 3.95719e-08 -7.91639e-39 
2 3.95719e-08 -6.21306e-33 
2 3.95719e-08 -3.87459e-31 
2 3.95719e-08 2.70866e-17 
2 3.95719e-08 1.16796e-17 
2 3.95719e-08 7.44057e-17 
2 5.51379e-07 8.59443e-17 
2 5.51379e-07 3.60548e-16 
2 5.51379e-07 2.76779e-16 
2 5.51379e-07 1.7258e-29 
2 5.51379e-07 1.7848e-31 
2 5.51379e-07 8.3055e-35 
2 5.51379e-07 1.43763e-49 
2 5.51379e-07 0 
2 5.51379e-07 0 
2 5.51379e-07 0 
2 5.51379e-07 0 
2 5.51379e-07 0 
2 5.51379e-07 0 
2 5.51379e-07 0 
2 5.51379e-07 -8.30525e-35 
2 5.51379e-07 -1.03773e-30 
2 5.51379e-07 -3.95727e-29 
2 5.51379e-07 8.4772e-17 
2 5.51379e-07 2.22261e-19 
2 5.51379e-07 5.46355e-17 
2 6.28595e-06 1.78628e-16 
2 6.28595e-06 6.28397e-17 
2 6.28595e-06 -1.23829e-16 
2 6.28595e-06 2.20878e-27 
2 6.28595e-06 3.1319e-29 
2 6.28595e-06 -1.78441e-18 
2 6.28595e-06 7.42227e-43 
2 6.28595e-06 0 
2 6.28595e-06 0 
2 6.28595e-06 0 
2 6.28595e-06 0 
2 6.28595e-06 0 
2 6.28595e-06 0 
2 6.28595e-06 0 
2 6.28595e-06 1.78441e-18 
2 6.28595e-06 -1.23235e-28 
2 6.28595e-06 -2.99139e-27 
2 6.28595e-06 1.23025e-16 
2 6.28595e-06 1.12253e-21 
2 6.28595e-06 3.06071e-16 
1.99999 5.89333e-05 -3.11917e-17 
1.99999 5.89333e-05 -1.59588e-16 
1.99999 5.89333e-05 -1.70241e-16 
1.99999 5.89333e-05 -8.24856e-18 
1.99999 5.89333e-05 -8.24856e-18 
1.99999 5.89333e-05 -3.43454e-16 
1.99999 5.89333e-05 -4.94465e-39 
1.99999 5.89333e-05 0 
1.99999 5.89333e-05 0 
1.99999 5.89333e-05 0 
1.99999 5.89333e-05 0 
1.99999 5.89333e-05 0 
1.99999 5.89333e-05 0 
1.99999 5.89333e-05 0 
1.99999 5.89333e-05 3.43454e-16 
1.99999 5.89333e-05 8.24856e-18 
1.99999 5.89333e-05 8.24856e-18 
1.99999 5.89333e-05 7.65224e-17 
1.99999 5.89333e-05 -5.07188e-25 
1.99999 5.89333e-05 -1.85787e-17 
1.9999 0.000455624 -1.76053e-16 
1.9999 0.000455624 -3.40708e-16 
1.9999 0.000455624 -1.90163e-16 
1.9999 0.000455624 2.57989e-23 
1.9999 0.000455624 3.52442e-25 
1.9999 0.000455624 -1.78445e-18 
1.9999 0.000455624 -1.23295e-35 
1.9999 0.000455624 0 
1.9999 0.000455624 0 
1.9999 0.000455624 0 
1.9999 0.000455624 0 
1.9999 0.000455624 0 
1.9999 0.000455624 0 
1.9999 0.000455624 0 
1.9999 0.000455624 1.78445e-18 
1.9999 0.000455624 -5.20021e-25 
1.9999 0.000455624 -6.99618e-24 
1.9999 0.000455624 2.70912e-17 
1.9999 0.000455624 -1.64699e-22 
1.9999 0.000455624 9.64829e-18 
1.99934 0.00290356 -1.05937e-16 
1.99934 0.00290356 -1.95056e-16 
1.99934 0.00290356 -9.36667e-17 
1.99934 0.00290356 1.83838e-21 
1.99934 0.00290356 1.88287e-23 
1.99934 0.00290356 6.97195e-23 
1.99934 0.00290356 -2.58596e-31 
1.99934 0.00290356 -5.61905e-32 
1.99934 0.00290356 0 
1.99934 0.00290356 0 
1.99934 0.00290356 0 
1.99934 0.00290356 0 
1.99934 0.00290356 5.61905e-32 
1.99934 0.00290356 0 
1.99934 0.00290356 -6.97192e-23 
1.99934 0.00290356 -1.6895e-23 
1.99934 0.00290356 -2.04558e-22 
1.99934 0.00290356 4.18684e-18 
1.99934 0.00290356 -4.30026e-22 
1.99934 0.00290356 8.91464e-18 
1.99657 0.0151844 -9.233e-18 
1.99657 0.0151844 -2.45643e-17 
1.99657 0.0151844 -9.15603e-18 
1.99657 0.0151844 -8.24986e-18 
1.99657 0.0151844 5.69735e-22 
1.99657 0.0151844 1.41874e-20 
1.99657 0.0151844 1.21646e-28 
1.99657 0.0151844 -9.97257e-29 
1.99657 0.0151844 0 
1.99657 0.0151844 0 
1.99657 0.0151844 0 
1.99657 0.0151844 0 
1.99657 0.0151844 9.97257e-29 
1.99657 0.0151844 1.1493e-35 
1.99657 0.0151844 -1.41871e-20 
1.99657 0.0151844 -4.25163e-22 
1.99657 0.0151844 -5.02197e-21 
1.99657 0.0151844 3.41074e-19 
1.99657 0.0151844 1.07885e-20 
1.99657 0.0151844 1.1039e-17 
1.98533 0.0645559 -2.07081e-17 
1.98533 0.0645559 -1.38866e-18 
1.98533 0.0645559 -1.28963e-19 
1.98533 0.0645559 -1.04326e-18 
1.98533 0.0645559 2.59535e-20 
1.98533 0.0645559 1.25028e-18 
1.98533 0.0645559 5.81712e-25 
1.98533 0.0645559 -7.09989e-26 
1.98533 0.0645559 -1.61444e-28 
1.98533 0.0645559 0 
1.98533 0.0645559 0 
1.98533 0.0645559 1.61444e-28 
1.98533 0.0645559 7.08374e-26 
1.98533 0.0645559 2.39629e-32 
1.98533 0.0645559 -1.25021e-18 
1.98533 0.0645559 -1.13943e-20 
1.98533 0.0645559 -8.51155e-20 
1.98533 0.0645559 4.2909e-20 
1.98533 0.0645559 2.85527e-19 
1.98533 0.0645559 2.91134e-17 
1.94927 0.219925 -7.98445e-17 
1.94927 0.219925 -4.12119e-18 
1.94927 0.219925 -8.47205e-19 
1.94927 0.219925 -2.37382e-17 
1.94927 0.219925 1.73562e-18 
1.94927 0.219925 1.90881e-17 
1.94927 0.219925 1.74866e-21 
1.94927 0.219925 -5.41752e-23 
1.94927 0.219925 -2.34644e-25 
1.94927 0.219925 0 
1.94927 0.219925 0 
1.94927 0.219925 2.34644e-25 
1.94927 0.219925 2.5355e-23 
1.94927 0.219925 2.09479e-29 
1.94927 0.219925 -1.9011e-17 
1.94927 0.219925 -1.87653e-19 
1.94927 0.219925 -5.36967e-19 
1.94927 0.219925 3.42143e-18 
1.94927 0.219925 1.14148e-17 
1.94927 0.219925 1.10585e-16 
1.85544 0.601945 -9.19184e-16 
1.85544 0.601945 -1.12732e-16 
1.85544 0.601945 -6.63279e-18 
1.85544 0.601945 -1.63228e-16 
1.85544 0.601945 -6.00996e-20 
1.85544 0.601945 1.12011e-16 
1.85544 0.601945 1.38359e-18 
1.85544 0.601945 -7.35931e-21 
1.85544 0.601945 -1.30004e-22 
1.85544 0.601945 0 
1.85544 0.601945 0 
1.85544 0.601945 1.30004e-22 
1.85544 0.601945 4.66967e-21 
1.85544 0.601945 2.40187e-26 
1.85544 0.601945 -1.10533e-16 
1.85544 0.601945 -1.65286e-18 
1.85544 0.601945 1.74705e-18 
1.85544 0.601945 1.20011e-16 
1.85544 0.601945 1.11729e-16 
1.85544 0.601945 8.64194e-16 
1.72239 1.08937 5.11297e-17 
1.72239 1.08937 -4.02256e-16 
1.72239 1.08937 -2.21521e-16 
1.72239 1.08937 -3.62131e-16 
1.72239 1.08937 -2.12098e-16 
1.72239 1.08937 1.80543e-16 
1.72239 1.08937 2.16046e-16 
1.72239 1.08937 5.00045e-18 
1.72239 1.08937 -3.35764e-20 
1.72239 1.08937 0 
1.72239 1.08937 0 
1.72239 1.08937 3.34527e-20 
1.72239 1.08937 3.79584e-19 
1.72239 1.08937 -1.96983e-21 
1.72239 1.08937 -2.14561e-16 
1.72239 1.08937 -1.12456e-17 
1.72239 1.08937 2.15126e-16 
1.72239 1.08937 1.63747e-16 
1.72239 1.08937 4.29463e-16 
1.72239 1.08937 1.29391e-16 
1.63216 1.45062 -9.23052e-16 
1.63216 1.45062 -2.23207e-16 
1.63216 1.45062 -7.10909e-17 
1.63216 1.45062 -6.00073e-16 
1.63216 1.45062 -1.77421e-16 
1.63216 1.45062 1.74611e-16 
1.63216 1.45062 3.35054e-16 
1.63216 1.45062 1.65401e-16 
1.63216 1.45062 -3.53969e-18 
1.63216 1.45062 -2.34625e-32 
1.63216 1.45062 0 
1.63216 1.45062 3.43589e-18 
1.63216 1.45062 4.87315e-18 
1.63216 1.45062 -1.63038e-18 
1.63216 1.45062 -2.40123e-16 
1.63216 1.45062 -8.53817e-17 
1.63216 1.45062 -9.87088e-17 
1.63216 1.45062 1.63462e-16 
1.63216 1.45062 1.5824e-16 
1.63216 1.45062 -6.84247e-17 
1.54638 1.59895 -4.28212e-16 
1.54638 1.59895 5.48874e-17 
1.54638 1.59895 8.93056e-17 
1.54638 1.59895 -9.23724e-17 
1.54638 1.59895 -2.50401e-16 
1.54638 1.59895 2.22682e-16 
1.54638 1.59895 3.47305e-16 
1.54638 1.59895 -1.00146e-16 
1.54638 1.59895 -5.0052e-17 
1.54638 1.59895 -1.81678e-21 
1.54638 1.59895 1.81678e-21 
1.54638 1.59895 2.73546e-17 
1.54638 1.59895 5.77584e-17 
1.54638 1.59895 -1.7354e-16 
1.54638 1.59895 -3.49677e-16 
1.54638 1.59895 -1.35581e-16 
1.54638 1.59895 -3.49625e-17 
1.54638 1.59895 1.99219e-16 
1.54638 1.59895 1.15883e-16 
1.54638 1.59895 2.25672e-16 
1.50088 1.75929 4.69322e-17 
1.50088 1.75929 -7.07537e-17 
1.50088 1.75929 5.976e-17 
1.50088 1.75929 -6.61709e-19 
1.50088 1.75929 6.62207e-17 
1.50088 1.75929 1.51368e-16 
1.50088 1.75929 2.74913e-17 
1.50088 1.75929 -4.62367e-16 
1.50088 1.75929 -2.21641e-16 
1.50088 1.75929 -1.58314e-18 
1.50088 1.75929 1.58314e-18 
1.50088 1.75929 9.68773e-17 
1.50088 1.75929 2.07384e-16 
1.50088 1.75929 4.38594e-17 
1.50088 1.75929 7.21804e-17 
1.50088 1.75929 1.51957e-17 
1.50088 1.75929 -1.76163e-16 
1.50088 1.75929 -2.00705e-17 
1.50088 1.75929 5.85467e-16 
1.50088 1.75929 1.50402e-16 
1.48458 1.90226 -1.12957e-17 
1.48458 1.90226 1.33137e-16 
1.48458 1.90226 2.74722e-16 
1.48458 1.90226 -1.67955e-17 
1.48458 1.90226 -1.81583e-16 
1.48458 1.90226 -1.68307e-16 
1.48458 1.90226 -7.77419e-17 
1.48458 1.90226 -3.23059e-16 
1.48458 1.90226 -5.21485e-16 
1.48458 1.90226 -1.73621e-16 
1.48458 1.90226 1.73622e-16 
1.48458 1.90226 3.25257e-16 
1.48458 1.90226 3.22451e-16 
1.48458 1.90226 1.31242e-16 
1.48458 1.90226 4.37175e-17 
1.48458 1.90226 6.87237e-17 
1.48458 1.90226 1.84882e-16 
1.48458 1.90226 6.18206e-18 
1.48458 1.90226 -2.25412e-16 
1.48458 1.90226 9.08442e-17 
1.46063 1.91006 -2.55954e-16 
1.46063 1.91006 8.83341e-17 
1.46063 1.91006 1.25179e-16 
1.46063 1.91006 -1.9887e-16 
1.46063 1.91006 -2.05065e-16 
1.46063 1.91006 -5.67538e-17 
1.46063 1.91006 -3.86668e-17 
1.46063 1.91006 -1.30789e-16 
1.46063 1.91006 -1.75414e-16 
1.46063 1.91006 -6.76393e-18 
1.46063 1.91006 6.76027e-18 
1.46063 1.91006 7.97482e-17 
1.46063 1.91006 2.00892e-16 
1.46063 1.91006 1.28388e-16 
1.46063 1.91006 -1.54284e-16 
1.46063 1.91006 -1.34535e-16 
1.46063 1.91006 6.14938e-17 
1.46063 1.91006 -2.64087e-16 
1.46063 1.91006 -1.88646e-16 
1.46063 1.91006 1.58426e-16 
1.44343 1.86235 1.8446e-16 
1.44343 1.86235 2.05039e-17 
1.44343 1.86235 -3.14269e-16 
1.44343 1.86235 -9.12987e-17 
1.44343 1.86235 2.37048e-17 
1.44343 1.86235 9.02805e-17 
1.44343 1.86235 1.93881e-17 
1.44343 1.86235 -1.10165e-16 
1.44343 1.86235 2.29716e-17 
1.44343 1.86235 -3.23084e-19 
1.44343 1.86235 5.00782e-21 
1.44343 1.86235 7.26548e-19 
1.44343 1.86235 -5.30295e-17 
1.44343 1.86235 2.20463e-17 
1.44343 1.86235 -1.0135e-16 
1.44343 1.86235 -7.9111e-17 
1.44343 1.86235 -2.40442e-16 
1.44343 1.86235 -6.42066e-16 
1.44343 1.86235 -1.73507e-16 
1.44343 1.86235 1.47711e-16 
1.44177 1.86015 5.02044e-16 
1.44177 1.86015 -3.66605e-17 
1.44177 1.86015 -2.04273e-16 
1.44177 1.86015 2.012e-16 
1.44177 1.86015 -1.32089e-16 
1.44177 1.86015 -8.33427e-17 
1.44177 1.86015 2.5538e-17 
1.44177 1.86015 -1.77084e-17 
1.44177 1.86015 3.24259e-17 
1.44177 1.86015 -4.57083e-18 
1.44177 1.86015 -1.75917e-21 
1.44177 1.86015 2.48516e-21 
1.44177 1.86015 -2.19968e-16 
1.44177 1.86015 -2.4146e-16 
1.44177 1.86015 -8.83709e-18 
1.44177 1.86015 6.58036e-17 
1.44177 1.86015 -2.67818e-16 
1.44177 1.86015 -7.14492e-16 
1.44177 1.86015 -1.80154e-16 
1.44177 1.86015 3.1758e-16 
1.45666 1.92297 6.10726e-17 
1.45666 1.92297 -6.59717e-17 
1.45666 1.92297 -1.84518e-16 
1.45666 1.92297 -1.91364e-16 
1.45666 1.92297 -7.09661e-17 
1.45666 1.92297 -1.9473e-16 
1.45666 1.92297 -1.25701e-17 
1.45666 1.92297 1.77632e-16 
1.45666 1.92297 -3.98283e-17 
1.45666 1.92297 -2.86186e-17 
1.45666 1.92297 -1.56442e-18 
1.45666 1.92297 -1.76805e-21 
1.45666 1.92297 -1.95508e-16 
1.45666 1.92297 -1.68031e-17 
1.45666 1.92297 3.2648e-17 
1.45666 1.92297 1.87197e-16 
1.45666 1.92297 -2.7365e-16 
1.45666 1.92297 -2.75602e-16 
1.45666 1.92297 -8.56615e-17 
1.45666 1.92297 1.35327e-16 
1.463 1.94455 8.16781e-18 
1.463 1.94455 4.39385e-17 
1.463 1.94455 -2.25656e-16 
1.463 1.94455 -5.27628e-16 
1.463 1.94455 -3.76119e-17 
1.463 1.94455 3.52721e-17 
1.463 1.94455 3.61134e-16 
1.463 1.94455 1.23973e-16 
1.463 1.94455 3.3671e-17 
1.463 1.94455 -6.15387e-17 
1.463 1.94455 -1.73612e-16 
1.463 1.94455 -1.56915e-18 
1.463 1.94455 1.82479e-18 
1.463 1.94455 9.39136e-17 
1.463 1.94455 3.43835e-18 
1.463 1.94455 -1.62536e-16 
1.463 1.94455 5.82779e-17 
1.463 1.94455 -1.79294e-16 
1.463 1.94455 2.35659e-16 
1.463 1.94455 1.0313e-16 
1.45851 1.92406 -1.76929e-17 
1.45851 1.92406 -5.23699e-16 
1.45851 1.92406 -3.18431e-16 
1.45851 1.92406 -2.62777e-16 
1.45851 1.92406 -2.36929e-18 
1.45851 1.92406 5.02786e-16 
1.45851 1.92406 6.65124e-16 
1.45851 1.92406 7.57581e-18 
1.45851 1.92406 -2.91079e-16 
1.45851 1.92406 1.16818e-16 
1.45851 1.92406 -6.78932e-18 
1.45851 1.92406 -1.73636e-16 
1.45851 1.92406 -1.97457e-16 
1.45851 1.92406 2.15065e-16 
1.45851 1.92406 -2.17444e-17 
1.45851 1.92406 -5.40896e-16 
1.45851 1.92406 6.12996e-17 
1.45851 1.92406 4.01308e-16 
1.45851 1.92406 2.45543e-16 
1.45851 1.92406 4.27464e-17 
1.44392 1.8532 -6.79557e-17 
1.44392 1.8532 -4.21545e-17 
1.44392 1.8532 -3.55506e-16 
1.44392 1.8532 -1.02529e-16 
1.44392 1.8532 3.97221e-16 
1.44392 1.8532 3.97728e-16 
1.44392 1.8532 1.89236e-16 
1.44392 1.8532 2.26769e-17 
1.44392 1.8532 -1.64794e-17 
1.44392 1.8532 -1.54625e-17 
1.44392 1.8532 -5.0739e-21 
1.44392 1.8532 -6.76051e-18 
1.44392 1.8532 -1.18428e-16 
1.44392 1.8532 -1.83547e-18 
1.44392 1.8532 -2.89906e-16 
1.44392 1.8532 -5.75694e-16 
1.44392 1.8532 1.312e-16 
1.44392 1.8532 4.47904e-16 
1.44392 1.8532 1.92134e-16 
1.44392 1.8532 6.41897e-17 
1.44168 1.84575 -1.27369e-16 
1.44168 1.84575 4.99096e-17 
1.44168 1.84575 6.30616e-17 
1.44168 1.84575 -1.60357e-16 
1.44168 1.84575 5.24764e-17 
1.44168 1.84575 3.23959e-16 
1.44168 1.84575 2.47566e-16 
1.44168 1.84575 2.05454e-16 
1.44168 1.84575 1.03041e-16 
1.44168 1.84575 -6.30851e-18 
1.44168 1.84575 0 
1.44168 1.84575 -4.93165e-21 
1.44168 1.84575 -1.08647e-17 
1.44168 1.84575 -6.69185e-20 
1.44168 1.84575 -2.50632e-16 
1.44168 1.84575 -4.02045e-16 
1.44168 1.84575 -2.20469e-16 
1.44168 1.84575 -6.05538e-17 
1.44168 1.84575 8.40117e-17 
1.44168 1.84575 2.35229e-17 
1.45177 1.88926 -2.53823e-16 
1.45177 1.88926 -4.99912e-17 
1.45177 1.88926 1.03784e-16 
1.45177 1.88926 1.15905e-16 
1.45177 1.88926 -1.0586e-16 
1.45177 1.88926 1.49138e-16 
1.45177 1.88926 4.37893e-16 
1.45177 1.88926 3.59474e-16 
1.45177 1.88926 2.27962e-16 
1.45177 1.88926 -3.38893e-20 
1.45177 1.88926 0 
1.45177 1.88926 0 
1.45177 1.88926 -2.52997e-19 
1.45177 1.88926 2.29637e-19 
1.45177 1.88926 -3.35943e-16 
1.45177 1.88926 -5.04616e-16 
1.45177 1.88926 -3.26576e-16 
1.45177 1.88926 -2.65554e-16 
1.45177 1.88926 7.59703e-17 
1.45177 1.88926 2.44039e-16 
1.46183 1.93799 7.48257e-17 
1.46183 1.93799 1.46534e-16 
1.46183 1.93799 1.10748e-16 
1.46183 1.93799 1.44704e-16 
1.46183 1.93799 -1.48622e-16 
1.46183 1.93799 6.87267e-17 
1.46183 1.93799 2.31456e-16 
1.46183 1.93799 -3.20502e-17 
1.46183 1.93799 6.27295e-18 
1.46183 1.93799 -2.42008e-22 
1.46183 1.93799 0 
1.46183 1.93799 0 
1.46183 1.93799 -1.64487e-21 
1.46183 1.93799 3.48521e-17 
1.46183 1.93799 1.06343e-16 
1.46183 1.93799 -3.13696e-16 
1.46183 1.93799 -4.00064e-16 
1.46183 1.93799 -2.02595e-16 
1.46183 1.93799 -3.02862e-16 
1.46183 1.93799 -2.91991e-16 
1.44903 1.87491 3.38335e-16 
1.44903 1.87491 1.99638e-16 
1.44903 1.87491 1.11757e-16 
1.44903 1.87491 2.18953e-16 
1.44903 1.87491 -1.61295e-16 
1.44903 1.87491 -2.4906e-16 
1.44903 1.87491 -2.61825e-16 
1.44903 1.87491 -1.69292e-16 
1.44903 1.87491 4.1268e-18 
1.44903 1.87491 -9.09866e-25 
1.44903 1.87491 0 
1.44903 1.87491 0 
1.44903 1.87491 -3.71054e-24 
1.44903 1.87491 2.64863e-16 
1.44903 1.87491 3.13783e-16 
1.44903 1.87491 -1.11767e-16 
1.44903 1.87491 -4.70082e-17 
1.44903 1.87491 -5.36105e-17 
1.44903 1.87491 -6.00304e-16 
1.44903 1.87491 -6.00614e-16 
1.29986 1.18543 2.31539e-16 
1.29986 1.18543 2.25176e-16 
1.29986 1.18543 6.75591e-17 
1.29986 1.18543 -2.33468e-17 
1.29986 1.18543 -9.98219e-17 
1.29986 1.18543 -7.98024e-17 
1.29986 1.18543 -5.61687e-17 
1.29986 1.18543 -7.00709e-17 
1.29986 1.18543 3.21858e-24 
1.29986 1.18543 -1.73055e-27 
1.29986 1.18543 0 
1.29986 1.18543 0 
1.29986 1.18543 -2.0546e-27 
1.29986 1.18543 5.94693e-17 
1.29986 1.18543 1.76796e-16 
1.29986 1.18543 6.47777e-17 
1.29986 1.18543 2.92914e-18 
1.29986 1.18543 1.25076e-17 
1.29986 1.18543 -2.70683e-16 
1.29986 1.18543 -1.98052e-16 
1.05028 0.168383 2.56098e-16 
1.05028 0.168383 2.74968e-17 
1.05028 0.168383 7.53639e-18 
1.05028 0.168383 -7.39088e-18 
1.05028 0.168383 -1.03396e-17 
1.05028 0.168383 -1.17299e-17 
1.05028 0.168383 -4.47725e-18 
1.05028 0.168383 -4.4716e-19 
1.05028 0.168383 4.12428e-18 
1.05028 0.168383 -1.01273e-30 
1.05028 0.168383 0 
1.05028 0.168383 0 
1.05028 0.168383 -4.12428e-18 
1.05028 0.168383 3.85114e-19 
1.05028 0.168383 1.7689e-17 
1.05028 0.168383 9.4228e-18 
1.05028 0.168383 1.3999e-18 
1.05028 0.168383 6.86486e-19 
1.05028 0.168383 -2.48135e-17 
1.05028 0.168383 -6.69457e-17 
1.00488 0.0153804 1.30721e-17 
1.00488 0.0153804 2.02819e-18 
1.00488 0.0153804 2.21966e-19 
1.00488 0.0153804 -1.41956e-19 
1.00488 0.0153804 -3.23035e-19 
1.00488 0.0153804 -4.54367e-19 
1.00488 0.0153804 -5.80127e-22 
1.00488 0.0153804 -7.01827e-22 
1.00488 0.0153804 0 
1.00488 0.0153804 0 
1.00488 0.0153804 0 
1.00488 0.0153804 0 
1.00488 0.0153804 0 
1.00488 0.0153804 6.74784e-22 
1.00488 0.0153804 4.25422e-19 
1.00488 0.0153804 3.57238e-19 
1.00488 0.0153804 5.37729e-20 
1.00488 0.0153804 -5.71643e-19 
1.00488 0.0153804 -1.47116e-18 
1.00488 0.0153804 -8.03531e-18 
1.00045 0.00142547 -7.15957e-19 
1.00045 0.00142547 6.93359e-20 
1.00045 0.00142547 -4.04317e-21 
1.00045 0.00142547 -3.13508e-21 
1.00045 0.00142547 -4.5625e-21 
1.00045 0.00142547 -5.33021e-21 
1.00045 0.00142547 -1.36909e-25 
1.00045 0.00142547 -4.40322e-25 
1.00045 0.00142547 0 
1.00045 0.00142547 0 
1.00045 0.00142547 0 
1.00045 0.00142547 0 
1.00045 0.00142547 0 
1.00045 0.00142547 3.98587e-25 
1.00045 0.00142547 4.69459e-21 
1.00045 0.00142547 4.49791e-21 
1.00045 0.00142547 1.74214e-21 
1.00045 0.00142547 5.55804e-21 
1.00045 0.00142547 -7.19632e-20 
1.00045 0.00142547 -3.18462e-19 
1.00004 0.000127295 -3.75663e-20 
1.00004 0.000127295 -1.09747e-21 
1.00004 0.000127295 -1.35084e-22 
1.00004 0.000127295 -9.64571e-23 
1.00004 0.000127295 -5.68739e-23 
1.00004 0.000127295 -3.74239e-23 
1.00004 0.000127295 6.6319e-28 
1.00004 0.000127295 -1.07485e-28 
1.00004 0.000127295 0 
1.00004 0.000127295 0 
1.00004 0.000127295 0 
1.00004 0.000127295 0 
1.00004 0.000127295 0 
1.00004 0.000127295 0 
1.00004 0.000127295 3.01289e-23 
1.00004 0.000127295 4.41243e-23 
1.00004 0.000127295 6.25119e-23 
1.00004 0.000127295 3.66039e-22 
1.00004 0.000127295 -1.71462e-21 
1.00004 0.000127295 -6.34419e-21 
1 1.06046e-05 -1.30443e-21 
1 1.06046e-05 -3.13965e-22 
1 1.06046e-05 -3.13229e-24 
1 1.06046e-05 -2.70634e-24 
1 1.06046e-05 -9.29475e-25 
1 1.06046e-05 -1.89724e-25 
1 1.06046e-05 1.60621e-31 
1 1.06046e-05 -1.40046e-38 
1 1.06046e-05 0 
1 1.06046e-05 0 
1 1.06046e-05 0 
1 1.06046e-05 0 
1 1.06046e-05 0 
1 1.06046e-05 0 
1 1.06046e-05 1.24798e-25 
1 1.06046e-05 4.43456e-25 
1 1.06046e-05 1.94485e-24 
1 1.06046e-05 7.89184e-24 
1 1.06046e-05 -7.79128e-24 
1 1.06046e-05 -2.29991e-23 
1 7.99148e-07 -3.05664e-24 
1 7.99148e-07 -3.87608e-24 
1 7.99148e-07 -7.39045e-26 
1 7.99148e-07 -5.79327e-26 
1 7.99148e-07 -1.45659e-26 
1 7.99148e-07 -7.57491e-28 
1 7.99148e-07 3.00595e-34 
1 7.99148e-07 0 
1 7.99148e-07 0 
1 7.99148e-07 0 
1 7.99148e-07 0 
1 7.99148e-07 0 
1 7.99148e-07 0 
1 7.99148e-07 0 
1 7.99148e-07 3.35356e-28 
1 7.99148e-07 3.95098e-27 
1 7.99148e-07 4.71018e-26 
1 7.99148e-07 1.47356e-25 
1 7.99148e-07 1.04398e-24 
1 7.99148e-07 6.75499e-24 
1 5.28357e-08 1.76892e-24 
1 5.28357e-08 -8.78763e-26 
1 5.28357e-08 -1.31915e-27 
1 5.28357e-08 -8.98031e-28 
1 5.28357e-08 -1.64748e-28 
1 5.28357e-08 -2.48734e-30 
1 5.28357e-08 4.42204e-37 
1 5.28357e-08 0 
1 5.28357e-08 0 
1 5.28357e-08 0 
1 5.28357e-08 0 
1 5.28357e-08 0 
1 5.28357e-08 0 
1 5.28357e-08 0 
1 5.28357e-08 5.73676e-31 
1 5.28357e-08 2.66119e-29 
1 5.28357e-08 8.38072e-28 
1 5.28357e-08 2.11345e-27 
1 5.28357e-08 1.9891e-26 
1 5.28357e-08 9.54237e-26 
1 2.99281e-09 4.00667e-26 
1 2.99281e-09 -2.11882e-27 
1 2.99281e-09 -1.35828e-29 
1 2.99281e-09 -1.00807e-29 
1 2.99281e-09 -1.29872e-30 
1 2.99281e-09 -6.58297e-33 
1 2.99281e-09 4.69146e-40 
1 2.99281e-09 0 
1 2.99281e-09 0 
1 2.99281e-09 0 
1 2.99281e-09 0 
1 2.99281e-09 0 
1 2.99281e-09 0 
1 2.99281e-09 0 
1 2.99281e-09 5.99133e-34 
1 2.99281e-09 1.29608e-31 
1 2.99281e-09 1.05374e-29 
1 2.99281e-09 1.99205e-29 
1 2.99281e-09 3.44525e-28 
1 2.99281e-09 4.53224e-27 
1 1.42623e-10 6.42455e-28 
1 1.42623e-10 -3.822e-29 
1 1.42623e-10 1.30119e-31 
1 1.42623e-10 -8.33579e-32 
1 1.42623e-10 -7.3224e-33 
1 1.42623e-10 -1.23821e-35 
1 1.42623e-10 3.35136e-43 
1 1.42623e-10 0 
1 1.42623e-10 0 
1 1.42623e-10 0 
1 1.42623e-10 0 
1 1.42623e-10 0 
1 1.42623e-10 0 
1 1.42623e-10 0 
1 1.42623e-10 3.4713e-37 
1 1.42623e-10 4.57113e-34 
1 1.42623e-10 9.41908e-32 
1 1.42623e-10 1.45846e-32 
1 1.42623e-10 6.2148e-30 
1 1.42623e-10 2.15808e-28 
1 5.63136e-12 9.31854e-30 
1 5.63136e-12 -4.97426e-31 
1 5.63136e-12 1.23734e-32 
1 5.63136e-12 -5.17415e-34 
1 5.63136e-12 -3.03297e-35 
1 5.63136e-12 9.8452e-39 
1 5.63136e-12 1.4465e-46 
1 5.63136e-12 0 
1 5.63136e-12 0 
1 5.63136e-12 0 
1 5.63136e-12 0 
1 5.63136e-12 0 
1 5.63136e-12 0 
1 5.63136e-12 0 
1 5.63136e-12 8.53849e-41 
1 5.63136e-12 1.17649e-36 
1 5.63136e-12 6.12601e-34 
1 5.63136e-12 -1.08278e-32 
1 5.63136e-12 9.63886e-32 
1 5.63136e-12 5.42792e-30 
1 1.81441e-13 9.12044e-32 
1 1.81441e-13 -4.77606e-33 
1 1.81441e-13 8.78771e-35 
1 1.81441e-13 -2.44857e-36 
1 1.81441e-13 -9.40039e-38 
1 1.81441e-13 1.5774e-40 
1 1.81441e-13 2.8615e-50 
1 1.81441e-13 0 
1 1.81441e-13 0 
1 1.81441e-13 0 
1 1.81441e-13 0 
1 1.81441e-13 0 
1 1.81441e-13 0 
1 1.81441e-13 0 
1 1.81441e-13 0 
1 1.81441e-13 2.21261e-39 
1 1.81441e-13 2.965e-36 
1 1.81441e-13 -7.29988e-35 
1 1.81441e-13 1.22078e-33 
1 1.81441e-13 9.99457e-32 
1 5.02497e-15 -9.48438e-34 
1 5.02497e-15 -3.5081e-35 
1 5.02497e-15 2.99734e-37 
1 5.02497e-15 -8.93035e-39 
1 5.02497e-15 -2.20142e-40 
1 5.02497e-15 2.27857e-43 
1 5.02497e-15 0 
1 5.02497e-15 0 
1 5.02497e-15 0 
1 5.02497e-15 0 
1 5.02497e-15 0 
1 5.02497e-15 0 
1 5.02497e-15 0 
1 5.02497e-15 0 
1 5.02497e-15 0 
1 5.02497e-15 3.01085e-42 
1 5.02497e-15 1.08558e-38 
1 5.02497e-15 -1.7102e-37 
1 5.02497e-15 1.216e-35 
1 5.02497e-15 1.26169e-33 
1 1.4435e-17 -1.00785e-34 
1 1.4435e-17 -2.04319e-37 
1 1.4435e-17 7.14246e-40 
1 1.4435e-17 -2.52464e-41 
1 1.4435e-17 -3.90111e-43 
1 1.4435e-17 1.5478e-46 
1 1.4435e-17 0 
1 1.4435e-17 0 
1 1.4435e-17 0 
1 1.4435e-17 0 
1 1.4435e-17 0 
1 1.4435e-17 0 
1 1.4435e-17 0 
1 1.4435e-17 0 
1 1.4435e-17 0 
1 1.4435e-17 2.88842e-45 
1 1.4435e-17 3.03437e-41 
1 1.4435e-17 -4.27919e-40 
1 1.4435e-17 9.42636e-38 
1 1.4435e-17 1.11096e-35 
1 0 -7.07277e-37 
1 0 -9.7181e-40 
1 0 1.62225e-42 
1 0 -5.53342e-44 
1 0 -5.19475e-46 
1 0 4.40961e-50 
1 0 0 
1 0 0 
1 0 0 
1 0 0 
1 0 0 
1 0 0 
1 0 0 
1 0 0 
1 0 0 
1 0 1.85356e-48 
1 0 6.48616e-44 
1 0 -1.2736e-42 
1 0 5.71615e-40 
1 0 7.24409e-38 
1 0 -2.62746e-39 
1 0 -3.85056e-42 
1 0 4.00227e-45 
1 0 -9.33603e-47 
1 0 -5.10922e-49 
1 0 9.00235e-54 
1 0 0 
1 0 0 
1 0 0 
1 0 0 
1 0 0 
1 0 0 
1 0 0 
1 0 0 
1 0 0 
1 0 7.14199e-52 
1 0 1.05352e-46 
1 0 -3.83313e-45 
1 0 2.73828e-42 
1 0 3.71967e-40 
1 0 -7.9294e-42 
1 0 -1.28256e-44 
1 0 1.00149e-47 
1 0 -1.17996e-49 
1 0 -3.59557e-52 
1 0 5.11579e-58 
1 0 0 
1 0 0 
1 0 0 
1 0 0 
1 0 0 
1 0 0 
1 0 0 
1 0 0 
1 0 0 
1 0 1.24924e-55 
1 0 1.27903e-49 
1 0 -1.02707e-47 
1 0 1.04586e-44 
1 0 1.58243e-42 
1 0 -2.47245e-44 
1 0 -3.58958e-47 
1 0 2.28732e-50 
1 0 -8.86751e-53 
1 0 -1.7109e-55 
1 0 8.57981e-62 
1 0 0 
1 0 0 
1 0 0 
1 0 0 
1 0 0 
1 0 0 
1 0 0 
1 0 0 
1 0 0 
1 0 0 
1 0 1.12512e-52 
1 0 -2.35082e-50 
1 0 3.20627e-47 
1 0 5.76147e-45 
1 0 -7.65209e-47 
1 0 -8.38257e-50 
1 0 4.45939e-53 
1 0 1.53568e-55 
1 0 -4.93097e-59 
1 0 0 
1 0 0 
1 0 0 
1 0 0 
1 0 0 
1 0 0 
1 0 0 
1 0 0 
1 0 0 
1 0 0 
1 0 0 
1 0 6.77862e-56 
1 0 -4.53236e-53 
1 0 7.91766e-50 
1 0 1.81443e-47 
1 0 -2.10686e-49 
1 0 -1.61616e-52 
1 0 7.1839e-56 
1 0 7.3306e-58 
1 0 -6.51329e-63 
1 0 0 
1 0 0 
1 0 0 
1 0 0 
1 0 0 
1 0 0 
1 0 0 
1 0 0 
1 0 0 
1 0 0 
1 0 0 
1 0 2.50371e-59 
1 0 -7.2434e-56 
1 0 1.57515e-52 
1 0 4.91135e-50 
1 0 -4.87832e-52 
1 0 -2.5404e-55 
1 0 9.36184e-59 
1 0 2.07108e-61 
1 0 0 
1 0 0 
1 0 0 
1 0 0 
1 0 0 
1 0 0 
1 0 0 
1 0 0 
1 0 0 
1 0 0 
1 0 0 
1 0 0 
1 0 4.27763e-63 
1 0 -9.39994e-59 
1 0 2.51537e-55 
1 0 1.12689e-52 
1 0 -9.23627e-55 
1 0 -3.20827e-58 
1 0 9.65335e-62 
1 0 5.61412e-65 
1 0 0 
1 0 0 
1 0 0 
1 0 0 
1 0 0 
1 0 0 
1 0 0 
1 0 0 
1 0 0 
1 0 0 
1 0 0 
1 0 0 
1 0 0 
1 0 -9.67236e-62 
1 0 3.19858e-58 
1 0 2.15908e-55 
1 0 -1.40412e-57 
1 0 -3.19706e-61 
1 0 7.65814e-65 
1 0 8.2259e-69 
1 0 0 
1 0 0 
1 0 0 
1 0 0 
1 0 0 
1 0 0 
1 0 0 
1 0 0 
1 0 0 
1 0 0 
1 0 0 
1 0 0 
1 0 0 
1 0 -7.66519e-65 
1 0 3.19498e-61 
1 0 3.40427e-58 
1 0 -1.68433e-60 
1 0 -2.45357e-64 
1 0 4.49312e-68 
1 0 0 
1 0 0 
1 0 0 
1 0 0 
1 0 0 
1 0 0 
1 0 0 
1 0 0 
1 0 0 
1 0 0 
1 0 0 
1 0 0 
1 0 0 
1 0 0 
1 0 -4.4948e-68 
1 0 2.45326e-64 
1 0 4.34892e-61 
1 0 -1.55993e-63 
1 0 -1.39926e-67 
1 0 1.83119e-71 
1 0 0 
1 0 0 
1 0 0 
1 0 0 
1 0 0 
1 0 0 
1 0 0 
1 0 0 
1 0 0 
1 0 0 
1 0 0 
1 0 0 
1 0 0 
1 0 0 
1 0 -1.83136e-71 
1 0 1.39915e-67 
1 0 4.41564e-64 
1 0 -1.08155e-66 
1 0 -5.59444e-71 
1 0 4.61541e-75 
1 0 0 
1 0 0 
1 0 0 
1 0 0 
1 0 0 
1 0 0 
1 0 0 
1 0 0 
1 0 0 
1 0 0 
1 0 0 
1 0 0 
1 0 0 
1 0 0 
1 0 -4.61541e-75 
1 0 5.59421e-71 
1 0 3.47076e-67 
1 0 -5.35674e-70 
1 0 -1.40431e-74 
1 0 5.39719e-79 
1 0 0 
1 0 0 
1 0 0 
1 0 0 
1 0 0 
1 0 0 
1 0 0 
1 0 0 
1 0 0 
1 0 0 
1 0 0 
1 0 0 
1 0 0 
1 0 0 
1 0 -5.39719e-79 
1 0 1.40429e-74 
1 0 2.03108e-70 
1 0 -1.7549e-73 
1 0 -1.67414e-78 
1 0 0 
1 0 0 
1 0 0 
1 0 0 
1 0 0 
1 0 0 
1 0 0 
1 0 0 
1 0 0 
1 0 0 
1 0 0 
1 0 0 
1 0 0 
1 0 0 
1 0 0 
1 0 0 
1 0 1.67414e-78 
1 0 8.30855e-74 
1 0 -3.29523e-77 
1 0 0 
1 0 0 
1 0 0 
1 0 0 
1 0 0 
1 0 0 
1 0 0 
1 0 0 
1 0 0 
1 0 0 
1 0 0 
1 0 0 
1 0 0 
1 0 0 
1 0 0 
1 0 0 
1 0 0 
1 0 0 
1 0 2.11392e-77 
1 0 -2.50942e-81 
1 0 0 
1 0 0 
1 0 0 
1 0 0 
1 0 0 
1 0 0 
1 0 0 
1 0 0 
1 0 0 
1 0 0 
1 0 0 
1 0 0 
1 0 0 
1 0 0 
1 0 0 
1 0 0 
1 0 0 
1 0 0 
1 0 2.50942e-81 
1 0 0 
1 0 0 
1 0 0 
1 0 0 
1 0 0 
1 0 0 
1 0 0 
1 0 0 
1 0 0 
1 0 0 
1 0 0 
1 0 0 
1 0 0 
1 0 0 
1 0 0 
1 0 0 
1 0 0 
1 0 0 
1 0 0 
1 0 0 
1 0 0 
1 0 0 
1 0 0 
1 0 0 
1 0 0 
1 0 0 
1 0 0 
1 0 0 
1 0 0 
1 0 0 
1 0 0 
1 0 0 
1 0 0 
1 0 0 
1 0 0 
1 0 0 
1 0 0 
1 0 0 
1 0 0 
1 0 0 
1 0 0 
1 0 0 
1 0 0 
1 0 0 
1 0 0 
1 0 0 
1 0 0 
1 0 0 
1 0 0 
1 0 0 
1 0 0 
1 0 0 
1 0 0 
1 0 0 
1 0 0 
1 0 0 
1 0 0 
1 0 0 
1 0 0 
1 0 0 
1 0 0 
1 0 0 
1 0 0 
1 0 0 
1 0 0 
1 0 0 
1 0 0 
1 0 0 
1 0 0 
1 0 0 
1 0 0 
1 0 0 
1 0 0 
1 0 0 
1 0 0 
1 0 0 
1 0 0 
1 0 0 
1 0 0 
1 0 0 
1 0 0 
1 0 0 
1 0 0 
1 0 0 
1 0 0 
1 0 0 
1 0 0 
1 0 0 
1 0 0 
1 0 0 
1 0 0 
1 0 0 
1 0 0 
1 0 0 
1 0 0 
1 0 0 
1 0 0 
1 0 0 
1 0 0 
1 0 0 
1 0 0 
1 0 0 
1 0 0 
1 0 0 
1 0 0 
1 0 0 
1 0 0 
1 0 0 
1 0 0 
1 0 0 
1 0 0 
1 0 0 
1 0 0 
1 0 0 
1 0 0 
1 0 0 
1 0 0 
1 0 0 
1 0 0 
1 0 0 
1 0 0 
1 0 0 
1 0 0 
1 0 0 
1 0 0 
1 0 0 
1 0 0 
1 0 0 
1 0 0 
1 0 0 
1 0 0 
1 0 0 
1 0 0 
1 0 0 
1 0 0 
1 0 0 
1 0 0 
1 0 0 
1 0 0 
1 0 0 
1 0 0 
1 0 0 
1 0 0 
1 0 0 
1 0 0 
1 0 0 
1 0 0 
1 0 0 
1 0 0 
1 0 0 
1 0 0 
1 0 0 
1 0 0 
1 0 0 
1 0 0 
1 0 0 
1 0 0 
1 0 0 
1 0 0 
1 0 0 
1 0 0 
1 0 0 
1 0 0 
1 0 0 
1 0 0 
1 0 0 
1 0 0 
1 0 0 
1 0 0 
1 0 0 
1 0 0 
1 0 0 
1 0 0 
1 0 0 
1 0 0 
1 0 0 
1 0 0 
1 0 0 
1 0 0 
1 0 0 
1 0 0 
1 0 0 
1 0 0 
1 0 0 
1 0 0 
1 0 0 
1 0 0 
1 0 0 
1 0 0 
1 0 0 
1 0 0 
1 0 0 
1 0 0 
1 0 0 
1 0 0 
1 0 0 
1 0 0 
1 0 0 
1 0 0 
1 0 0 
1 0 0 
1 0 0 
1 0 0 
1 0 0 
1 0 0 
1 0 0 
1 0 0 
1 0 0 
1 0 0 
1 0 0 
1 0 0 
1 0 0 
1 0 0 
1 0 0 
1 0 0 
1 0 0 
1 0 0 
1 0 0 
1 0 0 
1 0 0 
1 0 0 
1 0 0 
1 0 0 
1 0 0 
1 0 0 
1 0 0 
1 0 0 
1 0 0 
1 0 0 
1 0 0 
1 0 0 
1 0 0 
1 0 0 
1 0 0 
1 0 0 
1 0 0 
1 0 0 
1 0 0 
1 0 0 
1 0 0 
1 0 0 
1 0 0 
1 0 0 
1 0 0 
1 0 0 
1 0 0 
1 0 0 
1 0 0 
1 0 0 
1 0 0 
1 0 0 
1 0 0 
1 0 0 
1 0 0 
1 0 0 
1 0 0 
1 0 0 
1 0 0 
1 0 0 
1 0 0 
1 0 0 
1 0 0 
1 0 0 
1 0 0 
1 0 0 
1 0 0 
1 0 0 
1 0 0 
1 0 0 
1 0 0 
1 0 0 
1 0 0 
1 0 0 
1 0 0 
1 0 0 
1 0 0 
1 0 0 
1 0 0 
1 0 0 
1 0 0 
1 0 0 
1 0 0 
1 0 0 
1 0 0 
1 0 0 
1 0 0 
1 0 0 
1 0 0 
1 0 0 
1 0 0 
1 0 0 
1 0 0 
1 0 0 
1 0 0 
1 0 0 
1 0 0 
1 0 0 
1 0 0 
1 0 0 
1 0 0 
1 0 0 
1 0 0 
1 0 0 
1 0 0 
1 0 0 
1 0 0 
1 0 0 
1 0 0 
1 0 0 
1 0 0 
1 0 0 
1 0 0 
1 0 0 
1 0 0 
1 0 0 
1 0 0 
1 0 0 
1 0 0 
1 0 0 
1 0 0 
1 0 0 
1 0 0 
1 0 0 
1 0 0 
1 0 0 
1 0 0 
1 0 0 
1 0 0 
1 0 0 
1 0 0 
1 0 0 
1 0 0 
1 0 0 
1 0 0 
1 0 0 
1 0 0 
1 0 0 
1 0 0 
1 0 0 
1 0 0 
1 0 0 
1 0 0 
1 0 0 
1 0 0 
1 0 0 
1 0 0 
1 0 0 
1 0 0 
1 0 0 
1 0 0 
1 0 0 
1 0 0 
1 0 0 
1 0 0 
1 0 0 
1 0 0 
1 0 0 
1 0 0 
1 0 0 
1 0 0 
1 0 0 
1 0 0 
1 0 0 
1 0 0 
1 0 0 
1 0 0 
1 0 0 
1 0 0 
1 0 0 
1 0 0 
1 0 0 
1 0 0 
1 0 0 
1 0 0 
1 0 0 
1 0 0 
1 0 0 
1 0 0 
1 0 0 
1 0 0 
1 0 0 
1 0 0 
1 0 0 
1 0 0 
1 0 0 
1 0 0 
1 0 0 
1 0 0 
1 0 0 
1 0 0 
1 0 0 
1 0 0 
1 0 0 
1 0 0 
1 0 0 
1 0 0 
1 0 0 
1 0 0 
1 0 0 
1 0 0 
1 2.10789e-64 0 
1 2.63606e-66 0 
1 1.15677e-64 0 
1 7.66359e-63 0 
1 3.93166e-61 0 
1 1.57834e-59 0 
1 5.03845e-58 0 
1 1.29917e-56 0 
1 2.73425e-55 0 
1 4.71725e-54 0 
1 6.67759e-53 0 
1 7.73309e-52 0 
1 7.23994e-51 0 
1 5.3733e-50 0 
1 3.1347e-49 0 
1 9.13174e-49 0 
1 8.54527e-49 0 
1 -6.16023e-48 0 
1 -1.56096e-47 0 
1 -2.38336e-47 0 
1 4.12717e-51 0 
1 3.35857e-49 0 
1 1.83951e-47 0 
1 8.09512e-46 0 
1 2.88545e-44 0 
1 8.39989e-43 0 
1 2.0117e-41 0 
1 3.98344e-40 0 
1 6.5486e-39 0 
1 8.9611e-38 0 
1 1.02323e-36 0 
1 9.78811e-36 0 
1 7.48468e-35 0 
1 3.77653e-34 0 
1 5.28597e-34 0 
1 -2.58059e-33 0 
1 -2.61621e-32 0 
1 -1.24408e-31 0 
1 -3.80673e-31 0 
1 -8.41762e-31 0 
1 -3.50198e-39 4.17459e-39 
1 -2.96629e-37 0 
1 -1.97862e-35 0 
1 -1.04443e-33 0 
1 -4.41522e-32 0 
1 -1.51481e-30 0 
1 -4.27109e-29 0 
1 -1.00039e-27 0 
1 -1.96348e-26 0 
1 -3.25105e-25 0 
1 -4.56316e-24 0 
1 -5.44693e-23 0 
1 -5.53936e-22 0 
1 -4.80188e-21 0 
1 -3.54586e-20 0 
1 -2.22662e-19 0 
1 -1.18574e-18 0 
1 -5.33899e-18 0 
1 -2.02054e-17 0 
1 -6.52405e-17 0 
1 -1.53813e-16 0 
1 -2.69099e-16 -8.32014e-17 
1 -4.28649e-44 1.13249e-41 
1 -3.14008e-46 3.86955e-41 
1 -1.06948e-44 0 
1 -1.46143e-42 0 
1 -1.57946e-40 0 
1 -1.3419e-38 0 
1 -8.95992e-37 0 
1 -4.73569e-35 0 
1 -2.00519e-33 0 
1 -6.89314e-32 0 
1 -1.9482e-30 0 
1 -4.57624e-29 0 
1 -9.0129e-28 0 
1 -1.49847e-26 0 
1 -2.1135e-25 0 
1 -2.53715e-24 0 
1 -2.59698e-23 0 
1 -2.2678e-22 0 
1 -1.68862e-21 0 
1 -1.07074e-20 0 
1 -5.77245e-20 0 
1 -2.64386e-19 0 
1 -1.03159e-18 -2.91682e-17 
1 -3.46729e-18 -2.47366e-17 
1 -4.35228e-50 2.61858e-47 
1 -1.64659e-52 1.79293e-44 
1 -5.0624e-55 8.2883e-44 
1 4.30391e-55 2.83504e-43 
1 1.3964e-52 0 
1 3.6759e-50 0 
1 7.82166e-48 0 
1 1.33646e-45 0 
1 1.81866e-43 0 
1 1.95422e-41 0 
1 1.64767e-39 0 
1 1.08927e-37 0 
1 5.68525e-36 0 
1 2.37018e-34 0 
1 7.99587e-33 0 
1 2.20924e-31 0 
1 5.05006e-30 0 
1 9.6256e-29 0 
1 1.53863e-27 0 
1 2.07265e-26 0 
1 2.36641e-25 0 
1 2.30503e-24 0 
1 1.92104e-23 0 
1 1.36901e-22 0 
1 8.40913e-22 -8.55082e-18 
1 4.28614e-21 -8.96925e-18 
1 8.74731e-21 -2.50656e-18 
1 -4.61621e-22 -2.9763e-19 
1 -2.16779e-53 1.1077e-50 
1 -6.66009e-56 1.22618e-49 
1 -2.03809e-58 1.04475e-46 
1 -1.82004e-56 4.8356e-46 
1 -7.27662e-54 1.65542e-45 
1 -2.36625e-51 0 
1 -6.25007e-49 0 
1 -1.33557e-46 0 
1 -2.29451e-44 0 
1 -3.14457e-42 0 
1 -3.41046e-40 0 
1 -2.91059e-38 0 
1 -1.95439e-36 0 
1 -1.03999e-34 0 
1 -4.43821e-33 0 
1 -1.53924e-31 0 
1 -4.39308e-30 0 
1 -1.04303e-28 0 
1 -2.07845e-27 0 
1 -3.50036e-26 0 
1 -5.00827e-25 0 
1 -6.11072e-24 0 
1 -6.37369e-23 0 
1 -5.69008e-22 0 
1 -4.34784e-21 0 
1 -2.83942e-20 -2.10832e-18 
1 -1.58015e-19 -2.73388e-18 
1 -7.4561e-19 -7.36238e-19 
1 -2.97109e-18 -6.88643e-20 
1 -9.8282e-18 -3.15347e-18 
1 -6.13839e-60 6.94589e-57 
1 -1.24432e-62 9.03235e-54 
1 -8.50732e-64 4.18794e-53 
1 -6.31739e-61 4.64457e-52 
1 -3.8487e-58 4.89326e-49 
1 -1.89358e-55 2.26704e-48 
1 -7.56317e-53 7.76609e-48 
1 -2.45639e-50 0 
1 -6.47822e-48 0 
1 -1.38167e-45 0 
1 -2.36791e-43 0 
1 -3.23494e-41 0 
1 -3.49415e-39 0 
1 -2.96633e-37 0 
1 -1.97862e-35 0 
1 -1.04443e-33 0 
1 -4.41522e-32 0 
1 -1.51481e-30 0 
1 -4.27111e-29 0 
1 -1.00041e-27 0 
1 -1.96372e-26 0 
1 -3.25235e-25 0 
1 -4.56805e-24 0 
1 -5.46033e-23 0 
1 -5.56715e-22 0 
1 -4.84639e-21 0 
1 -3.60153e-20 0 
1 -2.28094e-19 -4.38423e-19 
1 -1.22712e-18 -7.07604e-19 
1 -5.57645e-18 -1.84532e-19 
1 -2.1319e-17 -1.37341e-20 
1 -6.69033e-17 -8.30816e-19 
1 -1.63713e-16 -3.63545e-17 
1 -2.248e-16 -9.02964e-17 
1 -1.63651e-63 1.55972e-60 
1 -2.67939e-66 1.73458e-59 
1 -3.51042e-69 2.77279e-56 
1 -3.64503e-72 1.28643e-55 
1 -3.07815e-71 1.42886e-54 
1 -3.86847e-68 1.85383e-51 
1 -3.74053e-65 8.5954e-51 
1 -2.84906e-62 2.94602e-50 
1 -1.73587e-59 0 
1 -8.54148e-57 0 
1 -3.41202e-54 0 
1 -1.10835e-51 0 
1 -2.92363e-49 0 
1 -6.2371e-47 0 
1 -1.06927e-44 0 
1 -1.46143e-42 0 
1 -1.57946e-40 0 
1 -1.3419e-38 0 
1 -8.95993e-37 0 
1 -4.7357e-35 0 
1 -2.0052e-33 0 
1 -6.89319e-32 0 
1 -1.94824e-30 0 
1 -4.57656e-29 0 
1 -9.01495e-28 0 
1 -1.49945e-26 0 
1 -2.1169e-25 0 
1 -2.54598e-24 0 
1 -2.61436e-23 -7.72079e-20 
1 -2.29417e-22 -1.55085e-19 
1 -1.7198e-21 -3.93499e-20 
1 -1.09961e-20 -2.35882e-21 
1 -5.98241e-20 -1.68522e-19 
1 -2.76409e-19 -1.16843e-17 
1 -1.08666e-18 -3.13751e-17 
1 -3.66688e-18 -2.6286e-17 
1 -1.29024e-70 2.78886e-67 
1 -1.33091e-73 6.80505e-64 
1 -1.05644e-76 3.16015e-63 
1 -6.21712e-80 3.51805e-62 
1 -2.55029e-83 6.92526e-59 
1 -6.49522e-87 3.2146e-58 
1 -1.15335e-86 3.57496e-57 
1 -9.70397e-83 5.70398e-54 
1 -3.80622e-79 2.64634e-53 
1 -9.26783e-76 9.07401e-53 
1 -1.57269e-72 0 
1 -1.97817e-69 0 
1 -1.91423e-66 0 
1 -1.45934e-63 0 
1 -8.90086e-61 0 
1 -4.38528e-58 0 
1 -1.75442e-55 0 
1 -5.7095e-53 0 
1 -1.5095e-50 0 
1 -3.22945e-48 0 
1 -5.55651e-46 0 
1 -7.6297e-44 0 
1 -8.29539e-42 0 
1 -7.10212e-40 0 
1 -4.78799e-38 0 
1 -2.56024e-36 0 
1 -1.09887e-34 0 
1 -3.83649e-33 0 
1 -1.1034e-31 0 
1 -2.64313e-30 0 
1 -5.32143e-29 -1.15578e-20 
1 -9.06989e-28 -2.88205e-20 
1 -1.31599e-26 -7.14372e-21 
1 -1.6321e-25 -3.4869e-22 
1 -1.73493e-24 -2.9763e-20 
1 -1.58315e-23 -3.13078e-18 
1 -1.24063e-22 -9.13917e-18 
1 -8.3436e-22 -9.38078e-18 
1 -4.80811e-21 -2.62658e-18 
1 -2.3691e-20 -2.07274e-19 
1 -1.74972e-74 3.27535e-71 
1 -1.38871e-77 3.65217e-70 
1 -8.1716e-81 1.11365e-66 
1 -3.3517e-84 5.17343e-66 
1 -8.53558e-88 5.76435e-65 
1 -1.01342e-91 1.40471e-61 
1 0 6.52322e-61 
1 0 7.26197e-60 
1 0 1.42729e-56 
1 -1.51545e-87 6.62523e-56 
1 -1.27523e-83 2.27251e-55 
1 -5.0023e-80 0 
1 -1.21814e-76 0 
1 -2.06732e-73 0 
1 -2.60067e-70 0 
1 -2.51698e-67 0 
1 -1.91918e-64 0 
1 -1.17079e-61 0 
1 -5.76966e-59 0 
1 -2.30895e-56 0 
1 -7.5168e-54 0 
1 -1.9882e-51 0 
1 -4.25596e-49 0 
1 -7.32792e-47 0 
1 -1.00713e-44 0 
1 -1.09633e-42 0 
1 -9.40103e-41 0 
1 -6.35062e-39 0 
1 -3.40428e-37 0 
1 -1.46552e-35 0 
1 -5.13468e-34 0 
1 -1.48285e-32 -1.47524e-21 
1 -3.56894e-31 -4.54986e-21 
1 -7.22481e-30 -1.10555e-21 
1 -1.23921e-28 -4.43516e-23 
1 -1.81124e-27 -4.53526e-21 
1 -2.26552e-26 -7.02914e-19 
1 -2.43236e-25 -2.22919e-18 
1 -2.24572e-24 -2.86889e-18 
1 -1.78443e-23 -7.72366e-19 
1 -1.22009e-22 -5.10683e-20 
1 -7.17208e-22 -7.29627e-21 
1 -2.99712e-82 1.44372e-78 
1 -1.22867e-85 7.2672e-75 
1 -3.12753e-89 3.37786e-74 
1 -3.71181e-93 3.76884e-73 
1 0 1.45849e-69 
1 0 6.77742e-69 
1 0 7.55712e-68 
1 0 2.30182e-64 
1 0 1.0693e-63 
1 0 1.19144e-62 
1 0 2.8996e-59 
1 0 1.34652e-58 
1 0 4.62e-58 
1 0 0 
1 0 0 
1 -5.55054e-89 0 
1 -4.67259e-85 0 
1 -1.83375e-81 0 
1 -4.46779e-78 0 
1 -7.58695e-75 0 
1 -9.55093e-72 0 
1 -9.25102e-69 0 
1 -7.06047e-66 0 
1 -4.31199e-63 0 
1 -2.12774e-60 0 
1 -8.52841e-58 0 
1 -2.78178e-55 0 
1 -7.37533e-53 0 
1 -1.58348e-50 0 
1 -2.7368e-48 0 
1 -3.7798e-46 0 
1 -4.14065e-44 0 
1 -3.57965e-42 0 
1 -2.44308e-40 -1.60884e-22 
1 -1.32606e-38 -6.11386e-22 
1 -5.79291e-37 -1.46056e-22 
1 -2.06407e-35 -4.85159e-24 
1 -6.0752e-34 -5.92369e-22 
1 -1.49366e-32 -1.32845e-19 
1 -3.09634e-31 -4.581e-19 
1 -5.45308e-30 -7.38785e-19 
1 -8.20802e-29 -1.92488e-19 
1 -1.06084e-27 -1.07036e-20 
1 -1.1813e-26 -1.43978e-21 
1 -1.13607e-25 -3.65715e-22 
1 -9.44915e-25 -1.57728e-23 
1 -1.61477e-86 7.60397e-83 
1 -4.10999e-90 8.49277e-82 
1 -4.87745e-94 5.76612e-78 
1 0 2.68074e-77 
1 0 2.99266e-76 
1 0 1.50517e-72 
1 0 6.99617e-72 
1 0 7.80596e-71 
1 0 3.01792e-67 
1 0 1.40239e-66 
1 0 1.56372e-65 
1 0 4.75765e-62 
1 0 2.21015e-61 
1 0 7.58501e-61 
1 0 0 
1 0 0 
1 0 0 
1 0 0 
1 -7.29361e-90 0 
1 -6.14041e-86 0 
1 -2.40999e-82 0 
1 -5.87233e-79 0 
1 -9.97316e-76 0 
1 -1.25564e-72 0 
1 -1.21639e-69 0 
1 -9.28523e-67 0 
1 -5.67186e-64 0 
1 -2.79944e-61 0 
1 -1.1224e-58 0 
1 -3.66231e-56 0 
1 -9.71416e-54 0 
1 -2.08678e-51 0 
1 -3.60923e-49 0 
1 -4.98927e-47 0 
1 -5.47209e-45 -1.50043e-23 
1 -4.73802e-43 -7.00304e-23 
1 -3.24004e-41 -1.64882e-23 
1 -1.76292e-39 -4.55948e-25 
1 -7.72375e-38 -6.62694e-23 
1 -2.76145e-36 -2.1239e-20 
1 -8.16004e-35 -7.9766e-20 
1 -2.01538e-33 -1.60658e-19 
1 -4.1997e-32 -4.07207e-20 
1 -7.44065e-31 -1.91176e-21 
1 -1.1277e-29 -2.43967e-22 
1 -1.46908e-28 -6.06407e-23 
1 -1.65098e-27 -2.24286e-24 
1 -1.60476e-26 -2.6884e-25 
1 -1.78643e-95 4.26946e-91 
1 0 6.7016e-87 
1 0 3.11679e-86 
1 0 3.48254e-85 
1 0 3.39212e-81 
1 0 1.57734e-80 
1 0 1.76171e-79 
1 0 1.19525e-75 
1 0 5.55687e-75 
1 0 6.20344e-74 
1 0 3.11749e-70 
1 0 1.44903e-69 
1 0 1.61675e-68 
1 0 6.2447e-65 
1 0 2.90183e-64 
1 0 9.96085e-64 
1 0 0 
1 0 0 
1 0 0 
1 0 0 
1 0 0 
1 0 0 
1 0 0 
1 0 0 
1 -2.67139e-91 0 
1 -2.24992e-87 0 
1 -8.83453e-84 0 
1 -2.15381e-80 0 
1 -3.66009e-77 0 
1 -4.61134e-74 0 
1 -4.47078e-71 0 
1 -3.41593e-68 0 
1 -2.08891e-65 0 
1 -1.03237e-62 0 
1 -4.14566e-60 0 
1 -1.3553e-57 0 
1 -3.60339e-55 -1.19619e-24 
1 -7.76371e-53 -6.84193e-24 
1 -1.34784e-50 -1.59084e-24 
1 -1.87222e-48 -3.67461e-26 
1 -2.06625e-46 -6.34705e-24 
1 -1.80344e-44 -2.88388e-21 
1 -1.24571e-42 -1.18259e-20 
1 -6.86094e-41 -2.95922e-20 
1 -3.04911e-39 -7.3284e-21 
1 -1.10807e-37 -2.91681e-22 
1 -3.33503e-36 -3.55477e-23 
1 -8.40748e-35 -8.67039e-24 
1 -1.79228e-33 -2.75378e-25 
1 -3.25639e-32 -3.18198e-26 
1 -5.07477e-31 -7.59442e-27 
1 -6.81784e-30 -1.96891e-28 
1 0 4.53062e-96 
1 0 5.0657e-95 
1 0 1.7054e-90 
1 0 7.93269e-90 
1 0 8.86676e-89 
1 0 1.39102e-84 
1 0 6.46939e-84 
1 0 7.22855e-83 
1 0 7.0365e-79 
1 0 3.27199e-78 
1 0 3.65443e-77 
1 0 2.47762e-73 
1 0 1.15187e-72 
1 0 1.2859e-71 
1 0 6.45687e-68 
1 0 3.0012e-67 
1 0 1.03038e-66 
1 0 0 
1 0 0 
1 0 0 
1 0 0 
1 0 0 
1 0 0 
1 0 0 
1 0 0 
1 0 0 
1 0 0 
1 -3.5103e-92 0 
1 -2.95669e-88 0 
1 -1.16107e-84 0 
1 -2.83091e-81 0 
1 -4.81124e-78 0 
1 -6.06244e-75 0 
1 -5.87852e-72 0 
1 -4.49229e-69 0 
1 -2.74769e-66 0 
1 -1.35827e-63 0 
1 -5.45596e-61 -8.13778e-26 
1 -1.78429e-58 -5.69886e-25 
1 -4.74605e-56 -1.31075e-25 
1 -1.02313e-53 -2.53243e-27 
1 -1.77747e-51 -5.19758e-25 
1 -2.47124e-49 -3.33422e-22 
1 -2.73054e-47 -1.49807e-21 
1 -2.38687e-45 -4.63338e-21 
1 -1.65189e-43 -1.12512e-21 
1 -9.11962e-42 -3.80871e-23 
1 -4.06439e-40 -4.45809e-24 
1 -1.48192e-38 -1.06952e-24 
1 -4.47727e-37 -2.91834e-26 
1 -1.13364e-35 -3.26372e-27 
1 -2.42874e-34 -7.68585e-28 
1 -4.4379e-33 -1.72079e-29 
1 -6.96103e-32 -1.85598e-30 
1 0 0 
1 0 0 
1 0 0 
1 0 0 
1 0 2.02352e-94 
1 0 9.4136e-94 
1 0 1.05254e-92 
1 0 3.54176e-88 
1 0 1.64745e-87 
1 0 1.84144e-86 
1 0 2.88729e-82 
1 0 1.34282e-81 
1 0 1.5004e-80 
1 0 1.45963e-76 
1 0 6.78729e-76 
1 0 7.58062e-75 
1 0 5.13581e-71 
1 0 2.3877e-70 
1 0 8.19872e-70 
1 0 0 
1 0 0 
1 0 0 
1 0 0 
1 0 0 
1 0 0 
1 0 0 
1 0 0 
1 0 0 
1 0 0 
1 0 0 
1 0 0 
1 0 0 
1 0 0 
1 -1.2857e-93 0 
1 -1.08336e-89 0 
1 -4.25626e-86 0 
1 -1.0383e-82 0 
1 -1.76569e-79 0 
1 -2.22642e-76 0 
1 -2.16061e-73 -4.70866e-27 
1 -1.65265e-70 -4.03969e-26 
1 -1.01195e-67 -9.20394e-27 
1 -5.00892e-65 -1.48635e-28 
1 -2.01517e-62 -3.63013e-26 
1 -6.6029e-60 -3.28596e-23 
1 -1.76045e-57 -1.6248e-22 
1 -3.80625e-55 -6.18452e-22 
1 -6.63728e-53 -1.47685e-22 
1 -9.27206e-51 -4.26069e-24 
1 -1.03082e-48 -4.81294e-25 
1 -9.08192e-47 -1.13798e-25 
1 -6.34751e-45 -2.66621e-27 
1 -3.54616e-43 -2.89599e-28 
1 -1.60253e-41 -6.73887e-29 
1 -5.93625e-40 -1.29983e-30 
1 -1.82566e-38 -1.36789e-31 
1 -4.71482e-37 -3.14224e-32 
1 -1.03242e-35 -5.02879e-34 
1 0 0 
1 0 0 
1 0 0 
1 0 0 
1 0 0 
1 0 0 
1 0 0 
1 0 0 
1 0 4.2044e-92 
1 0 1.95593e-91 
1 0 2.18693e-90 
1 0 7.35548e-86 
1 0 3.4214e-85 
1 0 3.82427e-84 
1 0 5.99301e-80 
1 0 2.78724e-79 
1 0 3.11431e-78 
1 0 3.02779e-74 
1 0 1.40793e-73 
1 0 4.8351e-73 
1 0 0 
1 0 0 
1 0 0 
1 0 0 
1 0 0 
1 0 0 
1 0 0 
1 0 0 
1 0 0 
1 0 0 
1 0 0 
1 0 0 
1 0 0 
1 0 0 
1 0 0 
1 0 0 
1 -1.68946e-94 0 
1 -1.42369e-90 0 
1 -5.59376e-87 0 
1 -1.36471e-83 0 
1 -2.32103e-80 -2.30579e-28 
1 -2.92703e-77 -2.42914e-27 
1 -2.84092e-74 -5.48878e-28 
1 -2.1734e-71 -7.38826e-30 
1 -1.33108e-68 -2.15424e-27 
1 -6.59015e-66 -2.75946e-24 
1 -2.65209e-63 -1.50971e-23 
1 -8.69289e-61 -7.04956e-23 
1 -2.31869e-58 -1.65941e-23 
1 -5.01595e-56 -4.08289e-25 
1 -8.7528e-54 -4.46942e-26 
1 -1.22383e-51 -1.04327e-26 
1 -1.36217e-49 -2.09534e-28 
1 -1.20192e-47 -2.21726e-29 
1 -8.41628e-46 -5.10467e-30 
1 -4.7128e-44 -8.45342e-32 
1 -2.13561e-42 -8.7009e-33 
1 -7.93635e-41 -1.98067e-33 
1 -2.44979e-39 -2.71828e-35 
1 -6.35327e-38 -2.73393e-36 
1 0 0 
1 0 0 
1 0 0 
1 0 0 
1 0 0 
1 0 0 
1 0 0 
1 0 0 
1 0 0 
1 0 0 
1 0 0 
1 0 0 
1 0 0 
1 0 8.7358e-90 
1 0 4.06398e-89 
1 0 4.54395e-88 
1 0 1.52757e-83 
1 0 7.10551e-83 
1 0 7.94218e-82 
1 0 1.24394e-77 
1 0 5.78534e-77 
1 0 1.98703e-76 
1 0 0 
1 0 0 
1 0 0 
1 0 0 
1 0 0 
1 0 0 
1 0 0 
1 0 0 
1 0 0 
1 0 0 
1 0 0 
1 0 0 
1 0 0 
1 0 0 
1 0 0 
1 0 0 
1 0 0 
1 0 0 
1 0 0 
1 0 0 
1 -6.18787e-96 -9.49136e-30 
1 -5.21654e-92 -1.23303e-28 
1 -2.05056e-88 -2.76575e-29 
1 -5.00537e-85 -3.08775e-31 
1 -8.51801e-82 -1.08053e-28 
1 -1.07494e-78 -1.971e-25 
1 -1.04416e-75 -1.20078e-24 
1 -7.99562e-73 -6.86552e-24 
1 -4.90222e-70 -1.59615e-24 
1 -2.43024e-67 -3.34721e-26 
1 -9.79538e-65 -3.56338e-27 
1 -3.21679e-62 -8.22366e-28 
1 -8.60038e-60 -1.41187e-29 
1 -1.86594e-57 -1.45946e-30 
1 -3.26812e-55 -3.32806e-31 
1 -4.59119e-53 -4.7099e-33 
1 -5.14125e-51 -4.75173e-34 
1 -4.57164e-49 -1.07288e-34 
1 -3.23225e-47 -1.25471e-36 
1 -1.83106e-45 -1.24027e-37 
1 -8.41044e-44 -2.77713e-38 
1 -3.17394e-42 -2.68137e-40 
1 0 0 
1 0 0 
1 0 0 
1 0 0 
1 0 0 
1 0 0 
1 0 0 
1 0 0 
1 0 0 
1 0 0 
1 0 0 
1 0 0 
1 0 0 
1 0 0 
1 0 0 
1 0 0 
1 0 0 
1 0 1.8151e-87 
1 0 8.44402e-87 
1 0 9.44128e-86 
1 0 3.17244e-81 
1 0 1.47566e-80 
1 0 5.0688e-80 
1 0 0 
1 0 0 
1 0 0 
1 0 0 
1 0 0 
1 0 0 
1 0 0 
1 0 0 
1 0 0 
1 0 0 
1 0 0 
1 0 0 
1 0 0 
1 0 0 
1 0 0 
1 0 0 
1 0 0 
1 0 0 
1 0 0 
1 0 0 
1 0 -3.25555e-31 
1 0 -5.24766e-30 
1 -8.13109e-97 -1.16945e-30 
1 -6.85523e-93 -1.07507e-32 
1 -2.69493e-89 -4.54911e-30 
1 -6.5789e-86 -1.19344e-26 
1 -1.1197e-82 -8.15743e-26 
1 -1.41321e-79 -5.70792e-25 
1 -1.37293e-76 -1.31279e-25 
1 -1.0515e-73 -2.34164e-27 
1 -6.44821e-71 -2.43184e-28 
1 -3.19742e-68 -5.55581e-29 
1 -1.28913e-65 -8.12012e-31 
1 -4.23497e-63 -8.21946e-32 
1 -1.13275e-60 -1.85832e-32 
1 -2.45895e-58 -2.23408e-34 
1 -4.30971e-56 -2.21363e-35 
1 -6.05982e-54 -4.96142e-36 
1 -6.79359e-52 -4.90595e-38 
1 -6.04979e-50 -4.77422e-39 
1 -4.28524e-48 -1.06222e-39 
1 -2.43307e-46 -8.61136e-42 
1 -1.12056e-44 -8.25277e-43 
1 0 0 
1 0 0 
1 0 0 
1 0 0 
1 0 0 
1 0 0 
1 0 0 
1 0 0 
1 0 0 
1 0 0 
1 0 0 
1 0 0 
1 0 0 
1 0 0 
1 0 0 
1 0 0 
1 0 0 
1 0 0 
1 0 0 
1 0 0 
1 0 0 
1 0 0 
1 0 3.77136e-85 
1 0 1.75448e-84 
1 0 6.02704e-84 
1 0 0 
1 0 0 
1 0 0 
1 0 0 
1 0 0 
1 0 0 
1 0 0 
1 0 0 
1 0 0 
1 0 0 
1 0 0 
1 0 0 
1 0 0 
1 0 0 
1 0 0 
1 0 0 
1 0 0 
1 0 0 
1 0 0 
1 0 0 
1 0 -9.20582e-33 
1 0 -1.85617e-31 
1 0 -4.11258e-32 
1 0 -3.08398e-34 
1 0 -1.59334e-31 
1 0 -6.09545e-28 
1 -2.97813e-98 -4.71608e-27 
1 -2.51183e-94 -4.04227e-26 
1 -9.87907e-91 -9.20975e-27 
1 -2.41296e-87 -1.39248e-28 
1 -4.10923e-84 -1.41454e-29 
1 -5.18995e-81 -3.2027e-30 
1 -5.04609e-78 -3.96277e-32 
1 -3.8683e-75 -3.93646e-33 
1 -2.37478e-72 -8.83182e-34 
1 -1.17909e-69 -8.95179e-36 
1 -4.76127e-67 -8.72717e-37 
1 -1.56711e-64 -1.94313e-37 
1 -4.2014e-62 -1.60929e-39 
1 -9.14684e-60 -1.54425e-40 
1 -1.60902e-57 -3.41618e-41 
1 -2.27303e-55 -2.29939e-43 
1 -2.56357e-53 -2.17708e-44 
1 -2.30033e-51 -4.78991e-45 
1 -1.64486e-49 -2.60096e-47 
1 0 0 
1 0 0 
1 0 0 
1 0 0 
1 0 0 
1 0 0 
1 0 0 
1 0 0 
1 0 0 
1 0 0 
1 0 0 
1 0 0 
1 0 0 
1 0 0 
1 0 0 
1 0 0 
1 0 0 
1 0 0 
1 0 0 
1 0 0 
1 0 0 
1 0 0 
1 0 0 
1 0 0 
1 0 0 
1 0 0 
1 0 0 
1 0 0 
1 0 0 
1 0 0 
1 0 0 
1 0 0 
1 0 0 
1 0 0 
1 0 0 
1 0 0 
1 0 0 
1 0 0 
1 0 0 
1 0 0 
1 0 0 
1 0 0 
1 0 0 
1 0 0 
1 0 0 
1 0 0 
1 0 -2.11973e-34 
1 0 -5.39794e-33 
1 0 -1.18982e-33 
1 0 -7.19662e-36 
1 0 -4.59283e-33 
1 0 -2.60833e-29 
1 0 -2.30825e-28 
1 0 -2.42968e-27 
1 -3.91337e-99 -5.49e-28 
1 -3.30088e-95 -7.0006e-30 
1 -1.29835e-91 -6.97293e-31 
1 -3.17152e-88 -1.56615e-31 
1 -5.40164e-85 -1.62874e-33 
1 -6.82312e-82 -1.5909e-34 
1 -6.63496e-79 -3.54491e-35 
1 -5.08719e-76 -3.00138e-37 
1 -3.1237e-73 -2.88394e-38 
1 -1.55131e-70 -6.3833e-39 
1 -6.26609e-68 -4.37869e-41 
1 -2.06312e-65 -4.14961e-42 
1 -5.53358e-63 -9.13319e-43 
1 -1.20536e-60 -5.03999e-45 
1 -2.12181e-58 -4.72138e-46 
1 -3.00005e-56 -1.03428e-46 
1 -3.38734e-54 -4.55507e-49 
1 -3.0439e-52 -4.22663e-50 
1 0 0 
1 0 0 
1 0 0 
1 0 0 
1 0 0 
1 0 0 
1 0 0 
1 0 0 
1 0 0 
1 0 0 
1 0 0 
1 0 0 
1 0 0 
1 0 0 
1 0 0 
1 0 0 
1 0 0 
1 0 0 
1 0 0 
1 0 0 
1 0 0 
1 0 0 
1 0 0 
1 0 0 
1 0 0 
1 0 0 
1 0 0 
1 0 0 
1 0 0 
1 0 0 
1 0 0 
1 0 0 
1 0 0 
1 0 0 
1 0 0 
1 0 0 
1 0 0 
1 0 0 
1 0 0 
1 0 0 
1 0 0 
1 0 0 
1 0 0 
1 0 0 
1 0 0 
1 0 0 
1 0 0 
1 0 0 
1 0 -3.92301e-36 
1 0 -1.27449e-34 
1 0 -2.79645e-35 
1 0 -1.34789e-37 
1 0 -1.07596e-34 
1 0 -9.26988e-31 
1 0 -9.49831e-30 
1 0 -1.23311e-28 
1 0 -2.76594e-29 
1 0 -2.95443e-31 
1 0 -2.89164e-32 
1 0 -6.44851e-33 
1 -1.43333e-100 -5.58588e-35 
1 -1.20948e-96 -5.37486e-36 
1 -4.75948e-93 -1.19035e-36 
1 -1.16322e-89 -8.3262e-39 
1 -1.98236e-86 -7.8982e-40 
1 -2.50576e-83 -1.73905e-40 
1 -2.43861e-80 -9.75676e-43 
1 -1.87148e-77 -9.14587e-44 
1 -1.15041e-74 -2.00404e-44 
1 -5.72062e-72 -8.94859e-47 
1 -2.31429e-69 -8.30681e-48 
1 -7.63421e-67 -1.81297e-48 
1 -2.05235e-64 -6.40055e-51 
1 -4.48349e-62 -5.89515e-52 
1 -7.92108e-60 -1.28252e-52 
1 -1.12517e-57 -3.56986e-55 
1 0 0 
1 0 0 
1 0 0 
1 0 0 
1 0 0 
1 0 0 
1 0 0 
1 0 0 
1 0 0 
1 0 0 
1 0 0 
1 0 0 
1 0 0 
1 0 0 
1 0 0 
1 0 0 
1 0 0 
1 0 0 
1 0 0 
1 0 0 
1 0 0 
1 0 0 
1 0 0 
1 0 0 
1 0 0 
1 0 0 
1 0 0 
1 0 0 
1 0 0 
1 0 0 
1 0 0 
1 0 0 
1 0 0 
1 0 0 
1 0 0 
1 0 0 
1 0 0 
1 0 0 
1 0 0 
1 0 0 
1 0 0 
1 0 0 
1 0 0 
1 0 0 
1 0 0 
1 0 0 
1 0 0 
1 0 0 
1 0 0 
1 0 -5.76774e-38 
1 0 -2.41072e-36 
1 0 -5.26866e-37 
1 0 -2.00206e-39 
1 0 -2.02155e-36 
1 0 -2.70683e-32 
1 0 -3.25717e-31 
1 0 -5.24776e-30 
1 0 -1.16947e-30 
1 0 -1.03728e-32 
1 0 -9.99573e-34 
1 0 -2.21503e-34 
1 0 -1.58085e-36 
1 0 -1.5011e-37 
1 -1.88344e-101 -3.30653e-38 
1 -1.58944e-97 -1.88689e-40 
1 -6.25532e-94 -1.76993e-41 
1 -1.52898e-90 -3.87932e-42 
1 -2.60603e-87 -1.75685e-44 
1 -3.2946e-84 -1.63155e-45 
1 -3.20688e-81 -3.56149e-46 
1 -2.46159e-78 -1.27182e-48 
1 -1.51352e-75 -1.17171e-49 
1 -7.52841e-73 -2.54937e-50 
1 -3.04668e-70 -7.1604e-53 
1 -1.00544e-67 -6.55573e-54 
1 -2.70439e-65 -1.42276e-54 
1 -5.91173e-63 -3.15247e-57 
1 -1.04529e-60 -2.87243e-58 
1 0 0 
1 0 0 
1 0 0 
1 0 0 
1 0 0 
1 0 0 
1 0 0 
1 0 0 
1 0 0 
1 0 0 
1 0 0 
1 0 0 
1 0 0 
1 0 0 
1 0 0 
1 0 0 
1 0 0 
1 0 0 
1 0 0 
1 0 0 
1 0 0 
1 0 0 
1 0 0 
1 0 0 
1 0 0 
1 0 0 
1 0 0 
1 0 0 
1 0 0 
1 0 0 
1 0 0 
1 0 0 
1 0 0 
1 0 0 
1 0 0 
1 0 0 
1 0 0 
1 0 0 
1 0 0 
1 0 0 
1 0 0 
1 0 0 
1 0 0 
1 0 0 
1 0 0 
1 0 0 
1 0 0 
1 0 0 
1 0 0 
1 0 0 
1 0 -6.68856e-40 
1 0 -3.60969e-38 
1 0 -7.86283e-39 
1 0 -2.3411e-41 
1 0 -3.01012e-38 
1 0 -6.41332e-34 
1 0 -9.20889e-33 
1 0 -1.85618e-31 
1 0 -4.11261e-32 
1 0 -2.99674e-34 
1 0 -2.84857e-35 
1 0 -6.27729e-36 
1 0 -3.6453e-38 
1 0 -3.42172e-39 
1 0 -7.50182e-40 
1 0 -3.44688e-42 
1 -7.48483e-116 -3.20246e-43 
1 -1.63354e-111 -6.99186e-44 
1 -9.03821e-108 -2.52613e-46 
1 -1.02727e-103 -2.32791e-47 
1 -2.20397e-101 -5.06559e-48 
1 9.7859e-99 -1.43587e-50 
1 5.56754e-96 -1.31483e-51 
1 3.03011e-93 -2.85371e-52 
1 3.93873e-90 -6.3681e-55 
1 3.56477e-87 -5.803e-56 
1 1.88945e-84 -1.25698e-56 
1 5.736e-82 -2.22451e-59 
1 3.62564e-80 -2.01955e-60 
1 1.57998e-78 -4.36786e-61 
1 0 0 
1 0 0 
1 0 0 
1 0 0 
1 0 0 
1 0 0 
1 0 0 
1 0 0 
1 0 0 
1 0 0 
1 0 0 
1 0 0 
1 0 0 
1 0 0 
1 0 0 
1 0 0 
1 0 0 
1 0 0 
1 0 0 
1 0 0 
1 0 0 
1 0 0 
1 0 0 
1 0 0 
1 0 0 
1 0 0 
1 0 0 
1 0 0 
1 0 0 
1 0 0 
1 0 0 
1 0 0 
1 0 0 
1 0 0 
1 0 0 
1 0 0 
1 0 0 
1 0 0 
1 0 0 
1 0 0 
1 0 0 
1 0 0 
1 0 0 
1 0 0 
1 0 0 
1 0 0 
1 0 0 
1 0 0 
1 0 0 
1 0 0 
1 0 -6.11706e-42 
1 0 -4.24795e-40 
1 0 -9.22829e-41 
1 0 -2.15521e-43 
1 0 -3.52663e-40 
1 0 -1.21663e-35 
1 0 -2.12019e-34 
1 0 -5.39795e-33 
1 0 -1.18983e-33 
1 0 -7.03477e-36 
1 0 -6.60808e-37 
1 0 -1.44918e-37 
1 0 -6.75801e-40 
1 0 -6.28167e-41 
1 0 -1.37172e-41 
1 0 -5.01535e-44 
1 0 -4.62311e-45 
1 0 -1.00611e-45 
1 0 -2.87859e-48 
1 0 -2.63639e-49 
1 0 -5.72242e-50 
1 0 -1.28618e-52 
1 0 -1.17217e-53 
1 0 -2.53912e-54 
1 0 -4.51849e-57 
1 0 -4.10244e-58 
1 0 -8.87294e-59 
1 0 -1.26144e-61 
1 0 -1.14195e-62 
1 0 -2.46691e-63 
1 0 0 
1 0 0 
1 0 0 
1 0 0 
1 0 0 
1 0 0 
1 0 0 
1 0 0 
1 0 0 
1 0 0 
1 0 0 
1 0 0 
1 0 0 
1 0 0 
1 0 0 
1 0 0 
1 0 0 
1 0 0 
1 0 0 
1 0 0 
1 0 0 
1 0 0 
1 0 0 
1 0 0 
1 0 0 
1 0 0 
1 0 0 
1 0 0 
1 0 0 
1 0 0 
1 0 0 
1 0 0 
1 0 0 
1 0 0 
1 0 0 
1 0 0 
1 0 0 
1 0 0 
1 0 0 
1 0 0 
1 0 0 
1 0 0 
1 0 0 
1 0 0 
1 0 0 
1 0 0 
1 0 0 
1 0 0 
1 0 0 
1 0 0 
1 0 -4.43524e-44 
1 0 -3.92997e-42 
1 0 -8.51947e-43 
1 0 -1.57074e-45 
1 0 -3.25137e-42 
1 0 -1.82601e-37 
1 0 -3.92355e-36 
1 0 -1.27449e-34 
1 0 -2.79646e-35 
1 0 -1.32404e-37 
1 0 -1.2313e-38 
1 0 -2.68929e-39 
1 0 -9.95312e-42 
1 0 -9.17736e-43 
1 0 -1.99748e-43 
1 0 -5.76942e-46 
1 0 -5.28491e-47 
1 0 -1.1472e-47 
1 0 -2.5973e-50 
1 0 -2.36732e-51 
1 0 -5.12826e-52 
1 0 -9.17721e-55 
1 0 -8.33274e-56 
1 0 -1.80229e-56 
1 0 -2.57341e-59 
1 0 -2.32974e-60 
1 0 -5.03293e-61 
1 0 -5.78277e-64 
1 0 -5.22315e-65 
1 0 -1.12729e-65 
1 0 0 
1 0 0 
1 0 0 
1 0 0 
1 0 0 
1 0 0 
1 0 0 
1 0 0 
1 0 0 
1 0 0 
1 0 0 
1 0 0 
1 0 0 
1 0 0 
1 0 0 
1 0 0 
1 0 0 
1 0 0 
1 0 0 
1 0 0 
1 0 0 
1 0 0 
1 0 0 
1 0 0 
1 0 0 
1 0 0 
1 0 0 
1 0 0 
1 0 0 
1 0 0 
1 0 0 
1 0 0 
1 0 0 
1 0 0 
1 0 0 
1 0 0 
1 0 0 
1 0 0 
1 0 0 
1 0 0 
1 0 0 
1 0 0 
1 0 0 
1 0 0 
1 0 0 
1 0 0 
1 0 0 
1 0 0 
1 0 0 
1 0 0 
1 0 -2.56885e-46 
1 0 -2.87509e-44 
1 0 -6.22237e-45 
1 0 -9.13444e-48 
1 0 -2.37227e-44 
1 0 -2.15283e-39 
1 0 -5.76824e-38 
1 0 -2.41072e-36 
1 0 -5.26867e-37 
1 0 -1.97435e-39 
1 0 -1.821e-40 
1 0 -3.96394e-41 
1 0 -1.15603e-43 
1 0 -1.05913e-44 
1 0 -2.29923e-45 
1 0 -5.24413e-48 
1 0 -4.78029e-49 
1 0 -1.03559e-49 
1 0 -1.86374e-52 
1 0 -1.69235e-53 
1 0 -3.66049e-54 
1 0 -5.24957e-57 
1 0 -4.7527e-58 
1 0 -1.02674e-58 
1 0 -1.18378e-61 
1 0 -1.06925e-62 
1 0 -2.30774e-63 
1 0 -2.15357e-66 
1 0 -1.94162e-67 
1 0 -4.18741e-68 
1 0 0 
1 0 0 
1 0 0 
1 0 0 
1 0 0 
1 0 0 
1 0 0 
1 0 0 
1 0 0 
1 0 0 
1 0 0 
1 0 0 
1 0 0 
1 0 0 
1 0 0 
1 0 0 
1 0 0 
1 0 0 
1 0 0 
1 0 0 
1 0 0 
1 0 0 
1 0 0 
1 0 0 
1 0 0 
1 0 0 
1 0 0 
1 0 0 
1 0 0 
1 0 0 
1 0 0 
1 0 0 
1 0 0 
1 0 0 
1 0 0 
1 0 0 
1 0 0 
1 0 0 
1 0 0 
1 0 0 
1 0 0 
1 0 0 
1 0 0 
1 0 0 
1 0 0 
1 0 0 
1 0 0 
1 0 0 
1 0 0 
1 0 0 
1 0 -1.19744e-48 
1 0 -1.6769e-46 
1 0 -3.62452e-47 
1 0 -4.27157e-50 
1 0 -1.38075e-46 
1 0 -1.99449e-41 
1 0 -6.68893e-40 
1 0 -3.60969e-38 
1 0 -7.86283e-39 
1 0 -2.31572e-41 
1 0 -2.12201e-42 
1 0 -4.60693e-43 
1 0 -1.05865e-45 
1 0 -9.65122e-47 
1 0 -2.09091e-47 
1 0 -3.78455e-50 
1 0 -3.43676e-51 
1 0 -7.43378e-52 
1 0 -1.07081e-54 
1 0 -9.69498e-56 
1 0 -2.09448e-56 
1 0 -2.42318e-59 
1 0 -2.1888e-60 
1 0 -4.72411e-61 
1 0 -4.42068e-64 
1 0 -3.98569e-65 
1 0 -8.59581e-66 
1 0 -6.53471e-69 
1 0 -5.88289e-70 
1 0 -1.26797e-70 
1 0 0 
1 0 0 
1 0 0 
1 0 0 
1 0 0 
1 0 0 
1 0 0 
1 0 0 
1 0 0 
1 0 0 
1 0 0 
1 0 0 
1 0 0 
1 0 0 
1 0 0 
1 0 0 
1 0 0 
1 0 0 
1 0 0 
1 0 0 
1 0 0 
1 0 0 
1 0 0 
1 0 0 
1 0 0 
1 0 0 
1 0 0 
1 0 0 
1 0 0 
1 0 0 
1 0 0 
1 0 0 
1 0 0 
1 0 0 
1 0 0 
1 0 0 
1 0 0 
1 0 0 
1 0 0 
1 0 0 
1 0 0 
1 0 0 
1 0 0 
1 0 0 
1 0 0 
1 0 0 
1 0 0 
1 0 0 
1 0 0 
1 0 0 
1 0 -4.51923e-51 
1 0 -7.85991e-49 
1 0 -1.69713e-49 
1 0 -1.61628e-52 
1 0 -6.46121e-49 
1 0 -1.4607e-43 
1 0 -6.11727e-42 
1 0 -4.24795e-40 
1 0 -9.22829e-41 
1 0 -2.13679e-43 
1 0 -1.94822e-44 
1 0 -4.22095e-45 
1 0 -7.68421e-48 
1 0 -6.97853e-49 
1 0 -1.50951e-49 
1 0 -2.18409e-52 
1 0 -1.97754e-53 
1 0 -4.2723e-54 
1 0 -4.96003e-57 
1 0 -4.4804e-58 
1 0 -9.6702e-59 
1 0 -9.07418e-62 
1 0 -8.18144e-63 
1 0 -1.76448e-63 
1 0 -1.3444e-66 
1 0 -1.21032e-67 
1 0 -2.60866e-68 
1 0 -1.61657e-71 
1 0 -1.45355e-72 
1 0 -3.13134e-73 
1 0 0 
1 0 0 
1 0 0 
1 0 0 
1 0 0 
1 0 0 
1 0 0 
1 0 0 
1 0 0 
1 0 0 
1 0 0 
1 0 0 
1 0 0 
1 0 0 
1 0 0 
1 0 0 
1 0 0 
1 0 0 
1 0 0 
1 0 0 
1 0 0 
1 0 0 
1 0 0 
1 0 0 
1 0 0 
1 0 0 
1 0 0 
1 0 0 
1 0 0 
1 0 0 
1 0 0 
1 0 0 
1 0 0 
1 0 0 
1 0 0 
1 0 0 
1 0 0 
1 0 0 
1 0 0 
1 0 0 
1 0 0 
1 0 0 
1 0 0 
1 0 0 
1 0 0 
1 0 0 
1 0 0 
1 0 0 
1 0 0 
1 0 0 
1 0 -1.3862e-53 
1 0 -2.97952e-51 
1 0 -6.42814e-52 
1 0 -4.96805e-55 
1 0 -2.4461e-51 
1 0 -8.52667e-46 
1 0 -4.43534e-44 
1 0 -3.92997e-42 
1 0 -8.51947e-43 
1 0 -1.56005e-45 
1 0 -1.41688e-46 
1 0 -3.06492e-47 
1 0 -4.45454e-50 
1 0 -4.03344e-51 
1 0 -8.71404e-52 
1 0 -1.01523e-54 
1 0 -9.17084e-56 
1 0 -1.97939e-56 
1 0 -1.86258e-59 
1 0 -1.67936e-60 
1 0 -3.62188e-61 
1 0 -2.76582e-64 
1 0 -2.49e-65 
1 0 -5.36686e-66 
1 0 -3.33195e-69 
1 0 -2.99596e-70 
1 0 -6.45413e-71 
1 0 -3.25304e-74 
1 0 -2.92201e-75 
1 0 -6.29218e-76 
1 0 0 
1 0 0 
1 0 0 
1 0 0 
1 0 0 
1 0 0 
1 0 0 
1 0 0 
1 0 0 
1 0 0 
1 0 0 
1 0 0 
1 0 0 
1 0 0 
1 0 0 
1 0 0 
1 0 0 
1 0 0 
1 0 0 
1 0 0 
1 0 0 
1 0 0 
1 0 0 
1 0 0 
1 0 0 
1 0 0 
1 0 0 
1 0 0 
1 0 0 
1 0 0 
1 0 0 
1 0 0 
1 0 0 
1 0 0 
1 0 0 
1 0 0 
1 0 0 
1 0 0 
1 0 0 
1 0 0 
1 0 0 
1 0 0 
1 0 0 
1 0 0 
1 0 0 
1 0 0 
1 0 0 
1 0 0 
1 0 0 
1 0 0 
1 0 -3.45979e-56 
1 0 -9.17199e-54 
1 0 -1.97748e-54 
1 0 -1.24211e-57 
1 0 -7.52197e-54 
1 0 -3.99918e-48 
1 0 -2.56889e-46 
1 0 -2.87509e-44 
1 0 -6.22237e-45 
1 0 -9.0846e-48 
1 0 -8.22616e-49 
1 0 -1.77725e-49 
1 0 -2.07791e-52 
1 0 -1.87708e-53 
1 0 -4.05146e-54 
1 0 -3.82304e-57 
1 0 -3.44704e-58 
1 0 -7.4343e-59 
1 0 -5.68998e-62 
1 0 -5.1226e-63 
1 0 -1.10411e-63 
1 0 -6.86747e-67 
1 0 -6.17502e-68 
1 0 -1.33027e-68 
1 0 -6.71523e-72 
1 0 -6.03192e-73 
1 0 -1.2989e-73 
1 0 -5.29498e-77 
1 0 -4.75209e-78 
1 0 -1.02294e-78 
1 0 0 
1 0 0 
1 0 0 
1 0 0 
1 0 0 
1 0 0 
1 0 0 
1 0 0 
1 0 0 
1 0 0 
1 0 0 
1 0 0 
1 0 0 
1 0 0 
1 0 0 
1 0 0 
1 0 0 
1 0 0 
1 0 0 
1 0 0 
1 0 0 
1 0 0 
1 0 0 
1 0 0 
1 0 0 
1 0 0 
1 0 0 
1 0 0 
1 0 0 
1 0 0 
1 0 0 
1 0 0 
1 0 0 
1 0 0 
1 0 0 
1 0 0 
1 0 0 
1 0 0 
1 0 0 
1 0 0 
1 0 0 
1 0 0 
1 0 0 
1 0 0 
1 0 0 
1 0 0 
1 0 0 
1 0 0 
1 0 0 
1 0 0 
1 0 -7.01379e-59 
1 0 -2.29598e-56 
1 0 -4.94739e-57 
1 0 -2.52166e-60 
1 0 -1.8813e-56 
1 0 -1.51678e-50 
1 0 -1.19745e-48 
1 0 -1.6769e-46 
1 0 -3.62452e-47 
1 0 -4.25275e-50 
1 0 -3.84184e-51 
1 0 -8.29225e-52 
1 0 -7.84677e-55 
1 0 -7.07518e-56 
1 0 -1.52593e-56 
1 0 -1.17055e-59 
1 0 -1.05384e-60 
1 0 -2.27144e-61 
1 0 -1.41543e-64 
1 0 -1.27273e-65 
1 0 -2.74182e-66 
1 0 -1.38621e-69 
1 0 -1.24516e-70 
1 0 -2.68131e-71 
1 0 -1.09446e-74 
1 0 -9.82244e-76 
1 0 -2.1144e-76 
1 0 -6.90282e-80 
1 0 -6.19055e-81 
1 0 -1.33219e-81 
1 0 0 
1 0 0 
1 0 0 
1 0 0 
1 0 0 
1 0 0 
1 0 0 
1 0 0 
1 0 0 
1 0 0 
1 0 0 
1 0 0 
1 0 0 
1 0 0 
1 0 0 
1 0 0 
1 0 0 
1 0 0 
1 0 0 
1 0 0 
1 0 0 
1 0 0 
1 0 0 
1 0 0 
1 0 0 
1 0 0 
1 0 0 
1 0 0 
1 0 0 
1 0 0 
1 0 0 
1 0 0 
1 0 0 
1 0 0 
1 0 0 
1 0 0 
1 0 0 
1 0 0 
1 0 0 
1 0 0 
1 0 0 
1 0 0 
1 0 0 
1 0 0 
1 0 0 
1 0 0 
1 0 0 
1 0 0 
1 0 0 
1 0 0 
1 0 -1.14875e-61 
1 0 -4.66593e-59 
1 0 -1.00495e-59 
1 0 -4.13513e-63 
1 0 -3.82045e-59 
1 0 -4.67112e-53 
1 0 -4.51926e-51 
1 0 -7.85991e-49 
1 0 -1.69713e-49 
1 0 -1.6105e-52 
1 0 -1.45217e-53 
1 0 -3.13196e-54 
1 0 -2.40802e-57 
1 0 -2.16796e-58 
1 0 -4.67282e-59 
1 0 -2.91727e-62 
1 0 -2.62316e-63 
1 0 -5.65108e-64 
1 0 -2.86149e-67 
1 0 -2.57035e-68 
1 0 -5.53495e-69 
1 0 -2.26219e-72 
1 0 -2.03026e-73 
1 0 -4.37039e-74 
1 0 -1.42836e-77 
1 0 -1.28098e-78 
1 0 -2.75663e-79 
1 0 -7.09578e-83 
1 0 -6.35961e-84 
1 0 -1.36822e-84 
1 0 0 
1 0 0 
1 0 0 
1 0 0 
1 0 0 
1 0 0 
1 0 0 
1 0 0 
1 0 0 
1 0 0 
1 0 0 
1 0 0 
1 0 0 
1 0 0 
1 0 0 
1 0 0 
1 0 0 
1 0 0 
1 0 0 
1 0 0 
1 0 0 
1 0 0 
1 0 0 
1 0 0 
1 0 0 
1 0 0 
1 0 0 
1 0 0 
1 0 0 
1 0 0 
1 0 0 
1 0 0 
1 0 0 
1 0 0 
1 0 0 
1 0 0 
1 0 0 
1 0 0 
1 0 0 
1 0 0 
1 0 0 
1 0 0 
1 0 0 
1 0 0 
1 0 0 
1 0 0 
1 0 0 
1 0 0 
1 0 0 
1 0 0 
1 0 -1.50551e-64 
1 0 -7.65795e-62 
1 0 -1.64873e-62 
1 0 -5.42493e-66 
1 0 -6.26647e-62 
1 0 -1.1697e-55 
1 0 -1.3862e-53 
1 0 -2.97952e-51 
1 0 -6.42814e-52 
1 0 -4.95363e-55 
1 0 -4.45984e-56 
1 0 -9.61278e-57 
1 0 -6.01255e-60 
1 0 -5.40644e-61 
1 0 -1.16471e-61 
1 0 -5.9068e-65 
1 0 -5.30584e-66 
1 0 -1.14255e-66 
1 0 -4.67582e-70 
1 0 -4.19645e-71 
1 0 -9.03339e-72 
1 0 -2.95562e-75 
1 0 -2.65066e-76 
1 0 -5.70415e-77 
1 0 -1.46968e-80 
1 0 -1.31721e-81 
1 0 -2.83387e-82 
1 0 -5.61559e-86 
1 0 -5.03026e-87 
1 0 -1.08198e-87 
1 0 0 
1 0 0 
1 0 0 
1 0 0 
1 0 0 
1 0 0 
1 0 0 
1 0 0 
1 0 0 
1 0 0 
1 0 0 
1 0 0 
1 0 0 
1 0 0 
1 0 0 
1 0 0 
1 0 0 
1 0 0 
1 0 0 
1 0 0 
1 0 0 
1 0 0 
1 0 0 
1 0 0 
1 0 0 
1 0 0 
1 0 0 
1 0 0 
1 0 0 
1 0 0 
1 0 0 
1 0 0 
1 0 0 
1 0 0 
1 0 0 
1 0 0 
1 0 0 
1 0 0 
1 0 0 
1 0 0 
1 0 0 
1 0 0 
1 0 0 
1 0 0 
1 0 0 
1 0 0 
1 0 0 
1 0 0 
1 0 0 
1 0 0 
1 0 -1.55462e-67 
1 0 -1.00539e-64 
1 0 -2.16385e-65 
1 0 -5.60688e-69 
1 0 -8.22279e-65 
1 0 -2.37775e-58 
1 0 -3.4598e-56 
1 0 -9.17199e-54 
1 0 -1.97748e-54 
1 0 -1.23918e-57 
1 0 -1.11427e-58 
1 0 -2.40049e-59 
1 0 -1.21929e-62 
1 0 -1.09525e-63 
1 0 -2.3585e-64 
1 0 -9.6646e-68 
1 0 -8.67382e-69 
1 0 -1.86715e-69 
1 0 -6.11587e-73 
1 0 -5.48484e-74 
1 0 -1.18033e-74 
1 0 -3.04401e-78 
1 0 -2.72821e-79 
1 0 -5.86952e-80 
1 0 -1.16406e-83 
1 0 -1.04272e-84 
1 0 -2.24284e-85 
1 0 -3.29616e-89 
1 0 -2.9512e-90 
1 0 -6.34663e-91 
1 0 0 
1 0 0 
1 0 0 
1 0 0 
1 0 0 
1 0 0 
1 0 0 
1 0 0 
1 0 0 
1 0 0 
1 0 0 
1 0 0 
1 0 0 
1 0 0 
1 0 0 
1 0 0 
1 0 0 
1 0 0 
1 0 0 
1 0 0 
1 0 0 
1 0 0 
1 0 0 
1 0 0 
1 0 0 
1 0 0 
1 0 0 
1 0 0 
1 0 0 
1 0 0 
1 0 0 
1 0 0 
1 0 0 
1 0 0 
1 0 0 
1 0 0 
1 0 0 
1 0 0 
1 0 0 
1 0 0 
1 0 0 
1 0 0 
1 0 0 
1 0 0 
1 0 0 
1 0 0 
1 0 0 
1 0 0 
1 0 0 
1 0 0 
1 0 -1.23515e-70 
1 0 -1.03976e-67 
1 0 -2.23718e-68 
1 0 -4.4581e-72 
1 0 -8.50011e-68 
1 0 -3.9034e-61 
1 0 -7.0138e-59 
1 0 -2.29598e-56 
1 0 -4.94739e-57 
1 0 -2.51687e-60 
1 0 -2.26083e-61 
1 0 -4.86847e-62 
1 0 -1.99759e-65 
1 0 -1.79281e-66 
1 0 -3.85927e-67 
1 0 -1.26551e-70 
1 0 -1.13494e-71 
1 0 -2.44236e-72 
1 0 -6.30473e-76 
1 0 -5.65065e-77 
1 0 -1.21569e-77 
1 0 -2.41297e-81 
1 0 -2.16146e-82 
1 0 -4.64917e-83 
1 0 -6.83747e-87 
1 0 -6.1219e-88 
1 0 -1.31653e-88 
1 0 -1.34903e-92 
1 0 -1.20735e-93 
1 0 -2.596e-94 
1 0 0 
1 0 0 
1 0 0 
1 0 0 
1 0 0 
1 0 0 
1 0 0 
1 0 0 
1 0 0 
1 0 0 
1 0 0 
1 0 0 
1 0 0 
1 0 0 
1 0 0 
1 0 0 
1 0 0 
1 0 0 
1 0 0 
1 0 0 
1 0 0 
1 0 0 
1 0 0 
1 0 0 
1 0 0 
1 0 0 
1 0 0 
1 0 0 
1 0 0 
1 0 0 
1 0 0 
1 0 0 
1 0 0 
1 0 0 
1 0 0 
1 0 0 
1 0 0 
1 0 0 
1 0 0 
1 0 0 
1 0 0 
1 0 0 
1 0 0 
1 0 0 
1 0 0 
1 0 0 
1 0 0 
1 0 0 
1 0 0 
1 0 0 
1 0 -7.2746e-74 
1 0 -8.27169e-71 
1 0 -1.77932e-71 
1 0 -2.62742e-75 
1 0 -6.75959e-71 
1 0 -5.12568e-64 
1 0 -1.14876e-61 
1 0 -4.66593e-59 
1 0 -1.00495e-59 
1 0 -4.12884e-63 
1 0 -3.7056e-64 
1 0 -7.97679e-65 
1 0 -2.61861e-68 
1 0 -2.34844e-69 
1 0 -5.05379e-70 
1 0 -1.30583e-73 
1 0 -1.17036e-74 
1 0 -2.51794e-75 
1 0 -5.00182e-79 
1 0 -4.48048e-80 
1 0 -9.63725e-81 
1 0 -1.41835e-84 
1 0 -1.26991e-85 
1 0 -2.73097e-86 
1 0 -2.80013e-90 
1 0 -2.50605e-91 
1 0 -5.38841e-92 
1 0 -3.42896e-96 
1 0 -3.06773e-97 
1 0 -6.59514e-98 
1 0 0 
1 0 0 
1 0 0 
1 0 0 
1 0 0 
1 0 0 
1 0 0 
1 0 0 
1 0 0 
1 0 0 
1 0 0 
1 0 0 
1 0 0 
1 0 0 
1 0 0 
1 0 0 
1 0 0 
1 0 0 
1 0 0 
1 0 0 
1 0 0 
1 0 0 
1 0 0 
1 0 0 
1 0 0 
1 0 0 
1 0 0 
1 0 0 
1 0 0 
1 0 0 
1 0 0 
1 0 0 
1 0 0 
1 0 0 
1 0 0 
1 0 0 
1 0 0 
1 0 0 
1 0 0 
1 0 0 
1 0 0 
1 0 0 
1 0 0 
1 0 0 
1 0 0 
1 0 0 
1 0 0 
1 0 0 
1 0 0 
1 0 0 
1 0 -2.98614e-77 
1 0 -4.87728e-74 
1 0 -1.04893e-74 
1 0 -1.07915e-78 
1 0 -3.98436e-74 
1 0 -5.30181e-67 
1 0 -1.50551e-64 
1 0 -7.65795e-62 
1 0 -1.64873e-62 
1 0 -5.41844e-66 
1 0 -4.85941e-67 
1 0 -1.04574e-67 
1 0 -2.70461e-71 
1 0 -2.42403e-72 
1 0 -5.21512e-73 
1 0 -1.03682e-76 
1 0 -9.28754e-78 
1 0 -1.9977e-78 
1 0 -2.94217e-82 
1 0 -2.63426e-83 
1 0 -5.66505e-84 
1 0 -5.81211e-88 
1 0 -5.2017e-89 
1 0 -1.11845e-89 
1 0 -7.12122e-94 
1 0 -6.37102e-95 
1 0 -1.36967e-95 
1 0 -4.06441e-100 
1 0 -3.63509e-101 
1 0 -7.81388e-102 
1 0 0 
1 0 0 
1 0 0 
1 0 0 
1 0 0 
1 0 0 
1 0 0 
1 0 0 
1 0 0 
1 0 0 
1 0 0 
1 0 0 
1 0 0 
1 0 0 
1 0 0 
1 0 0 
1 0 0 
1 0 0 
1 0 0 
1 0 0 
1 0 0 
1 0 0 
1 0 0 
1 0 0 
1 0 0 
1 0 0 
1 0 0 
1 0 0 
1 0 0 
1 0 0 
1 0 0 
1 0 0 
1 0 0 
1 0 0 
1 0 0 
1 0 0 
1 0 0 
1 0 0 
1 0 0 
1 0 0 
1 0 0 
1 0 0 
1 0 0 
1 0 0 
1 0 0 
1 0 0 
1 0 0 
1 0 0 
1 0 0 
1 0 0 
1 0 -7.60986e-81 
1 0 -2.00405e-77 
1 0 -4.30918e-78 
1 0 -2.75152e-82 
1 0 -1.63668e-77 
1 0 -4.21843e-70 
1 0 -1.55462e-67 
1 0 -1.00539e-64 
1 0 -2.16385e-65 
1 0 -5.60172e-69 
1 0 -5.02061e-70 
1 0 -1.08015e-70 
1 0 -2.14921e-74 
1 0 -1.9252e-75 
1 0 -4.141e-76 
1 0 -6.10314e-80 
1 0 -5.46443e-81 
1 0 -1.17514e-81 
1 0 -1.2064e-85 
1 0 -1.0797e-86 
1 0 -2.32152e-87 
1 0 -1.47892e-91 
1 0 -1.32313e-92 
1 0 -2.84452e-93 
1 0 -8.44491e-98 
1 0 -7.5529e-99 
1 0 -1.62355e-99 
1 0 0 
1 0 0 
1 0 0 
1 0 0 
1 0 0 
1 0 0 
1 0 0 
1 0 0 
1 0 0 
1 0 0 
1 0 0 
1 0 0 
1 0 0 
1 0 0 
1 0 0 
1 0 0 
1 0 0 
1 0 0 
1 0 0 
1 0 0 
1 0 0 
1 0 0 
1 0 0 
1 0 0 
1 0 0 
1 0 0 
1 0 0 
1 0 0 
1 0 0 
1 0 0 
1 0 0 
1 0 0 
1 0 0 
1 0 0 
1 0 0 
1 0 0 
1 0 0 
1 0 0 
1 0 0 
1 0 0 
1 0 0 
1 0 0 
1 0 0 
1 0 0 
1 0 0 
1 0 0 
1 0 0 
1 0 0 
1 0 0 
1 0 0 
1 0 0 
1 0 0 
1 0 0 
1 0 -9.04056e-85 
1 0 -5.11156e-81 
1 0 -1.09892e-81 
1 0 -3.27028e-86 
1 0 -4.17347e-81 
1 0 -2.48765e-73 
1 0 -1.23515e-70 
1 0 -1.03976e-67 
1 0 -2.23718e-68 
1 0 -4.45506e-72 
1 0 -3.99072e-73 
1 0 -8.58382e-74 
1 0 -1.26601e-77 
1 0 -1.13352e-78 
1 0 -2.43767e-79 
1 0 -2.50406e-83 
1 0 -2.24108e-84 
1 0 -4.81869e-85 
1 0 -3.07141e-89 
1 0 -2.74785e-90 
1 0 -5.90745e-91 
1 0 -1.75466e-95 
1 0 -1.56932e-96 
1 0 -3.37336e-97 
1 0 0 
1 0 0 
1 0 0 
1 0 0 
1 0 0 
1 0 0 
1 0 0 
1 0 0 
1 0 0 
1 0 0 
1 0 0 
1 0 0 
1 0 0 
1 0 0 
1 0 0 
1 0 0 
1 0 0 
1 0 0 
1 0 0 
1 0 0 
1 0 0 
1 0 0 
1 0 0 
1 0 0 
1 0 0 
1 0 0 
1 0 0 
1 0 0 
1 0 0 
1 0 0 
1 0 0 
1 0 0 
1 0 0 
1 0 0 
1 0 0 
1 0 0 
1 0 0 
1 0 0 
1 0 0 
1 0 0 
1 0 0 
1 0 0 
1 0 0 
1 0 0 
1 0 0 
1 0 0 
1 0 0 
1 0 0 
1 0 0 
1 0 0 
1 0 0 
1 0 0 
1 0 0 
1 0 0 
1 0 0 
1 0 0 
1 0 0 
1 0 -6.07717e-85 
1 0 -1.30633e-85 
1 0 0 
1 0 -4.96077e-85 
1 0 -1.02228e-76 
1 0 -7.2746e-74 
1 0 -8.27169e-71 
1 0 -1.77932e-71 
1 0 -2.62617e-75 
1 0 -2.35134e-76 
1 0 -5.05662e-77 
1 0 -5.19757e-81 
1 0 -4.65171e-82 
1 0 -1.00019e-82 
1 0 -6.37866e-87 
1 0 -5.7067e-88 
1 0 -1.22685e-88 
1 0 -3.64579e-93 
1 0 -3.26069e-94 
1 0 -7.00907e-95 
1 0 0 
1 0 0 
1 0 0 
1 0 0 
1 0 0 
1 0 0 
1 0 0 
1 0 0 
1 0 0 
1 0 0 
1 0 0 
1 0 0 
1 0 0 
1 0 0 
1 0 0 
1 0 0 
1 0 0 
1 0 0 
1 0 0 
1 0 0 
1 0 0 
1 0 0 
1 0 0 
1 0 0 
1 0 0 
1 0 0 
1 0 0 
1 0 0 
1 0 0 
1 0 0 
1 0 0 
1 0 0 
1 0 0 
1 0 0 
1 0 0 
1 0 0 
1 0 0 
1 0 0 
1 0 0 
1 0 0 
1 0 0 
1 0 0 
1 0 0 
1 0 0 
1 0 0 
1 0 0 
1 0 0 
1 0 0 
1 0 0 
1 0 0 
1 0 0 
1 0 0 
1 0 0 
1 0 0 
1 0 0 
1 0 0 
1 0 0 
1 0 0 
1 0 0 
1 0 0 
1 0 0 
1 0 0 
1 0 0 
1 0 0 
1 0 -2.60769e-80 
1 0 -2.98614e-77 
1 0 -4.87728e-74 
1 0 -1.04893e-74 
1 0 -1.07884e-78 
1 0 -9.65535e-80 
1 0 -2.07606e-80 
1 0 -1.32471e-84 
1 0 -1.18516e-85 
1 0 -2.54791e-86 
1 0 -7.57511e-91 
1 0 -6.77497e-92 
1 0 -1.45633e-92 
1 0 0 
1 0 0 
1 0 0 
1 0 0 
1 0 0 
1 0 0 
1 0 0 
1 0 0 
1 0 0 
1 0 0 
1 0 0 
1 0 0 
1 0 0 
1 0 0 
1 0 0 
1 0 0 
1 0 0 
1 0 0 
1 0 0 
1 0 0 
1 0 0 
1 0 0 
1 0 0 
1 0 0 
1 0 0 
1 0 0 
1 0 0 
1 0 0 
1 0 0 
1 0 0 
1 0 0 
1 0 0 
1 0 0 
1 0 0 
1 0 0 
1 0 0 
1 0 0 
1 0 0 
1 0 0 
1 0 0 
1 0 0 
1 0 0 
1 0 0 
1 0 0 
1 0 0 
1 0 0 
1 0 0 
1 0 0 
1 0 0 
1 0 0 
1 0 0 
1 0 0 
1 0 0 
1 0 0 
1 0 0 
1 0 0 
1 0 0 
1 0 0 
1 0 0 
1 0 0 
1 0 0 
1 0 0 
1 0 0 
1 0 0 
1 0 0 
1 0 0 
1 0 0 
1 0 -3.10057e-84 
1 0 -7.60986e-81 
1 0 -2.00405e-77 
1 0 -4.30918e-78 
1 0 -2.75114e-82 
1 0 -2.46132e-83 
1 0 -5.29146e-84 
1 0 -1.57394e-88 
1 0 -1.40768e-89 
1 0 -3.02591e-90 
1 0 0 
1 0 0 
1 0 0 
1 0 0 
1 0 0 
1 0 0 
1 0 0 
1 0 0 
1 0 0 
1 0 0 
1 0 0 
1 0 0 
1 0 0 
1 0 0 
1 0 0 
1 0 0 
1 0 0 
1 0 0 
1 0 0 
1 0 0 
1 0 0 
1 0 0 
1 0 0 
1 0 0 
1 0 0 
1 0 0 
1 0 0 
1 0 0 
1 0 0 
1 0 0 
1 0 0 
1 0 0 
1 0 0 
1 0 0 
1 0 0 
1 0 0 
1 0 0 
1 0 0 
1 0 0 
1 0 0 
1 0 0 
1 0 0 
1 0 0 
1 0 0 
1 0 0 
1 0 0 
1 0 0 
1 0 0 
1 0 0 
1 0 0 
1 0 0 
1 0 0 
1 0 0 
1 0 0 
1 0 0 
1 0 0 
1 0 0 
1 0 0 
1 0 0 
1 0 0 
1 0 0 
1 0 0 
1 0 0 
1 0 0 
1 0 0 
1 0 0 
1 0 0 
1 0 0 
1 0 0 
1 0 0 
1 0 0 
1 0 -9.04056e-85 
1 0 -5.11156e-81 
1 0 -1.09892e-81 
1 0 -3.27028e-86 
1 0 -2.92485e-87 
1 0 -6.28716e-88 
1 0 0 
1 0 0 
1 0 0 
1 0 0 
1 0 0 
1 0 0 
1 0 0 
1 0 0 
1 0 0 
1 0 0 
1 0 0 
1 0 0 
1 0 0 
1 0 0 
1 0 0 
1 0 0 
1 0 0 
1 0 0 
1 0 0 
1 0 0 
1 0 0 
1 0 0 
1 0 0 
1 0 0 
1 0 0 
1 0 0 
1 0 0 
1 0 0 
1 0 0 
1 0 0 
1 0 0 
1 0 0 
1 0 0 
1 0 0 
1 0 0 
1 0 0 
1 0 0 
1 0 0 
1 0 0 
1 0 0 
1 0 0 
1 0 0 
1 0 0 
1 0 0 
1 0 0 
1 0 0 
1 0 0 
1 0 0 
1 0 0 
1 0 0 
1 0 0 
1 0 0 
1 0 0 
1 0 0 
1 0 0 
1 0 0 
1 0 0 
1 0 0 
1 0 0 
1 0 0 
1 0 0 
1 0 0 
1 0 0 
1 0 0 
1 0 0 
1 0 0 
1 0 0 
1 0 0 
1 0 0 
1 0 0 
1 0 0 
1 0 0 
1 0 0 
1 0 0 
1 0 0 
1 0 -6.07717e-85 
1 0 -1.30633e-85 
1 0 0 
1 0 0 
1 0 0 
1 0 0 
1 0 0 
1 0 0 
1 0 0 
1 0 0 
1 0 0 
1 0 0 
1 0 0 
1 0 0 
1 0 0 
1 0 0 
1 0 0 
1 0 0 
1 0 0 
1 0 0 
1 0 0 
1 0 0 
1 0 0 
1 0 0 
1 0 0 
1 0 0 
1 0 0 
1 0 0 
1 0 0 
1 0 0 
1 0 0 
1 0 0 
1 0 0 
1 0 0 
1 0 0 
1 0 0 
1 0 0 
1 0 0 
1 0 0 
1 0 0 
1 0 0 
1 0 0 
1 0 0 
1 0 0 
1 0 0 
1 0 0 
1 0 0 
1 0 0 
1 0 0 
1 0 0 
1 0 0 
1 0 0 
1 0 0 
1 0 0 
1 0 0 
1 0 0 
1 0 0 
1 0 0 
1 0 0 
1 0 0 
1 0 0 
1 0 0 
1 0 0 
1 0 0 
1 0 0 
1 0 0 
1 0 0 
1 0 0 
1 0 0 
1 0 0 
1 0 0 
1 0 0 
1 0 0 
1 0 0 
1 0 0 
1 0 0 
1 0 0 
1 0 0 
1 0 0 
1 0 0 
1 0 0 
1 0 0 
1 0 0 
1 0 0 
1 0 0 
1 0 0 
1 0 0 
1 0 0 
1 0 0 
1 0 0 
1 0 0 
1 0 0 
1 0 0 
1 0 0 
1 0 0 
1 0 0 
1 0 0 
1 0 0 
1 0 0 
1 0 0 
1 0 0 
1 0 0 
1 0 0 
1 0 0 
1 0 0 
1 0 0 
1 0 0 
1 0 0 
1 0 0 
1 0 0 
1 0 0 
1 0 0 
1 0 0 
1 0 0 
1 0 0 
1 0 0 
1 0 0 
1 0 0 
1 0 0 
1 0 0 
1 0 0 
1 0 0 
1 0 0 
1 0 0 
1 0 0 
1 0 0 
1 0 0 
1 0 0 
1 0 0 
1 0 0 
1 0 0 
1 0 0 
1 0 0 
1 0 0 
1 0 0 
1 0 0 
1 0 0 
1 0 0 
1 0 0 
1 0 0 
1 0 0 
1 0 0 
1 0 0 
1 0 0 
1 0 0 
1 0 0 
1 0 0 
1 0 0 
1 0 0 
1 0 0 
1 0 0 
1 0 0 
1 0 0 
1 0 0 
1 0 0 
1 0 0 
1 0 0 
1 0 0 
1 0 0 
1 0 0 
1 0 0 
1 0 0 
1 0 0 
1 0 0 
1 0 0 
1 0 0 
1 0 0 
1 0 0 
1 0 0 
1 0 0 
1 0 0 
1 0 0 
1 0 0 
1 0 0 
1 0 0 
1 0 0 
1 0 0 
1 0 0 
1 0 0 
1 0 0 
1 0 0 
1 0 0 
1 0 0 
1 0 0 
1 0 0 
1 0 0 
1 0 0 
1 0 0 
1 0 0 
1 0 0 
1 0 0 
1 0 0 
1 0 0 
1 0 0 
1 0 0 
1 0 0 
1 0 0 
1 0 0 
1 0 0 
1 0 0 
1 0 0 
1 0 0 
1 0 0 
1 0 0 
1 0 0 
1 0 0 
1 0 0 
1 0 0 
1 0 0 
1 0 0 
1 0 0 
1 0 0 
1 0 0 
1 0 0 
1 0 0 
1 0 0 
1 0 0 
1 0 0 
1 0 0 
1 0 0 
1 0 0 
1 0 0 
1 0 0 
1 0 0 
1 0 0 
1 0 0 
1 0 0 
1 0 0 
1 0 0 
1 0 0 
1 0 0 
1 0 0 
1 0 0 
1 0 0 
1 0 0 
1 0 0 
1 0 0 
1 0 0 
1 0 0 
1 0 0 
1 0 0 
1 0 0 
1 0 0 
1 0 0 
1 0 0 
1 0 0 
1 0 0 
1 0 0 
1 0 0 
1 0 0 
1 0 0 
1 0 0 
1 0 0 
1 0 0 
1 0 0 
1 0 0 
1 0 0 
1 0 0 
1 0 0 
1 0 0 
1 0 0 
1 0 0 
1 0 0 
1 0 0 
1 0 0 
1 0 0 
1 0 0 
1 0 0 
1 0 0 
1 0 0 
1 0 0 
1 0 0 
1 0 0 
1 0 0 
1 0 0 
1 0 0 
1 0 0 
1 0 0 
1 0 0 
1 0 0 
1 0 0 
1 0 0 
1 0 0 
1 0 0 
1 0 0 
1 0 0 
1 0 0 
1 0 0 
1 0 0 
1 0 0 
1 0 0 
1 0 0 
1 0 0 
1 0 0 
1 0 0 
1 0 0 
1 0 0 
1 0 0 
1 0 0 
1 0 0 
1 0 0 
1 0 0 
1 0 0 
1 0 0 
1 0 0 
1 0 0 
1 0 0 
1 0 0 
1 0 0 
1 0 0 
1 0 0 
1 0 0 
1 0 0 
1 0 0 
1 0 0 
1 0 0 
1 0 0 
1 0 0 
1 0 0 
1 0 0 
1 0 0 
1 0 0 
1 0 0 
1 0 0 
1 0 0 
1 0 0 
1 0 0 
1 0 0 
1 0 0 
1 0 0 
1 0 0 
1 0 0 
1 0 0 
1 0 0 
1 0 0 
1 0 0 
1 0 0 
1 0 0 
1 0 0 
1 0 0 
1 0 0 
1 0 0 
1 0 0 
1 0 0 
1 0 0 
1 0 0 
1 0 0 
1 0 0 
1 0 0 
1 0 0 
1 0 0 
1 0 0 
1 0 0 
1 0 0 
1 0 0 
1 0 0 
1 0 0 
1 0 0 
1 0 0 
1 0 0 
1 0 0 
1 0 0 
1 0 0 
1 0 0 
1 0 0 
1 0 0 
1 0 0 
1 0 0 
1 0 0 
1 0 0 
1 0 0 
1 0 0 
1 0 0 
1 0 0 
1 0 0 
1 0 0 
1 0 0 
1 0 0 
1 0 0 
1 0 0 
1 0 0 
1 0 0 
1 0 0 
1 0 0 
1 0 0 
1 0 0 
1 0 0 
1 0 0 
1 0 0 
1 0 0 
1 0 0 
1 0 0 
1 0 0 
1 0 0 
1 0 0 
1 0 0 
1 0 0 
1 0 0 
1 0 0 
1 0 0 
1 0 0 
1 0 0 
1 0 0 
1 0 0 
1 0 0 
1 0 0 
1 0 0 
1 0 0 
1 0 0 
1 0 0 
1 0 0 
1 0 0 
1 0 0 
1 0 0 
1 0 0 
1 0 0 
1 0 0 
1 0 0 
1 0 0 
1 0 0 
1 0 0 
1 0 0 
1 0 0 
1 0 0 
1 0 0 
1 0 0 
1 0 0 
1 0 0 
1 0 0 
1 0 0 
1 0 0 
1 0 0 
1 0 0 
1 0 0 
1 0 0 
1 0 0 
1 0 0 
1 0 0 
1 0 0 
1 0 0 
1 0 0 
1 0 0 
1 0 0 
1 0 0 
1 0 0 
1 0 0 
1 0 0 
1 0 0 
1 0 0 
1 0 0 
1 0 0 
1 0 0 
1 0 0 
1 0 0 
1 0 0 
1 0 0 
1 0 0 
1 0 0 
1 0 0 
1 0 0 
1 0 0 
1 0 0 
1 0 0 
1 0 0 
1 0 0 
1 0 0 
1 0 0 
1 0 0 
1 0 0 
1 0 0 
1 0 0 
1 0 0 
1 0 0 
1 0 0 
1 0 0 
1 0 0 
1 0 0 
1 0 0 
1 0 0 
1 0 0 
1 0 0 
1 0 0 
1 0 0 
1 0 0 
1 0 0 
1 0 0 
1 0 0 
1 0 0 
1 0 0 
1 0 0 
1 0 0 
1 0 0 
1 0 0 
1 0 0 
1 0 0 
1 0 0 
1 0 0 
1 0 0 
1 0 0 
1 0 0 
1 0 0 
1 0 0 
1 0 0 
1 0 0 
1 0 0 
1 0 0 
1 0 0 
1 0 0 
1 0 0 
1 0 0 
1 0 0 
1 0 0 
1 0 0 
1 0 0 
1 0 0 
1 0 0 
1 0 0 
1 0 0 
1 0 0 
1 0 0 
1 0 0 
1 0 0 
1 0 0 
1 0 0 
1 0 0 
1 0 0 
1 0 0 
1 0 0 
1 0 0 
1 0 0 
1 0 0 
1 0 0 
1 0 0 
1 0 0 
1 0 0 
1 0 0 
1 0 0 
1 0 0 
1 0 0 
1 0 0 
1 0 0 
1 0 0 
1 0 0 
1 0 0 
1 0 0 
1 0 0 
1 0 0 
1 0 0 
1 0 0 
1 0 0 
1 0 0 
1 0 0 
1 0 0 
1 0 0 
1 0 0 
1 0 0 
1 0 0 
1 0 0 
1 0 0 
1 0 0 
1 0 0 
1 0 0 
1 0 0 
1 0 0 
1 0 0 
1 0 0 
1 0 0 
1 0 0 
1 0 0 
1 0 0 
1 0 0 
1 0 0 
1 0 0 
1 0 0 
1 0 0 
1 0 0 
1 0 0 
1 0 0 
1 0 0 
1 0 0 
1 0 0 
1 0 0 
1 0 0 
1 0 0 
1 0 0 
1 0 0 
1 0 0 
1 0 0 
1 0 0 
1 0 0 
1 0 0 
1 0 0 
1 0 0 
1 0 0 
1 0 0 
1 0 0 
1 0 0 
1 0 0 
1 0 0 
1 0 0 
1 0 0 
1 0 0 
1 0 0 
1 0 0 
1 0 0 
1 0 0 
1 0 0 
1 0 0 
1 0 0 
1 0 0 
1 0 0 
1 0 0 
1 0 0 
1 0 0 
1 0 0 
1 0 0 
1 0 0 
1 0 0 
1 0 0 
1 0 0 
1 0 0 
1 0 0 
1 0 0 
1 0 0 
1 0 0 
1 0 0 
1 0 0 
1 0 0 
1 0 0 
1 0 0 
1 0 0 
1 0 0 
1 0 0 
1 0 0 
1 0 0 
1 0 0 
1 0 0 
1 0 0 
1 0 0 
1 0 0 
1 0 0 
1 0 0 
1 0 0 
1 0 0 
1 0 0 
1 0 0 
1 0 0 
1 0 0 
1 0 0 
1 0 0 
1 0 0 
1 0 0 
1 0 0 
1 0 0 
1 0 0 
1 0 0 
1 0 0 
1 0 0 
1 0 0 
1 0 0 
1 0 0 
1 0 0 
1 0 0 
1 0 0 
1 0 0 
1 0 0 
1 0 0 
1 0 0 
1 0 0 
1 0 0 
1 0 0 
1 0 0 
1 0 0 
1 0 0 
1 0 0 
1 0 0 
1 0 0 
1 0 0 
1 0 0 
1 0 0 
1 0 0 
1 0 0 
1 0 0 
1 0 0 
1 0 0 
1 0 0 
1 0 0 
1 0 0 
1 0 0 
1 0 0 
1 0 0 
1 0 0 
1 0 0 
1 0 0 
1 0 0 
1 0 0 
1 0 0 
1 0 0 
1 0 0 
1 0 0 
1 0 0 
1 0 0 
1 0 0 
1 0 0 
1 0 0 
1 0 0 
1 0 0 
1 0 0 
1 0 0 
1 0 0 
1 0 0 
1 0 0 
1 0 0 
1 0 0 
1 0 0 
1 0 0 
1 0 0 
1 0 0 
1 0 0 
1 0 0 
1 0 0 
1 0 0 
1 0 0 
1 0 0 
1 0 0 
1 0 0 
1 0 0 
1 0 0 
1 0 0 
1 0 0 
1 0 0 
1 0 0 
1 0 0 
1 0 0 
1 0 0 
1 0 0 
1 0 0 
1 0 0 
1 0 0 
1 0 0 
1 0 0 
1 0 0 
1 0 0 
1 0 0 
1 0 0 
1 0 0 
1 0 0 
1 0 0 
1 0 0 
1 0 0 
1 0 0 
1 0 0 
1 0 0 
1 0 0 
1 0 0 
1 0 0 
1 0 0 
1 0 0 
1 0 0 
1 0 0 
1 0 0 
1 0 0 
1 0 0 
1 0 0 
1 0 0 
1 0 0 
1 0 0 
1 0 0 
1 0 0 
1 0 0 
1 0 0 
1 0 0 
1 0 0 
1 0 0 
1 0 0 
1 0 0 
1 0 0 
1 0 0 
1 0 0 
1 0 0 
1 0 0 
1 0 0 
1 0 0 
1 0 0 
1 0 0 
1 0 0 
1 0 0 
1 0 0 
1 0 0 
1 0 0 
1 0 0 
1 0 0 
1 0 0 
1 0 0 
1 0 0 
1 0 0 
1 0 0 
1 0 0 
1 0 0 
1 0 0 
1 0 0 
1 0 0 
1 0 0 
1 0 0 
1 0 0 
1 0 0 
1 0 0 
1 0 0 
1 0 0 
1 0 0 
1 0 0 
1 0 0 
1 0 0 
1 0 0 
1 0 0 
1 0 0 
1 0 0 
1 0 0 
1 0 0 
1 0 0 
1 0 0 
1 0 0 
1 0 0 
1 0 0 
1 0 0 
1 0 0 
1 0 0 
1 0 0 
1 0 0 
1 0 0 
1 0 0 
1 0 0 
1 0 0 
1 0 0 
1 0 0 
1 0 0 
1 0 0 
1 0 0 
1 0 0 
1 0 0 
1 0 0 
1 0 0 
1 0 0 
1 0 0 
1 0 0 
1 0 0 
1 0 0 
1 0 0 
1 0 0 
1 0 0 
1 0 0 
1 0 0 
1 0 0 
1 0 0 
1 0 0 
1 0 0 
1 0 0 
1 0 0 
1 0 0 
1 0 0 
1 0 0 
1 0 0 
1 0 0 
1 0 0 
1 0 0 
1 0 0 
1 0 0 
1 0 0 
1 0 0 
1 0 0 
1 0 0 
1 0 0 
1 0 0 
1 0 0 
1 0 0 
1 0 0 
1 0 0 
1 0 0 
1 0 0 
1 0 0 
1 0 0 
1 0 0 
1 0 0 
1 0 0 
1 0 0 
1 0 0 
1 0 0 
1 0 0 
1 0 0 
1 0 0 
1 0 0 
1 0 0 
1 0 0 
1 0 0 
1 0 0 
1 0 0 
1 0 0 
1 0 0 
1 0 0 
1 0 0 
1 0 0 
1 0 0 
1 0 0 
1 0 0 
1 0 0 
1 0 0 
1 0 0 
1 0 0 
1 0 0 
1 0 0 
1 0 0 
1 0 0 
1 0 0 
1 0 0 
1 0 0 
1 0 0 
1 0 0 
1 0 0 
1 0 0 
1 0 0 
1 0 0 
1 0 0 
1 0 0 
1 0 0 
1 0 0 
1 0 0 
1 0 0 
1 0 0 
1 0 0 
1 0 0 
1 0 0 
1 0 0 
1 0 0 
1 0 0 
1 0 0 
1 0 0 
1 0 0 
1 0 0 
1 0 0 
1 0 0 
1 0 0 
1 0 0 
1 0 0 
1 0 0 
1 0 0 
1 0 0 
1 0 0 
1 0 0 
1 0 0 
1 0 0 
1 0 0 
1 0 0 
1 0 0 
1 0 0 
1 0 0 
1 0 0 
1 0 0 
1 0 0 
1 0 0 
1 0 0 
1 0 0 
1 0 0 
1 0 0 
1 0 0 
1 0 0 
1 0 0 
1 0 0 
1 0 0 
1 0 0 
1 0 0 
1 0 0 
1 0 0 
1 0 0 
1 0 0 
1 0 0 
1 0 0 
1 0 0 
1 0 0 
1 0 0 
1 0 0 
1 0 0 
1 0 0 
1 0 0 
1 0 0 
1 0 0 
1 0 0 
1 0 0 
1 0 0 
1 0 0 
1 0 0 
1 0 0 
1 0 0 
1 0 0 
1 0 0 
1 0 0 
1 0 0 
1 0 0 
1 0 0 
1 0 0 
1 0 0 
1 0 0 
1 0 0 
1 0 0 
1 0 0 
1 0 0 
1 0 0 
1 0 0 
1 0 0 
1 0 0 
1 0 0 
1 0 0 
1 0 0 
1 0 0 
1 0 0 
1 0 0 
1 0 0 
1 0 0 
1 0 0 
1 0 0 
1 0 0 
1 0 0 
1 0 0 
1 0 0 
1 0 0 
1 0 0 
1 0 0 
1 0 0 
1 0 0 
1 0 0 
1 0 0 
1 0 0 
1 0 0 
1 0 0 
1 0 0 
1 0 0 
1 0 0 
1 0 0 
1 0 0 
1 0 0 
1 0 0 
1 0 0 
1 0 0 
1 0 0 
1 0 0 
1 0 0 
1 0 0 
1 0 0 
1 0 0 
1 0 0 
1 0 0 
1 0 0 
1 0 0 
1 0 0 
1 0 0 
1 0 0 
1 0 0 
1 0 0 
1 0 0 
1 0 0 
1 0 0 
1 0 0 
1 0 0 
1 0 0 
1 0 0 
1 0 0 
1 0 0 
1 0 0 
1 0 0 
1 0 0 
1 0 0 
1 0 0 
1 0 0 
1 0 0 
1 0 0 
1 0 0 
1 0 0 
1 0 0 
1 0 0 
1 0 0 
1 0 0 
1 0 0 
1 0 0 
1 0 0 
1 0 0 
1 0 0 
1 0 0 
1 0 0 
1 0 0 
1 0 0 
1 0 0 
1 0 0 
1 0 0 
1 0 0 
1 0 0 
1 0 0 
1 0 0 
1 0 0 
1 0 0 
1 0 0 
1 0 0 
1 0 0 
1 0 0 
1 0 0 
1 0 0 
1 0 0 
1 0 0 
1 0 0 
1 0 0 
1 0 0 
1 0 0 
1 0 0 
1 0 0 
1 0 0 
1 0 0 
1 0 0 
1 0 0 
1 0 0 
1 0 0 
1 0 0 
1 0 0 
1 0 0 
1 0 0 
1 0 0 
1 0 0 
1 0 0 
1 0 0 
1 0 0 
1 0 0 
1 0 0 
1 0 0 
1 0 0 
1 0 0 
1 0 0 
1 0 0 
1 0 0 
1 0 0 
1 0 0 
1 0 0 
1 0 0 
1 0 0 
1 0 0 
1 0 0 
1 0 0 
1 0 0 
1 0 0 
1 0 0 
1 0 0 
1 0 0 
1 0 0 
1 0 0 
1 0 0 
1 0 0 
1 0 0 
1 0 0 
1 0 0 
1 0 0 
1 0 0 
1 0 0 
1 0 0 
1 0 0 
1 0 0 
1 0 0 
1 0 0 
1 0 0 
1 0 0 
1 0 0 
1 0 0 
1 0 0 
1 0 0 
1 0 0 
1 0 0 
1 0 0 
1 0 0 
1 0 0 
1 0 0 
1 0 0 
1 0 0 
1 0 0 
1 0 0 
1 0 0 
1 0 0 
1 0 0 
1 0 0 
1 0 0 
1 0 0 
1 0 0 
1 0 0 
1 0 0 
1 0 0 
1 0 0 
1 0 0 
1 0 0 
1 0 0 
1 0 0 
1 0 0 
1 0 0 
1 0 0 
1 0 0 
1 0 0 
1 0 0 
1 0 0 
1 0 0 
1 0 0 
1 0 0 
1 0 0 
1 0 0 
1 0 0 
1 0 0 
1 0 0 
1 0 0 
1 0 0 
1 0 0 
1 0 0 
1 0 0 
1 0 0 
1 0 0 
1 0 0 
1 0 0 
1 0 0 
1 0 0 
1 0 0 
1 0 0 
1 0 0 
1 0 0 
1 0 0 
1 0 0 
1 0 0 
1 0 0 
1 0 0 
1 0 0 
1 0 0 
1 0 0 
1 0 0 
1 0 0 
1 0 0 
1 0 0 
1 0 0 
1 0 0 
1 0 0 
1 0 0 
1 0 0 
1 0 0 
1 0 0 
1 0 0 
1 0 0 
1 0 0 
1 0 0 
1 0 0 
1 0 0 
1 0 0 
1 0 0 
1 0 0 
1 0 0 
1 0 0 
1 0 0 
1 0 0 
1 0 0 
1 0 0 
1 0 0 
1 0 0 
1 0 0 
1 0 0 
1 0 0 
1 0 0 
1 0 0 
1 0 0 
1 0 0 
1 0 0 
1 0 0 
1 0 0 
1 0 0 
1 0 0 
1 0 0 
1 0 0 
1 0 0 
1 0 0 
1 0 0 
1 0 0 
1 0 0 
1 0 0 
1 0 0 
1 0 0 
1 0 0 
1 0 0 
1 0 0 
1 0 0 
1 0 0 
1 0 0 
1 0 0 
1 0 0 
1 0 0 
1 0 0 
1 0 0 
1 0 0 
1 0 0 
1 0 0 
1 0 0 
1 0 0 
1 0 0 
1 0 0 
1 0 0 
1 0 0 
1 0 0 
1 0 0 
1 0 0 
1 0 0 
1 0 0 
1 0 0 
1 0 0 
1 0 0 
1 0 0 
1 0 0 
1 0 0 
1 0 0 
1 0 0 
1 0 0 
1 0 0 
1 0 0 
1 0 0 
1 0 0 
1 0 0 
1 0 0 
1 0 0 
1 0 0 
1 0 0 
1 0 0 
1 0 0 
1 0 0 
1 0 0 
1 0 0 
1 0 0 
1 0 0 
1 0 0 
1 0 0 
1 0 0 
1 0 0 
1 0 0 
1 0 0 
1 0 0 
1 0 0 
1 0 0 
1 0 0 
1 0 0 
1 0 0 
1 0 0 
1 0 0 
1 0 0 
1 0 0 
1 0 0 
1 0 0 
1 0 0 
1 0 0 
1 0 0 
1 0 0 
1 0 0 
1 0 0 
1 0 0 
1 0 0 
1 0 0 
1 0 0 
1 0 0 
1 0 0 
1 0 0 
1 0 0 
1 0 0 
1 0 0 
1 0 0 
1 0 0 
1 0 0 
1 0 0 
1 0 0 
1 0 0 
1 0 0 
1 0 0 
1 0 0 
1 0 0 
1 0 0 
1 0 0 
1 0 0 
1 0 0 
1 0 0 
1 0 0 
1 0 0 
1 0 0 
1 0 0 
1 0 0 
1 0 0 
1 0 0 
1 0 0 
1 0 0 
1 0 0 
1 0 0 
1 0 0 
1 0 0 
1 0 0 
1 0 0 
1 0 0 
1 0 0 
1 0 0 
1 0 0 
1 0 0 
1 0 0 
1 0 0 
1 0 0 
1 0 0 
1 0 0 
1 0 0 
1 0 0 
1 0 0 
1 0 0 
1 0 0 
1 0 0 
1 0 0 
1 0 0 
1 0 0 
1 0 0 
1 0 0 
1 0 0 
1 0 0 
1 0 0 
1 0 0 
1 0 0 
1 0 0 
1 0 0 
1 0 0 
1 0 0 
1 0 0 
1 0 0 
1 0 0 
1 0 0 
1 0 0 
1 0 0 
1 0 0 
1 0 0 
1 0 0 
1 0 0 
1 0 0 
1 0 0 
1 0 0 
1 0 0 
1 0 0 
1 0 0 
1 0 0 
1 0 0 
1 0 0 
1 0 0 
1 0 0 
1 0 0 
1 0 0 
1 0 0 
1 0 0 
1 0 0 
1 0 0 
1 0 0 
1 0 0 
1 0 0 
1 0 0 
1 0 0 
1 0 0 
1 0 0 
1 0 0 
1 0 0 
1 0 0 
1 0 0 
1 0 0 
1 0 0 
1 0 0 
1 0 0 
1 0 0 
1 0 0 
1 0 0 
1 0 0 
1 0 0 
1 0 0 
1 0 0 
1 0 0 
1 0 0 
1 0 0 
1 0 0 
1 0 0 
1 0 0 
1 0 0 
1 0 0 
1 0 0 
1 0 0 
1 0 0 
1 0 0 
1 0 0 
1 0 0 
1 0 0 
1 0 0 
1 0 0 
1 0 0 
1 0 0 
1 0 0 
1 0 0 
1 0 0 
1 0 0 
1 0 0 
1 0 0 
1 0 0 
1 0 0 
1 0 0 
1 0 0 
1 0 0 
1 0 0 
1 0 0 
1 0 0 
1 0 0 
1 0 0 
1 0 0 
1 0 0 
1 0 0 
1 0 0 
1 0 0 
1 0 0 
1 0 0 
1 0 0 
1 0 0 
1 0 0 
1 0 0 
1 0 0 
1 0 0 
1 0 0 
1 0 0 
1 0 0 
1 0 0 
1 0 0 
1 0 0 
1 0 0 
1 0 0 
1 0 0 
1 0 0 
1 0 0 
1 0 0 
1 0 0 
1 0 0 
1 0 0 
1 0 0 
1 0 0 
1 0 0 
1 0 0 
1 0 0 
1 0 0 
1 0 0 
1 0 0 
1 0 0 
1 0 0 
1 0 0 
1 0 0 
1 0 0 
1 0 0 
1 0 0 
1 0 0 
1 0 0 
1 0 0 
1 0 0 
1 0 0 
1 0 0 
1 0 0 
1 0 0 
1 0 0 
1 0 0 
1 0 0 
1 0 0 
1 0 0 
1 0 0 
1 0 0 
1 0 0 
1 0 0 
1 0 0 
1 0 0 
1 0 0 
1 0 0 
1 0 0 
1 0 0 
1 0 0 
1 0 0 
1 0 0 
1 0 0 
1 0 0 
1 0 0 
1 0 0 
1 0 0 
1 0 0 
1 0 0 
1 0 0 
1 0 0 
1 0 0 
1 0 0 
1 0 0 
1 0 0 
1 0 0 
1 0 0 
1 0 0 
1 0 0 
1 0 0 
1 0 0 
1 0 0 
1 0 0 
1 0 0 
1 0 0 
1 0 0 
1 0 0 
1 0 0 
1 0 0 
1 0 0 
1 0 0 
1 0 0 
1 0 0 
1 0 0 
1 0 0 
1 0 0 
1 0 0 
1 0 0 
1 0 0 
1 0 0 
1 0 0 
1 0 0 
1 0 0 
1 0 0 
1 0 0 
1 0 0 
1 0 0 
1 0 0 
1 0 0 
1 0 0 
1 0 0 
1 0 0 
1 0 0 
1 0 0 
1 0 0 
1 0 0 
1 0 0 
1 0 0 
1 0 0 
1 0 0 
1 0 0 
1 0 0 
1 0 0 
1 0 0 
1 0 0 
1 0 0 
1 0 0 
1 0 0 
1 0 0 
1 0 0 
1 0 0 
1 0 0 
1 0 0 
1 0 0 
1 0 0 
1 0 0 
1 0 0 
1 0 0 
1 0 0 
1 0 0 
1 0 0 
1 0 0 
1 0 0 
1 0 0 
1 0 0 
1 0 0 
1 0 0 
1 0 0 
1 0 0 
1 0 0 
1 0 0 
1 0 0 
1 0 0 
1 0 0 
1 0 0 
1 0 0 
1 0 0 
1 0 0 
1 0 0 
1 0 0 
1 0 0 
1 0 0 
1 0 0 
1 0 0 
1 0 0 
1 0 0 
1 0 0 
1 0 0 
1 0 0 
1 0 0 
1 0 0 
1 0 0 
1 0 0 
1 0 0 
1 0 0 
1 0 0 
1 0 0 
1 0 0 
1 0 0 
1 0 0 
1 0 0 
1 0 0 
1 0 0 
1 0 0 
1 0 0 
1 0 0 
1 0 0 
1 0 0 
1 0 0 
1 0 0 
1 0 0 
1 0 0 
1 0 0 
1 0 0 
1 0 0 
1 0 0 
1 0 0 
1 0 0 
1 0 0 
1 0 0 
1 0 0 
1 0 0 
1 0 0 
1 0 0 
1 0 0 
1 0 0 
1 0 0 
1 0 0 
1 0 0 
1 0 0 
1 0 0 
1 0 0 
1 0 0 
1 0 0 
1 0 0 
1 0 0 
1 0 0 
1 0 0 
1 0 0 
1 0 0 
1 0 0 
1 0 0 
1 0 0 
1 0 0 
1 0 0 
1 0 0 
1 0 0 
1 0 0 
1 0 0 
1 0 0 
1 0 0 
1 0 0 
1 0 0 
1 0 0 
1 0 0 
1 0 0 
1 0 0 
1 0 0 
1 0 0 
1 0 0 
1 0 0 
1 0 0 
1 0 0 
1 0 0 
1 0 0 
1 0 0 
1 0 0 
1 0 0 
1 0 0 
1 0 0 
1 0 0 
1 0 0 
1 0 0 
1 0 0 
1 0 0 
1 0 0 
1 0 0 
1 0 0 
1 0 0 
1 0 0 
1 0 0 
1 0 0 
1 0 0 
1 0 0 
1 0 0 
1 0 0 
1 0 0 
1 0 0 
1 0 0 
1 0 0 
1 0 0 
1 0 0 
1 0 0 
1 0 0 
1 0 0 
1 0 0 
1 0 0 
1 0 0 
1 0 0 
1 0 0 
1 0 0 
1 0 0 
1 0 0 
1 0 0 
1 0 0 
1 0 0 
1 0 0 
1 0 0 
1 0 0 
1 0 0 
1 0 0 
1 0 0 
1 0 0 
1 0 0 
1 0 0 
1 0 0 
1 0 0 
1 0 0 
1 0 0 
1 0 0 
1 0 0 
1 0 0 
1 0 0 
1 0 0 
1 0 0 
1 0 0 
1 0 0 
1 0 0 
1 0 0 
1 0 0 
1 0 0 
1 0 0 
1 0 0 
1 0 0 
1 0 0 
1 0 0 
1 0 0 
1 0 0 
1 0 0 
1 0 0 
1 0 0 
1 0 0 
1 0 0 
1 0 0 
1 0 0 
1 0 0 
1 0 0 
1 0 0 
1 0 0 
1 0 0 
1 0 0 
1 0 0 
1 0 0 
1 0 0 
1 0 0 
1 0 0 
1 0 0 
1 0 0 
1 0 0 
1 0 0 
1 0 0 
1 0 0 
1 0 0 
1 0 0 
1 0 0 
1 0 0 
1 0 0 
1 0 0 
1 0 0 
1 0 0 
1 0 0 
1 0 0 
1 0 0 
1 0 0 
1 0 0 
1 0 0 
1 0 0 
1 0 0 
1 0 0 
1 0 0 
1 0 0 
1 0 0 
1 0 0 
1 0 0 
1 0 0 
1 0 0 
1 0 0 
1 0 0 
1 0 0 
1 0 0 
1 0 0 
1 0 0 
1 0 0 
1 0 0 
1 0 0 
1 0 0 
1 0 0 
1 0 0 
1 0 0 
1 0 0 
1 0 0 
1 0 0 
1 0 0 
1 0 0 
1 0 0 
1 0 0 
1 0 0 
1 0 0 
1 0 0 
1 0 0 
1 0 0 
1 0 0 
1 0 0 
1 0 0 
1 0 0 
1 0 0 
1 0 0 
1 0 0 
1 0 0 
1 0 0 
1 0 0 
1 0 0 
1 0 0 
1 0 0 
1 0 0 
1 0 0 
1 0 0 
1 0 0 
1 0 0 
1 0 0 
1 0 0 
1 0 0 
1 0 0 
1 0 0 
1 0 0 
1 0 0 
1 0 0 
1 0 0 
1 0 0 
1 0 0 
1 0 0 
1 0 0 
1 0 0 
1 0 0 
1 0 0 
1 0 0 
1 0 0 
1 0 0 
1 0 0 
1 0 0 
1 0 0 
1 0 0 
1 0 0 
1 0 0 
1 0 0 
1 0 0 
1 0 0 
1 0 0 
1 0 0 
1 0 0 
1 0 0 
1 0 0 
1 0 0 
1 0 0 
1 0 0 
1 0 0 
1 0 0 
1 0 0 
1 0 0 
1 0 0 
1 0 0 
1 0 0 
1 0 0 
1 0 0 
1 0 0 
1 0 0 
1 0 0 
1 0 0 
1 0 0 
1 0 0 
1 0 0 
1 0 0 
1 0 0 
1 0 0 
1 0 0 
1 0 0 
1 0 0 
1 0 0 
1 0 0 
1 0 0 
1 0 0 
1 0 0 
1 0 0 
1 0 0 
1 0 0 
1 0 0 
1 0 0 
1 0 0 
1 0 0 
1 0 0 
1 0 0 
1 0 0 
1 0 0 
1 0 0 
1 0 0 
1 0 0 
1 0 0 
1 0 0 
1 0 0 
1 0 0 
1 0 0 
1 0 0 
1 0 0 
1 0 0 
1 0 0 
1 0 0 
1 0 0 
1 0 0 
1 0 0 
1 0 0 
1 0 0 
1 0 0 
1 0 0 
1 0 0 
1 0 0 
1 0 0 
1 0 0 
1 0 0 
1 0 0 
1 0 0 
1 0 0 
1 0 0 
1 0 0 
1 0 0 
1 0 0 
1 0 0 
1 0 0 
1 0 0 
1 0 0 
1 0 0 
1 0 0 
1 0 0 
1 0 0 
1 0 0 
1 0 0 
1 0 0 
1 0 0 
1 0 0 
1 0 0 
1 0 0 
1 0 0 
1 0 0 
1 0 0 
1 0 0 
1 0 0 
1 0 0 
1 0 0 
1 0 0 
1 0 0 
1 0 0 
1 0 0 
1 0 0 
1 0 0 
1 0 0 
1 0 0 
1 0 0 
1 0 0 
1 0 0 
1 0 0 
1 0 0 
1 0 0 
1 0 0 
1 0 0 
1 0 0 
1 0 0 
1 0 0 
1 0 0 
1 0 0 
1 0 0 
1 0 0 
1 0 0 
1 0 0 
1 0 0 
1 0 0 
1 0 0 
1 0 0 
1 0 0 
1 0 0 
1 0 0 
1 0 0 
1 0 0 
1 0 0 
1 0 0 
1 0 0 
1 0 0 
1 0 0 
1 0 0 
1 0 0 
1 0 0 
1 0 0 
1 0 0 
1 0 0 
1 0 0 
1 0 0 
1 0 0 
1 0 0 
1 0 0 
1 0 0 
1 0 0 
1 0 0 
1 0 0 
1 0 0 
1 0 0 
1 0 0 
1 0 0 
1 0 0 
1 0 0 
1 0 0 
1 0 0 
1 0 0 
1 0 0 
1 0 0 
1 0 0 
1 0 0 
1 0 0 
1 0 0 
1 0 0 
1 0 0 
1 0 0 
1 0 0 
1 0 0 
1 0 0 
1 0 0 
1 0 0 
1 0 0 
1 0 0 
1 0 0 
1 0 0 
1 0 0 
1 0 0 
1 0 0 
1 0 0 
1 0 0 
1 0 0 
1 0 0 
1 0 0 
1 0 0 
1 0 0 
1 0 0 
1 0 0 
1 0 0 
1 0 0 
1 0 0 
1 0 0 
1 0 0 
1 0 0 
1 0 0 
1 0 0 
1 0 0 
1 0 0 
1 0 0 
1 0 0 
1 0 0 
1 0 0 
1 0 0 
1 0 0 
1 0 0 
1 0 0 
1 0 0 
1 0 0 
1 0 0 
1 0 0 
1 0 0 
1 0 0 
1 0 0 
1 0 0 
1 0 0 
1 0 0 
1 0 0 
1 0 0 
1 0 0 
1 0 0 
1 0 0 
1 0 0 
1 0 0 
1 0 0 
1 0 0 
1 0 0 
1 0 0 
1 0 0 
1 0 0 
1 0 0 
1 0 0 
1 0 0 
1 0 0 
1 0 0 
1 0 0 
1 0 0 
1 0 0 
1 0 0 
1 0 0 
1 0 0 
1 0 0 
1 0 0 
1 0 0 
1 0 0 
1 0 0 
1 0 0 
1 0 0 
1 0 0 
1 0 0 
1 0 0 
1 0 0 
1 0 0 
1 0 0 
1 0 0 
1 0 0 
1 0 0 
1 0 0 
1 0 0 
1 0 0 
1 0 0 
1 0 0 
1 0 0 
1 0 0 
1 0 0 
1 0 0 
1 0 0 
1 0 0 
1 0 0 
1 0 0 
1 0 0 
1 0 0 
1 0 0 
1 0 0 
1 0 0 
1 0 0 
1 0 0 
1 0 0 
1 0 0 
1 0 0 
1 0 0 
1 0 0 
1 0 0 
1 0 0 
1 0 0 
1 0 0 
1 0 0 
1 0 0 
1 0 0 
1 0 0 
1 0 0 
1 0 0 
1 0 0 
1 0 0 
1 0 0 
1 0 0 
1 0 0 
1 0 0 
1 0 0 
1 0 0 
1 0 0 
1 0 0 
1 0 0 
1 0 0 
1 0 0 
1 0 0 
1 0 0 
1 0 0 
1 0 0 
1 0 0 
1 0 0 
1 0 0 
1 0 0 
1 0 0 
1 0 0 
1 0 0 
1 0 0 
1 0 0 
1 0 0 
1 0 0 
1 0 0 
1 0 0 
1 0 0 
1 0 0 
1 0 0 
1 0 0 
1 0 0 
1 0 0 
1 0 0 
1 0 0 
1 0 0 
1 0 0 
1 0 0 
1 0 0 
1 0 0 
1 0 0 
1 0 0 
1 0 0 
1 0 0 
1 0 0 
1 0 0 
1 0 0 
1 0 0 
