2 0 0 
2 0 0 
2 0 0 
2 0 0 
2 0 0 
2 0 0 
2 0 0 
2 0 0 
2 0 0 
2 0 0 
2 0 0 
2 0 0 
2 0 0 
2 0 0 
2 0 0 
2 0 0 
2 0 0 
2 0 0 
2 0 0 
2 0 0 
2 0 0 
2 0 0 
2 0 0 
2 0 0 
2 0 0 
2 0 0 
2 0 0 
2 0 0 
2 0 0 
2 0 0 
2 0 0 
2 0 0 
2 0 0 
2 0 0 
2 0 0 
2 0 0 
2 0 0 
2 0 0 
2 0 0 
2 0 0 
2 0 0 
2 0 0 
2 0 0 
2 0 0 
2 0 0 
2 0 0 
2 0 0 
2 0 0 
2 0 0 
2 0 0 
2 0 0 
2 0 0 
2 0 0 
2 0 0 
2 0 0 
2 0 0 
2 0 0 
2 0 0 
2 0 0 
2 0 0 
2 0 0 
2 0 0 
2 0 0 
2 0 0 
2 0 0 
2 0 0 
2 0 0 
2 0 0 
2 0 0 
2 0 0 
2 0 0 
2 0 0 
2 0 0 
2 0 0 
2 0 0 
2 0 0 
2 0 0 
2 0 0 
2 0 0 
2 0 0 
2 0 0 
2 0 0 
2 0 0 
2 0 0 
2 0 0 
2 0 0 
2 0 0 
2 0 0 
2 0 0 
2 0 0 
2 0 0 
2 0 0 
2 0 0 
2 0 0 
2 0 0 
2 0 0 
2 0 0 
2 0 0 
2 0 0 
2 0 0 
2 0 0 
2 0 0 
2 0 0 
2 0 0 
2 0 0 
2 0 0 
2 0 0 
2 0 0 
2 0 0 
2 0 0 
2 0 0 
2 0 0 
2 0 0 
2 0 0 
2 0 0 
2 0 0 
2 0 0 
2 0 0 
2 0 0 
2 0 0 
2 0 0 
2 0 0 
2 0 0 
2 0 0 
2 0 0 
2 0 0 
2 0 0 
2 0 0 
2 0 0 
2 0 0 
2 0 0 
2 0 0 
2 0 0 
2 0 0 
2 0 0 
2 0 0 
2 0 0 
2 0 0 
2 0 0 
2 0 0 
2 0 0 
2 0 0 
2 0 0 
2 0 0 
2 0 0 
2 0 0 
2 0 0 
2 0 0 
2 0 0 
2 0 0 
2 0 0 
2 0 0 
2 0 0 
2 0 0 
2 0 0 
2 0 0 
2 0 0 
2 0 0 
2 0 0 
2 0 0 
2 0 0 
2 0 0 
2 0 0 
2 0 0 
2 0 0 
2 0 0 
2 0 0 
2 0 0 
2 0 0 
2 0 0 
2 0 0 
2 0 0 
2 0 0 
2 0 0 
2 0 0 
2 0 0 
2 0 0 
2 0 0 
2 0 0 
2 0 0 
2 0 0 
2 0 0 
2 0 0 
2 0 0 
2 0 0 
2 0 0 
2 0 0 
2 0 0 
2 0 0 
2 0 0 
2 0 0 
2 0 0 
2 0 0 
2 0 0 
2 0 0 
2 0 0 
2 0 0 
2 0 0 
2 0 0 
2 0 0 
2 0 0 
2 0 0 
2 0 0 
2 0 0 
2 0 0 
2 0 0 
2 0 0 
2 0 0 
2 0 0 
2 0 0 
2 0 0 
2 0 0 
2 0 0 
2 0 0 
2 0 0 
2 0 0 
2 0 0 
2 0 0 
2 0 0 
2 0 0 
2 0 0 
2 0 0 
2 0 0 
2 0 0 
2 0 0 
2 0 0 
2 0 0 
2 0 0 
2 0 0 
2 0 0 
2 0 0 
2 0 0 
2 0 0 
2 0 0 
2 0 0 
2 0 0 
2 0 0 
2 0 0 
2 0 0 
2 0 0 
2 0 0 
2 0 0 
2 0 0 
2 0 0 
2 0 0 
2 0 0 
2 0 0 
2 0 0 
2 0 0 
2 0 0 
2 0 0 
2 0 0 
2 0 0 
2 0 0 
2 0 0 
2 0 0 
2 0 0 
2 0 0 
2 0 0 
2 0 0 
2 0 0 
2 0 0 
2 0 0 
2 0 0 
2 0 0 
2 0 0 
2 0 0 
2 0 0 
2 0 0 
2 0 0 
2 0 0 
2 0 0 
2 0 0 
2 0 0 
2 0 0 
2 0 0 
2 0 0 
2 0 0 
2 0 0 
2 0 0 
2 0 0 
2 0 0 
2 0 0 
2 0 0 
2 0 0 
2 0 0 
2 0 0 
2 0 0 
2 0 0 
2 0 0 
2 0 0 
2 0 0 
2 0 0 
2 0 0 
2 0 0 
2 0 0 
2 0 0 
2 0 0 
2 0 0 
2 0 0 
2 0 0 
2 0 0 
2 0 0 
2 0 0 
2 0 0 
2 0 0 
2 0 0 
2 0 0 
2 0 0 
2 0 0 
2 0 0 
2 0 0 
2 0 0 
2 0 0 
2 0 0 
2 0 0 
2 0 0 
2 0 0 
2 0 0 
2 0 0 
2 0 0 
2 0 0 
2 0 0 
2 0 0 
2 0 0 
2 0 0 
2 0 0 
2 0 0 
2 0 0 
2 0 0 
2 0 0 
2 0 0 
2 0 0 
2 0 0 
2 0 0 
2 0 0 
2 0 0 
2 0 0 
2 0 0 
2 0 0 
2 0 0 
2 0 0 
2 0 0 
2 0 0 
2 0 0 
2 0 0 
2 0 0 
2 0 0 
2 0 0 
2 0 0 
2 0 0 
2 0 0 
2 0 0 
2 0 0 
2 0 0 
2 0 0 
2 0 0 
2 0 0 
2 0 0 
2 0 0 
2 0 0 
2 0 0 
2 0 0 
2 0 0 
2 0 0 
2 0 0 
2 0 0 
2 0 0 
2 0 0 
2 0 0 
2 0 0 
2 0 0 
2 0 0 
2 0 0 
2 0 0 
2 0 0 
2 0 0 
2 0 0 
2 0 0 
2 0 0 
2 0 -2.6299e-48 
2 0 0 
2 0 0 
2 0 0 
2 0 0 
2 0 0 
2 0 0 
2 0 0 
2 0 0 
2 0 0 
2 0 0 
2 0 0 
2 0 0 
2 0 0 
2 0 0 
2 0 0 
2 0 0 
2 0 0 
2 0 0 
2 0 2.6299e-48 
2 0 -7.19524e-45 
2 0 -8.57981e-65 
2 0 0 
2 0 0 
2 0 0 
2 0 0 
2 0 0 
2 0 0 
2 0 0 
2 0 0 
2 0 0 
2 0 0 
2 0 0 
2 0 0 
2 0 0 
2 0 0 
2 0 0 
2 0 0 
2 0 2.14495e-65 
2 0 7.19524e-45 
2 0 -8.51e-40 
2 0 -6.00021e-61 
2 0 0 
2 0 0 
2 0 0 
2 0 0 
2 0 0 
2 0 0 
2 0 0 
2 0 0 
2 0 0 
2 0 0 
2 0 0 
2 0 0 
2 0 0 
2 0 0 
2 0 0 
2 0 0 
2 0 2.393e-61 
2 0 8.51e-40 
2 0 -6.86496e-37 
2 0 -2.02226e-57 
2 0 8.14281e-63 
2 0 0 
2 0 0 
2 0 0 
2 0 0 
2 0 0 
2 0 0 
2 0 0 
2 0 0 
2 0 0 
2 0 0 
2 0 0 
2 0 0 
2 0 0 
2 0 0 
2 0 0 
2 0 8.41574e-58 
2 0 6.86496e-37 
2 0 1.05746e-34 
2 0 -3.62112e-54 
2 0 3.86375e-59 
2 0 0 
2 0 0 
2 0 0 
2 0 0 
2 0 0 
2 0 0 
2 0 0 
2 0 0 
2 0 0 
2 0 0 
2 0 0 
2 0 0 
2 0 0 
2 0 0 
2 0 0 
2 0 1.43905e-54 
2 0 -1.05746e-34 
2 0 2.17405e-31 
2 0 -3.94459e-51 
2 0 8.36582e-56 
2 0 6.85569e-59 
2 0 0 
2 0 0 
2 0 0 
2 0 0 
2 0 0 
2 0 0 
2 0 0 
2 0 0 
2 0 0 
2 0 0 
2 0 0 
2 0 0 
2 0 0 
2 0 -5.77691e-64 
2 0 1.64971e-51 
2 0 -2.17405e-31 
2 0 1.22687e-28 
2 0 -2.86155e-48 
2 0 1.10064e-52 
2 0 2.60569e-55 
2 0 0 
2 0 0 
2 0 0 
2 0 0 
2 0 0 
2 0 0 
2 0 0 
2 0 0 
2 0 0 
2 0 0 
2 0 0 
2 0 0 
2 0 0 
2 0 -2.47917e-55 
2 0 1.39028e-48 
2 0 -1.22687e-28 
2 0 2.63776e-26 
2 0 -1.46276e-45 
2 0 9.86545e-50 
2 0 4.57509e-52 
2 0 0 
2 0 0 
2 0 0 
2 0 0 
2 0 0 
2 0 0 
2 0 0 
2 0 0 
2 0 0 
2 0 0 
2 0 0 
2 0 0 
2 0 0 
2 0 -8.54611e-52 
2 0 8.56331e-46 
2 0 -2.63776e-26 
2 0 2.34122e-24 
2 0 -5.47153e-43 
2 0 1.13281e-45 
2 0 4.91705e-49 
2 0 0 
2 0 0 
2 0 0 
2 0 0 
2 0 0 
2 0 0 
2 0 0 
2 0 0 
2 0 0 
2 0 0 
2 0 0 
2 0 0 
2 0 -5.49089e-52 
2 0 -4.64683e-47 
2 0 3.80657e-43 
2 0 -2.34262e-24 
2 1.86132e-17 7.78887e-21 
2 1.86132e-17 -1.54612e-40 
2 1.86132e-17 -7.0002e-28 
2 1.86132e-17 3.61254e-46 
2 1.86132e-17 0 
2 1.86132e-17 0 
2 1.86132e-17 0 
2 1.86132e-17 0 
2 1.86132e-17 0 
2 1.86132e-17 0 
2 1.86132e-17 0 
2 1.86132e-17 0 
2 1.86132e-17 0 
2 1.86132e-17 0 
2 1.86132e-17 0 
2 1.86132e-17 0 
2 1.86132e-17 -2.37635e-48 
2 1.86132e-17 7.0002e-28 
2 1.86132e-17 1.23659e-40 
2 1.86132e-17 -7.79115e-21 
2 2.31763e-15 2.54552e-18 
2 2.31763e-15 -3.46205e-38 
2 2.31763e-15 -9.22342e-25 
2 2.31763e-15 1.91866e-43 
2 2.31763e-15 0 
2 2.31763e-15 0 
2 2.31763e-15 0 
2 2.31763e-15 0 
2 2.31763e-15 0 
2 2.31763e-15 0 
2 2.31763e-15 0 
2 2.31763e-15 0 
2 2.31763e-15 0 
2 2.31763e-15 0 
2 2.31763e-15 0 
2 2.31763e-15 0 
2 2.31763e-15 -7.39544e-45 
2 2.31763e-15 9.22342e-25 
2 2.31763e-15 3.08927e-38 
2 2.31763e-15 -2.54628e-18 
2 1.21408e-13 8.26632e-18 
2 1.21399e-13 -4.88567e-36 
2 1.21399e-13 -4.5802e-22 
2 1.21399e-13 7.59501e-41 
2 1.21399e-13 2.59382e-46 
2 1.21399e-13 0 
2 1.21399e-13 0 
2 1.21399e-13 0 
2 1.21399e-13 0 
2 1.21399e-13 0 
2 1.21399e-13 0 
2 1.21399e-13 0 
2 1.21399e-13 0 
2 1.21399e-13 0 
2 1.21399e-13 0 
2 1.21399e-13 -1.59395e-45 
2 1.21399e-13 -1.21661e-41 
2 1.21399e-13 4.5802e-22 
2 1.21399e-13 1.69438e-36 
2 1.21408e-13 9.96446e-19 
2 5.39874e-12 8.35164e-19 
2 5.39875e-12 -6.60476e-22 
2 5.39875e-12 -1.0238e-19 
2 5.39875e-12 2.27798e-38 
2 5.39875e-12 7.05265e-43 
2 5.39875e-12 0 
2 5.39875e-12 0 
2 5.39875e-12 0 
2 5.39875e-12 0 
2 5.39875e-12 0 
2 5.39875e-12 0 
2 5.39875e-12 0 
2 5.39875e-12 0 
2 5.39875e-12 0 
2 5.39875e-12 0 
2 5.39875e-12 -5.40417e-42 
2 5.39875e-12 -1.14567e-38 
2 5.39875e-12 1.0238e-19 
2 5.39875e-12 -1.97983e-34 
2 5.39874e-12 2.85389e-19 
2 1.836e-10 4.7988e-17 
2 1.836e-10 -4.42677e-19 
2 1.836e-10 -9.02101e-18 
2 1.836e-10 5.23108e-36 
2 1.836e-10 8.57469e-40 
2 1.836e-10 0 
2 1.836e-10 0 
2 1.836e-10 0 
2 1.836e-10 0 
2 1.836e-10 0 
2 1.836e-10 0 
2 1.836e-10 0 
2 1.836e-10 0 
2 1.836e-10 0 
2 1.836e-10 0 
2 1.836e-10 -7.8864e-39 
2 1.836e-10 -6.7566e-36 
2 1.836e-10 9.02101e-18 
2 1.836e-10 -3.1297e-32 
2 1.836e-10 1.30793e-17 
2 4.78183e-09 4.47855e-16 
2 4.78183e-09 -7.50649e-17 
2 4.78183e-09 -8.73275e-17 
2 4.78183e-09 9.40733e-34 
2 4.78183e-09 6.22722e-37 
2 4.78183e-09 5.39085e-49 
2 4.78183e-09 0 
2 4.78183e-09 0 
2 4.78183e-09 0 
2 4.78183e-09 0 
2 4.78183e-09 0 
2 4.78183e-09 0 
2 4.78183e-09 0 
2 4.78183e-09 0 
2 4.78183e-09 0 
2 4.78183e-09 -6.57492e-36 
2 4.78183e-09 -2.62889e-33 
2 4.78183e-09 8.73275e-17 
2 4.78183e-09 -3.15625e-30 
2 4.78183e-09 -3.58697e-16 
2 9.60042e-08 -4.07443e-17 
2 9.60042e-08 -1.84928e-16 
2 9.60042e-08 -1.62954e-16 
2 9.60042e-08 1.45041e-31 
2 9.60042e-08 3.08961e-34 
2 9.60042e-08 1.58097e-45 
2 9.60042e-08 0 
2 9.60042e-08 0 
2 9.60042e-08 0 
2 9.60042e-08 0 
2 9.60042e-08 0 
2 9.60042e-08 0 
2 9.60042e-08 0 
2 9.60042e-08 0 
2 9.60042e-08 0 
2 9.60042e-08 -3.47996e-33 
2 9.60042e-08 -6.91353e-31 
2 9.60042e-08 1.62954e-16 
2 9.60042e-08 -2.2434e-28 
2 9.60042e-08 -5.64271e-17 
2 1.50177e-06 -8.00398e-17 
2 1.50177e-06 -6.77648e-17 
2 1.50177e-06 -8.73275e-17 
2 1.50177e-06 2.37451e-29 
2 1.50177e-06 1.15143e-31 
2 1.50177e-06 2.08773e-42 
2 1.50177e-06 0 
2 1.50177e-06 0 
2 1.50177e-06 0 
2 1.50177e-06 0 
2 1.50177e-06 0 
2 1.50177e-06 0 
2 1.50177e-06 0 
2 1.50177e-06 0 
2 1.50177e-06 0 
2 1.50177e-06 -1.22228e-30 
2 1.50177e-06 -1.23598e-28 
2 1.50177e-06 8.73275e-17 
2 1.50177e-06 -1.11373e-26 
2 1.50177e-06 -9.59605e-18 
2 1.85051e-05 -3.73274e-16 
2 1.85051e-05 -3.51916e-16 
2 1.85051e-05 -9.02102e-18 
2 1.85051e-05 4.4786e-27 
2 1.85051e-05 3.4201e-29 
2 1.85051e-05 1.20615e-38 
2 1.85051e-05 0 
2 1.85051e-05 0 
2 1.85051e-05 0 
2 1.85051e-05 0 
2 1.85051e-05 0 
2 1.85051e-05 0 
2 1.85051e-05 0 
2 1.85051e-05 0 
2 1.85051e-05 0 
2 1.85051e-05 -2.87849e-28 
2 1.85051e-05 -1.49744e-26 
2 1.85051e-05 9.02102e-18 
2 1.85051e-05 -3.92954e-25 
2 1.85051e-05 2.16299e-17 
1.99996 0.000181175 -9.81291e-18 
1.99996 0.000181175 -2.00848e-18 
1.99996 0.000181175 -1.02441e-19 
1.99996 0.000181175 7.44213e-25 
1.99996 0.000181175 8.03368e-27 
1.99996 0.000181175 2.35122e-35 
1.99996 0.000181175 0 
1.99996 0.000181175 0 
1.99996 0.000181175 0 
1.99996 0.000181175 0 
1.99996 0.000181175 0 
1.99996 0.000181175 0 
1.99996 0.000181175 0 
1.99996 0.000181175 0 
1.99996 0.000181175 0 
1.99996 0.000181175 -4.4648e-26 
1.99996 0.000181175 -1.23649e-24 
1.99996 0.000181175 1.02629e-19 
1.99996 0.000181175 -1.1498e-23 
1.99996 0.000181175 1.0662e-17 
1.99968 0.00141632 -4.01364e-18 
1.99968 0.00141632 1.13656e-21 
1.99968 0.00141632 -3.86756e-22 
1.99968 0.00141632 8.23323e-23 
1.99968 0.00141632 1.37957e-24 
1.99968 0.00141632 3.19991e-28 
1.99968 0.00141632 0 
1.99968 0.00141632 0 
1.99968 0.00141632 0 
1.99968 0.00141632 0 
1.99968 0.00141632 0 
1.99968 0.00141632 0 
1.99968 0.00141632 0 
1.99968 0.00141632 0 
1.99968 0.00141632 -3.19964e-28 
1.99968 0.00141632 -4.33156e-24 
1.99968 0.00141632 -7.2155e-23 
1.99968 0.00141632 1.67574e-22 
1.99968 0.00141632 -4.28249e-22 
1.99968 0.00141632 4.01585e-18 
1.998 0.00884305 -6.56477e-18 
1.998 0.00884305 9.27193e-21 
1.998 0.00884305 3.17192e-21 
1.998 0.00884305 5.44626e-21 
1.998 0.00884305 1.5277e-22 
1.998 0.00884305 1.38155e-24 
1.998 0.00884305 5.81268e-39 
1.998 0.00884305 0 
1.998 0.00884305 0 
1.998 0.00884305 0 
1.998 0.00884305 0 
1.998 0.00884305 0 
1.998 0.00884305 0 
1.998 0.00884305 0 
1.998 0.00884305 -1.38153e-24 
1.998 0.00884305 -2.37074e-22 
1.998 0.00884305 -2.97973e-21 
1.998 0.00884305 -1.03759e-20 
1.998 0.00884305 -1.39708e-20 
1.998 0.00884305 6.15117e-18 
1.99006 0.0438151 -8.87254e-17 
1.99006 0.0438151 -9.56866e-20 
1.99006 0.0438151 2.4413e-20 
1.99006 0.0438151 1.56994e-19 
1.99006 0.0438151 9.00878e-21 
1.99006 0.0438151 4.52613e-21 
1.99006 0.0438151 4.69068e-34 
1.99006 0.0438151 0 
1.99006 0.0438151 0 
1.99006 0.0438151 0 
1.99006 0.0438151 0 
1.99006 0.0438151 0 
1.99006 0.0438151 0 
1.99006 0.0438151 0 
1.99006 0.0438151 -4.52612e-21 
1.99006 0.0438151 -6.29161e-21 
1.99006 0.0438151 -7.05143e-20 
1.99006 0.0438151 -3.55089e-19 
1.99006 0.0438151 2.6501e-19 
1.99006 0.0438151 9.16556e-17 
1.96091 0.170252 -1.23952e-16 
1.96091 0.170252 -3.57584e-18 
1.96091 0.170252 -8.45987e-19 
1.96091 0.170252 -2.65261e-18 
1.96091 0.170252 1.9096e-19 
1.96091 0.170252 3.85988e-18 
1.96091 0.170252 -2.09441e-28 
1.96091 0.170252 0 
1.96091 0.170252 0 
1.96091 0.170252 0 
1.96091 0.170252 0 
1.96091 0.170252 0 
1.96091 0.170252 0 
1.96091 0.170252 0 
1.96091 0.170252 -3.85988e-18 
1.96091 0.170252 -1.28792e-19 
1.96091 0.170252 -1.84369e-18 
1.96091 0.170252 -1.93691e-19 
1.96091 0.170252 4.89369e-18 
1.96091 0.170252 1.52404e-16 
1.87763 0.514298 -1.89698e-16 
1.87763 0.514298 -1.13766e-16 
1.87763 0.514298 -2.07196e-17 
1.87763 0.514298 -3.51936e-16 
1.87763 0.514298 3.40847e-18 
1.87763 0.514298 4.28528e-16 
1.87763 0.514298 -2.75879e-25 
1.87763 0.514298 0 
1.87763 0.514298 0 
1.87763 0.514298 0 
1.87763 0.514298 0 
1.87763 0.514298 0 
1.87763 0.514298 0 
1.87763 0.514298 0 
1.87763 0.514298 -4.28524e-16 
1.87763 0.514298 -5.02428e-18 
1.87763 0.514298 -4.01569e-18 
1.87763 0.514298 9.58304e-17 
1.87763 0.514298 4.4511e-17 
1.87763 0.514298 6.19747e-16 
1.73433 1.06451 1.3675e-16 
1.73433 1.06451 -2.14752e-16 
1.73433 1.06451 -4.09702e-17 
1.73433 1.06451 -1.97722e-16 
1.73433 1.06451 1.78627e-16 
1.73433 1.06451 2.32387e-16 
1.73433 1.06451 -1.42592e-22 
1.73433 1.06451 -2.5165e-21 
1.73433 1.06451 0 
1.73433 1.06451 0 
1.73433 1.06451 0 
1.73433 1.06451 0 
1.73433 1.06451 2.5165e-21 
1.73433 1.06451 0 
1.73433 1.06451 -2.31838e-16 
1.73433 1.06451 -3.60967e-17 
1.73433 1.06451 4.99472e-17 
1.73433 1.06451 3.11753e-16 
1.73433 1.06451 2.46825e-16 
1.73433 1.06451 2.73788e-16 
1.61988 1.3902 1.12977e-16 
1.61988 1.3902 -3.15775e-16 
1.61988 1.3902 1.51498e-16 
1.61988 1.3902 -9.43237e-17 
1.61988 1.3902 -1.38348e-16 
1.61988 1.3902 1.65915e-16 
1.61988 1.3902 4.61852e-18 
1.61988 1.3902 -1.84484e-18 
1.61988 1.3902 0 
1.61988 1.3902 0 
1.61988 1.3902 0 
1.61988 1.3902 0 
1.61988 1.3902 1.84484e-18 
1.61988 1.3902 5.74993e-25 
1.61988 1.3902 -1.66947e-16 
1.61988 1.3902 -6.17177e-17 
1.61988 1.3902 1.50815e-16 
1.61988 1.3902 2.97228e-16 
1.61988 1.3902 2.18687e-16 
1.61988 1.3902 4.98557e-16 
1.55808 1.70257 -6.5895e-16 
1.55808 1.70257 2.20463e-17 
1.55808 1.70257 2.14857e-16 
1.55808 1.70257 -5.32392e-17 
1.55808 1.70257 -8.73816e-17 
1.55808 1.70257 4.86589e-17 
1.55808 1.70257 -8.18856e-18 
1.55808 1.70257 -1.77826e-16 
1.55808 1.70257 -4.6533e-18 
1.55808 1.70257 0 
1.55808 1.70257 0 
1.55808 1.70257 4.6533e-18 
1.55808 1.70257 1.73171e-16 
1.55808 1.70257 6.43259e-22 
1.55808 1.70257 -2.2155e-16 
1.55808 1.70257 1.33657e-16 
1.55808 1.70257 2.84982e-16 
1.55808 1.70257 7.19773e-17 
1.55808 1.70257 -3.53236e-16 
1.55808 1.70257 -8.17183e-17 
1.49522 1.80513 -3.31834e-16 
1.49522 1.80513 1.0674e-18 
1.49522 1.80513 1.84151e-16 
1.49522 1.80513 1.4761e-16 
1.49522 1.80513 1.82854e-16 
1.49522 1.80513 -1.32099e-17 
1.49522 1.80513 -6.44058e-17 
1.49522 1.80513 -7.51619e-18 
1.49522 1.80513 0 
1.49522 1.80513 0 
1.49522 1.80513 0 
1.49522 1.80513 0 
1.49522 1.80513 7.51323e-18 
1.49522 1.80513 2.46771e-19 
1.49522 1.80513 -1.60131e-17 
1.49522 1.80513 -5.52217e-17 
1.49522 1.80513 -2.66255e-17 
1.49522 1.80513 -2.00436e-16 
1.49522 1.80513 -3.50688e-16 
1.49522 1.80513 -6.79966e-16 
1.45633 1.80516 -1.0052e-17 
1.45633 1.80516 -3.10161e-17 
1.45633 1.80516 -8.76746e-17 
1.45633 1.80516 3.08147e-16 
1.45633 1.80516 3.27731e-16 
1.45633 1.80516 -4.39474e-17 
1.45633 1.80516 -1.72901e-16 
1.45633 1.80516 1.63067e-18 
1.45633 1.80516 -4.6533e-18 
1.45633 1.80516 0 
1.45633 1.80516 0 
1.45633 1.80516 0 
1.45633 1.80516 4.65925e-18 
1.45633 1.80516 3.7109e-17 
1.45633 1.80516 5.56673e-17 
1.45633 1.80516 -1.78388e-16 
1.45633 1.80516 -1.61347e-16 
1.45633 1.80516 -3.5971e-16 
1.45633 1.80516 -5.51362e-16 
1.45633 1.80516 -1.7004e-16 
1.44969 1.88049 -1.53166e-16 
1.44969 1.88049 6.41611e-18 
1.44969 1.88049 1.06143e-16 
1.44969 1.88049 1.02813e-16 
1.44969 1.88049 2.80231e-16 
1.44969 1.88049 -1.95819e-16 
1.44969 1.88049 -8.99751e-17 
1.44969 1.88049 2.05452e-16 
1.44969 1.88049 4.6533e-18 
1.44969 1.88049 0 
1.44969 1.88049 0 
1.44969 1.88049 0 
1.44969 1.88049 -4.6533e-18 
1.44969 1.88049 9.02478e-17 
1.44969 1.88049 -1.79484e-16 
1.44969 1.88049 -3.12238e-16 
1.44969 1.88049 -2.91349e-16 
1.44969 1.88049 -4.4167e-16 
1.44969 1.88049 -3.80787e-16 
1.44969 1.88049 -3.09366e-18 
1.4585 1.96048 -8.81494e-17 
1.4585 1.96048 -1.6316e-16 
1.4585 1.96048 6.35103e-17 
1.4585 1.96048 -9.26206e-18 
1.4585 1.96048 -5.22715e-18 
1.4585 1.96048 4.00756e-17 
1.4585 1.96048 1.05477e-16 
1.4585 1.96048 9.1454e-17 
1.4585 1.96048 -2.25404e-21 
1.4585 1.96048 -2.25404e-21 
1.4585 1.96048 0 
1.4585 1.96048 0 
1.4585 1.96048 -8.57923e-19 
1.4585 1.96048 2.28329e-16 
1.4585 1.96048 2.41607e-16 
1.4585 1.96048 -5.22211e-16 
1.4585 1.96048 -4.2762e-16 
1.4585 1.96048 3.81865e-17 
1.4585 1.96048 -1.1818e-16 
1.4585 1.96048 -1.37726e-16 
1.46055 1.95606 -5.55665e-17 
1.46055 1.95606 -9.74419e-17 
1.46055 1.95606 -8.58557e-17 
1.46055 1.95606 -6.21981e-17 
1.46055 1.95606 2.17855e-16 
1.46055 1.95606 1.72766e-16 
1.46055 1.95606 1.97138e-16 
1.46055 1.95606 2.02455e-16 
1.46055 1.95606 -1.77155e-18 
1.46055 1.95606 -1.77155e-18 
1.46055 1.95606 0 
1.46055 1.95606 0 
1.46055 1.95606 -1.75314e-16 
1.46055 1.95606 -1.7066e-16 
1.46055 1.95606 2.8688e-17 
1.46055 1.95606 -8.69504e-17 
1.46055 1.95606 -7.81656e-17 
1.46055 1.95606 3.37386e-16 
1.46055 1.95606 7.7621e-17 
1.46055 1.95606 -4.95926e-17 
1.45004 1.88147 -9.04351e-17 
1.45004 1.88147 8.21989e-17 
1.45004 1.88147 1.14101e-16 
1.45004 1.88147 -1.49052e-17 
1.45004 1.88147 1.60202e-16 
1.45004 1.88147 3.26664e-16 
1.45004 1.88147 -7.49603e-17 
1.45004 1.88147 -8.00003e-17 
1.45004 1.88147 -1.77813e-16 
1.45004 1.88147 -1.7316e-16 
1.45004 1.88147 0 
1.45004 1.88147 0 
1.45004 1.88147 -1.46372e-18 
1.45004 1.88147 -2.99104e-18 
1.45004 1.88147 -2.04762e-16 
1.45004 1.88147 2.14707e-17 
1.45004 1.88147 2.62072e-16 
1.45004 1.88147 2.57948e-16 
1.45004 1.88147 1.00008e-16 
1.45004 1.88147 3.0616e-17 
1.44185 1.83345 -1.25721e-16 
1.44185 1.83345 1.36975e-16 
1.44185 1.83345 4.6244e-17 
1.44185 1.83345 -5.24551e-17 
1.44185 1.83345 1.69608e-16 
1.44185 1.83345 2.03823e-16 
1.44185 1.83345 -7.44013e-17 
1.44185 1.83345 -5.80864e-17 
1.44185 1.83345 -2.94461e-18 
1.44185 1.83345 -2.94461e-18 
1.44185 1.83345 0 
1.44185 1.83345 0 
1.44185 1.83345 -4.6533e-18 
1.44185 1.83345 -6.34046e-21 
1.44185 1.83345 -1.75703e-16 
1.44185 1.83345 -2.59389e-16 
1.44185 1.83345 -4.17458e-17 
1.44185 1.83345 1.98607e-16 
1.44185 1.83345 1.61648e-16 
1.44185 1.83345 8.48047e-17 
1.44283 1.84554 -8.05859e-17 
1.44283 1.84554 1.00999e-16 
1.44283 1.84554 1.25381e-16 
1.44283 1.84554 -4.59544e-17 
1.44283 1.84554 -1.38279e-17 
1.44283 1.84554 6.26247e-17 
1.44283 1.84554 2.69868e-17 
1.44283 1.84554 -1.21681e-17 
1.44283 1.84554 -6.22241e-21 
1.44283 1.84554 -6.22241e-21 
1.44283 1.84554 0 
1.44283 1.84554 0 
1.44283 1.84554 0 
1.44283 1.84554 0 
1.44283 1.84554 -1.05124e-16 
1.44283 1.84554 -5.00049e-17 
1.44283 1.84554 -3.25136e-17 
1.44283 1.84554 -8.40233e-17 
1.44283 1.84554 -9.52786e-17 
1.44283 1.84554 9.24994e-17 
1.46004 1.93744 -2.11063e-16 
1.46004 1.93744 6.4327e-17 
1.46004 1.93744 8.40158e-17 
1.46004 1.93744 1.05941e-16 
1.46004 1.93744 -7.07824e-17 
1.46004 1.93744 1.41132e-16 
1.46004 1.93744 2.84186e-16 
1.46004 1.93744 4.47655e-18 
1.46004 1.93744 0 
1.46004 1.93744 0 
1.46004 1.93744 0 
1.46004 1.93744 0 
1.46004 1.93744 0 
1.46004 1.93744 0 
1.46004 1.93744 4.5137e-19 
1.46004 1.93744 -2.56942e-16 
1.46004 1.93744 -3.57986e-16 
1.46004 1.93744 -1.56538e-16 
1.46004 1.93744 -1.11832e-16 
1.46004 1.93744 2.09875e-17 
1.46429 1.96321 -9.28584e-17 
1.46429 1.96321 -1.04511e-16 
1.46429 1.96321 1.24079e-16 
1.46429 1.96321 7.98861e-17 
1.46429 1.96321 -1.33062e-16 
1.46429 1.96321 5.53253e-17 
1.46429 1.96321 2.37793e-16 
1.46429 1.96321 -1.05289e-21 
1.46429 1.96321 0 
1.46429 1.96321 0 
1.46429 1.96321 0 
1.46429 1.96321 0 
1.46429 1.96321 0 
1.46429 1.96321 0 
1.46429 1.96321 1.39452e-16 
1.46429 1.96321 2.05286e-17 
1.46429 1.96321 -3.15388e-16 
1.46429 1.96321 -2.57691e-16 
1.46429 1.96321 -1.94674e-16 
1.46429 1.96321 4.41446e-17 
1.43691 1.80799 5.03122e-16 
1.43691 1.80799 9.24382e-17 
1.43691 1.80799 7.54954e-17 
1.43691 1.80799 -1.63875e-16 
1.43691 1.80799 -1.30269e-16 
1.43691 1.80799 4.92431e-17 
1.43691 1.80799 2.21106e-18 
1.43691 1.80799 -4.65331e-18 
1.43691 1.80799 0 
1.43691 1.80799 0 
1.43691 1.80799 0 
1.43691 1.80799 0 
1.43691 1.80799 0 
1.43691 1.80799 0 
1.43691 1.80799 1.3819e-16 
1.43691 1.80799 5.05366e-17 
1.43691 1.80799 -1.5573e-17 
1.43691 1.80799 1.01903e-16 
1.43691 1.80799 -3.39541e-16 
1.43691 1.80799 -6.68589e-16 
1.21573 0.819021 7.67499e-16 
1.21573 0.819021 2.87572e-16 
1.21573 0.819021 1.71851e-16 
1.21573 0.819021 -8.78244e-17 
1.21573 0.819021 -1.5133e-16 
1.21573 0.819021 -2.40102e-16 
1.21573 0.819021 3.59828e-21 
1.21573 0.819021 -3.10932e-27 
1.21573 0.819021 0 
1.21573 0.819021 0 
1.21573 0.819021 0 
1.21573 0.819021 0 
1.21573 0.819021 0 
1.21573 0.819021 0 
1.21573 0.819021 2.18808e-16 
1.21573 0.819021 1.86351e-16 
1.21573 0.819021 1.80327e-17 
1.21573 0.819021 -1.27493e-16 
1.21573 0.819021 -2.07146e-16 
1.21573 0.819021 1.75353e-16 
1.02662 0.0864551 -1.63593e-16 
1.02662 0.0864551 9.21856e-17 
1.02662 0.0864551 -7.89391e-19 
1.02662 0.0864551 -2.14349e-18 
1.02662 0.0864551 -4.62945e-18 
1.02662 0.0864551 -5.49421e-18 
1.02662 0.0864551 1.04588e-23 
1.02662 0.0864551 0 
1.02662 0.0864551 0 
1.02662 0.0864551 0 
1.02662 0.0864551 0 
1.02662 0.0864551 0 
1.02662 0.0864551 0 
1.02662 0.0864551 0 
1.02662 0.0864551 4.79301e-18 
1.02662 0.0864551 4.37236e-18 
1.02662 0.0864551 1.13561e-18 
1.02662 0.0864551 4.37103e-19 
1.02662 0.0864551 -5.85294e-17 
1.02662 0.0864551 -1.61963e-16 
1.00261 0.00818965 -4.97786e-18 
1.00261 0.00818965 2.15856e-18 
1.00261 0.00818965 -1.19388e-19 
1.00261 0.00818965 -8.04123e-20 
1.00261 0.00818965 -4.91318e-20 
1.00261 0.00818965 -3.22179e-20 
1.00261 0.00818965 2.49515e-26 
1.00261 0.00818965 0 
1.00261 0.00818965 0 
1.00261 0.00818965 0 
1.00261 0.00818965 0 
1.00261 0.00818965 0 
1.00261 0.00818965 0 
1.00261 0.00818965 0 
1.00261 0.00818965 2.44264e-20 
1.00261 0.00818965 4.22949e-20 
1.00261 0.00818965 4.94476e-20 
1.00261 0.00818965 2.80378e-19 
1.00261 0.00818965 -2.6119e-18 
1.00261 0.00818965 -7.92536e-18 
1.00024 0.000736554 -2.09088e-18 
1.00024 0.000736554 -6.41674e-20 
1.00024 0.000736554 -2.80299e-21 
1.00024 0.000736554 -2.71146e-21 
1.00024 0.000736554 -9.72323e-22 
1.00024 0.000736554 -1.28876e-22 
1.00024 0.000736554 4.38257e-29 
1.00024 0.000736554 0 
1.00024 0.000736554 0 
1.00024 0.000736554 0 
1.00024 0.000736554 0 
1.00024 0.000736554 0 
1.00024 0.000736554 0 
1.00024 0.000736554 0 
1.00024 0.000736554 6.10542e-23 
1.00024 0.000736554 4.73329e-22 
1.00024 0.000736554 1.82464e-21 
1.00024 0.000736554 7.96393e-21 
1.00024 0.000736554 -1.6536e-20 
1.00024 0.000736554 -1.16551e-19 
1.00002 6.1849e-05 -1.83468e-20 
1.00002 6.1849e-05 -2.28186e-21 
1.00002 6.1849e-05 -7.82409e-23 
1.00002 6.1849e-05 -6.57364e-23 
1.00002 6.1849e-05 -1.73004e-23 
1.00002 6.1849e-05 -4.24798e-25 
1.00002 6.1849e-05 4.92992e-32 
1.00002 6.1849e-05 0 
1.00002 6.1849e-05 0 
1.00002 6.1849e-05 0 
1.00002 6.1849e-05 0 
1.00002 6.1849e-05 0 
1.00002 6.1849e-05 0 
1.00002 6.1849e-05 0 
1.00002 6.1849e-05 6.81886e-26 
1.00002 6.1849e-05 4.11632e-24 
1.00002 6.1849e-05 5.10369e-23 
1.00002 6.1849e-05 1.65557e-22 
1.00002 6.1849e-05 1.64648e-22 
1.00002 6.1849e-05 1.81479e-21 
1 4.6164e-06 1.59979e-22 
1 4.6164e-06 -7.95802e-23 
1 4.6164e-06 -1.62359e-24 
1 4.6164e-06 -1.04713e-24 
1 4.6164e-06 -1.84879e-25 
1 4.6164e-06 -1.13905e-27 
1 4.6164e-06 3.2008e-35 
1 4.6164e-06 0 
1 4.6164e-06 0 
1 4.6164e-06 0 
1 4.6164e-06 0 
1 4.6164e-06 0 
1 4.6164e-06 0 
1 4.6164e-06 0 
1 4.6164e-06 2.76068e-29 
1 4.6164e-06 2.31367e-26 
1 4.6164e-06 9.86317e-25 
1 4.6164e-06 2.51072e-24 
1 4.6164e-06 1.60798e-23 
1 4.6164e-06 1.23936e-23 
1 2.94025e-07 3.95837e-23 
1 2.94025e-07 -2.29468e-24 
1 2.94025e-07 -1.80885e-26 
1 2.94025e-07 -1.11263e-26 
1 2.94025e-07 -1.23458e-27 
1 2.94025e-07 -2.01092e-30 
1 2.94025e-07 9.25188e-39 
1 2.94025e-07 0 
1 2.94025e-07 0 
1 2.94025e-07 0 
1 2.94025e-07 0 
1 2.94025e-07 0 
1 2.94025e-07 0 
1 2.94025e-07 0 
1 2.94025e-07 0 
1 2.94025e-07 8.36878e-29 
1 2.94025e-07 1.20583e-26 
1 2.94025e-07 2.32404e-26 
1 2.94025e-07 3.60622e-25 
1 2.94025e-07 8.24619e-25 
1 1.55322e-08 7.00536e-25 
1 1.55322e-08 -4.45646e-26 
1 1.55322e-08 -4.61229e-29 
1 1.55322e-08 -8.153e-29 
1 1.55322e-08 -5.46385e-30 
1 1.55322e-08 -6.38827e-34 
1 1.55322e-08 0 
1 1.55322e-08 0 
1 1.55322e-08 0 
1 1.55322e-08 0 
1 1.55322e-08 0 
1 1.55322e-08 0 
1 1.55322e-08 0 
1 1.55322e-08 0 
1 1.55322e-08 0 
1 1.55322e-08 1.9822e-31 
1 1.55322e-08 9.57483e-29 
1 1.55322e-08 6.50533e-29 
1 1.55322e-08 6.69248e-27 
1 1.55322e-08 2.24622e-25 
1 6.6502e-10 1.07505e-26 
1 6.6502e-10 -5.66395e-28 
1 6.6502e-10 5.84608e-30 
1 6.6502e-10 -4.23426e-31 
1 6.6502e-10 -1.66016e-32 
1 6.6502e-10 7.97783e-36 
1 6.6502e-10 0 
1 6.6502e-10 0 
1 6.6502e-10 0 
1 6.6502e-10 0 
1 6.6502e-10 0 
1 6.6502e-10 0 
1 6.6502e-10 0 
1 6.6502e-10 0 
1 6.6502e-10 0 
1 6.6502e-10 3.06643e-34 
1 6.6502e-10 5.15738e-31 
1 6.6502e-10 -2.80462e-30 
1 6.6502e-10 1.07709e-28 
1 6.6502e-10 5.68156e-27 
1 2.26079e-11 1.17755e-28 
1 2.26079e-11 -4.9643e-30 
1 2.26079e-11 4.8818e-32 
1 2.26079e-11 -1.58635e-33 
1 2.26079e-11 -3.5152e-35 
1 2.26079e-11 9.8509e-39 
1 2.26079e-11 0 
1 2.26079e-11 0 
1 2.26079e-11 0 
1 2.26079e-11 0 
1 2.26079e-11 0 
1 2.26079e-11 0 
1 2.26079e-11 0 
1 2.26079e-11 0 
1 2.26079e-11 0 
1 2.26079e-11 2.98815e-37 
1 2.26079e-11 1.94334e-33 
1 2.26079e-11 -2.35694e-32 
1 2.26079e-11 1.36615e-30 
1 2.26079e-11 1.19419e-28 
1 5.99919e-13 4.73422e-31 
1 5.99919e-13 -3.20272e-32 
1 5.99919e-13 1.02336e-34 
1 5.99919e-13 -4.31998e-36 
1 5.99919e-13 -5.17183e-38 
1 5.99919e-13 2.69343e-42 
1 5.99919e-13 0 
1 5.99919e-13 0 
1 5.99919e-13 0 
1 5.99919e-13 0 
1 5.99919e-13 0 
1 5.99919e-13 0 
1 5.99919e-13 0 
1 5.99919e-13 0 
1 5.99919e-13 0 
1 5.99919e-13 1.66478e-40 
1 5.99919e-13 5.1986e-36 
1 5.99919e-13 -6.0502e-35 
1 5.99919e-13 1.2857e-32 
1 5.99919e-13 1.45096e-30 
1 1.2298e-14 -4.39156e-32 
1 1.2298e-14 -1.60834e-34 
1 1.2298e-14 2.33772e-37 
1 1.2298e-14 -8.52373e-39 
1 1.2298e-14 -5.17104e-41 
1 1.2298e-14 1.21148e-46 
1 1.2298e-14 0 
1 1.2298e-14 0 
1 1.2298e-14 0 
1 1.2298e-14 0 
1 1.2298e-14 0 
1 1.2298e-14 0 
1 1.2298e-14 0 
1 1.2298e-14 0 
1 1.2298e-14 0 
1 1.2298e-14 4.03906e-44 
1 1.2298e-14 9.85884e-39 
1 1.2298e-14 -2.04398e-37 
1 1.2298e-14 8.92491e-35 
1 1.2298e-14 1.11077e-32 
1 1.30822e-16 -4.07242e-34 
1 1.30822e-16 -6.53362e-37 
1 1.30822e-16 6.17366e-40 
1 1.30822e-16 -1.1977e-41 
1 1.30822e-16 -3.34234e-44 
1 1.30822e-16 2.77405e-50 
1 1.30822e-16 0 
1 1.30822e-16 0 
1 1.30822e-16 0 
1 1.30822e-16 0 
1 1.30822e-16 0 
1 1.30822e-16 0 
1 1.30822e-16 0 
1 1.30822e-16 0 
1 1.30822e-16 0 
1 1.30822e-16 0 
1 1.30822e-16 1.29891e-41 
1 1.30822e-16 -6.43256e-40 
1 1.30822e-16 4.6322e-37 
1 1.30822e-16 6.08153e-35 
1 -2.27936e-33 -1.17705e-36 
1 -2.64702e-36 -2.1828e-39 
1 7.25537e-54 1.61155e-42 
1 0 -1.14e-44 
1 0 -1.25832e-47 
1 0 0 
1 0 0 
1 0 0 
1 0 0 
1 0 0 
1 0 0 
1 0 0 
1 0 0 
1 0 0 
1 0 0 
1 0 0 
1 0 1.13278e-44 
1 -1.53201e-54 -1.6794e-42 
1 4.3e-36 1.82406e-39 
1 4.71498e-34 2.63825e-37 
1 -9.36823e-50 -3.94956e-39 
1 2.97032e-69 -5.97611e-42 
1 0 3.58267e-45 
1 0 -4.62321e-48 
1 0 -2.1059e-51 
1 0 0 
1 0 0 
1 0 0 
1 0 0 
1 0 0 
1 0 0 
1 0 0 
1 0 0 
1 0 0 
1 0 0 
1 0 0 
1 0 5.88854e-48 
1 0 -3.65408e-45 
1 1.13707e-69 5.50474e-42 
1 -1.79821e-51 9.67267e-40 
1 0 -1.27904e-41 
1 0 -1.31984e-44 
1 0 6.42004e-48 
1 0 1.05943e-50 
1 0 0 
1 0 0 
1 0 0 
1 0 0 
1 0 0 
1 0 0 
1 0 0 
1 0 0 
1 0 0 
1 0 0 
1 0 0 
1 0 0 
1 0 1.38305e-51 
1 0 -6.47619e-48 
1 0 1.27864e-44 
1 0 3.04485e-42 
1 0 -3.51167e-44 
1 0 -2.30346e-47 
1 0 9.00298e-51 
1 0 1.39086e-53 
1 0 0 
1 0 0 
1 0 0 
1 0 0 
1 0 0 
1 0 0 
1 0 0 
1 0 0 
1 0 0 
1 0 0 
1 0 0 
1 0 0 
1 0 0 
1 0 -9.03638e-51 
1 0 2.28169e-47 
1 0 8.07942e-45 
1 0 -7.69141e-47 
1 0 -3.10587e-50 
1 0 9.54567e-54 
1 0 2.65962e-57 
1 0 0 
1 0 0 
1 0 0 
1 0 0 
1 0 0 
1 0 0 
1 0 0 
1 0 0 
1 0 0 
1 0 0 
1 0 0 
1 0 0 
1 0 0 
1 0 -9.56074e-54 
1 0 3.1002e-50 
1 0 1.75885e-47 
1 0 -1.3017e-49 
1 0 -3.15127e-53 
1 0 7.3341e-57 
1 0 0 
1 0 0 
1 0 0 
1 0 0 
1 0 0 
1 0 0 
1 0 0 
1 0 0 
1 0 0 
1 0 0 
1 0 0 
1 0 0 
1 0 0 
1 0 0 
1 0 -7.33863e-57 
1 0 3.15073e-53 
1 0 3.06651e-50 
1 0 -1.6585e-52 
1 0 -2.32223e-56 
1 0 3.83334e-60 
1 0 0 
1 0 0 
1 0 0 
1 0 0 
1 0 0 
1 0 0 
1 0 0 
1 0 0 
1 0 0 
1 0 0 
1 0 0 
1 0 0 
1 0 0 
1 0 0 
1 0 -3.8339e-60 
1 0 2.32198e-56 
1 0 4.18516e-53 
1 0 -1.54046e-55 
1 0 -1.17545e-59 
1 0 1.21386e-63 
1 0 0 
1 0 0 
1 0 0 
1 0 0 
1 0 0 
1 0 0 
1 0 0 
1 0 0 
1 0 0 
1 0 0 
1 0 0 
1 0 0 
1 0 0 
1 0 0 
1 0 -1.21386e-63 
1 0 1.17539e-59 
1 0 4.35022e-56 
1 0 -9.93951e-59 
1 0 -3.67687e-63 
1 0 1.74503e-67 
1 0 0 
1 0 0 
1 0 0 
1 0 0 
1 0 0 
1 0 0 
1 0 0 
1 0 0 
1 0 0 
1 0 0 
1 0 0 
1 0 0 
1 0 0 
1 0 0 
1 0 -1.74503e-67 
1 0 3.67682e-63 
1 0 3.31111e-59 
1 0 -4.11066e-62 
1 0 -5.41287e-67 
1 0 0 
1 0 0 
1 0 0 
1 0 0 
1 0 0 
1 0 0 
1 0 0 
1 0 0 
1 0 0 
1 0 0 
1 0 0 
1 0 0 
1 0 0 
1 0 0 
1 0 0 
1 0 0 
1 0 5.41287e-67 
1 0 1.73236e-62 
1 0 -9.35978e-66 
1 0 0 
1 0 0 
1 0 0 
1 0 0 
1 0 0 
1 0 0 
1 0 0 
1 0 0 
1 0 0 
1 0 0 
1 0 0 
1 0 0 
1 0 0 
1 0 0 
1 0 0 
1 0 0 
1 0 0 
1 0 0 
1 0 5.54035e-66 
1 0 -8.11352e-70 
1 0 0 
1 0 0 
1 0 0 
1 0 0 
1 0 0 
1 0 0 
1 0 0 
1 0 0 
1 0 0 
1 0 0 
1 0 0 
1 0 0 
1 0 0 
1 0 0 
1 0 0 
1 0 0 
1 0 0 
1 0 0 
1 0 8.11352e-70 
1 0 0 
1 0 0 
1 0 0 
1 0 0 
1 0 0 
1 0 0 
1 0 0 
1 0 0 
1 0 0 
1 0 0 
1 0 0 
1 0 0 
1 0 0 
1 0 0 
1 0 0 
1 0 0 
1 0 0 
1 0 0 
1 0 0 
1 0 0 
1 0 0 
1 0 0 
1 0 0 
1 0 0 
1 0 0 
1 0 0 
1 0 0 
1 0 0 
1 0 0 
1 0 0 
1 0 0 
1 0 0 
1 0 0 
1 0 0 
1 0 0 
1 0 0 
1 0 0 
1 0 0 
1 0 0 
1 0 0 
1 0 0 
1 0 0 
1 0 0 
1 0 0 
1 0 0 
1 0 0 
1 0 0 
1 0 0 
1 0 0 
1 0 0 
1 0 0 
1 0 0 
1 0 0 
1 0 0 
1 0 0 
1 0 0 
1 0 0 
1 0 0 
1 0 0 
1 0 0 
1 0 0 
1 0 0 
1 0 0 
1 0 0 
1 0 0 
1 0 0 
1 0 0 
1 0 0 
1 0 0 
1 0 0 
1 0 0 
1 0 0 
1 0 0 
1 0 0 
1 0 0 
1 0 0 
1 0 0 
1 0 0 
1 0 0 
1 0 0 
1 0 0 
1 0 0 
1 0 0 
1 0 0 
1 0 0 
1 0 0 
1 0 0 
1 0 0 
1 0 0 
1 0 0 
1 0 0 
1 0 0 
1 0 0 
1 0 0 
1 0 0 
1 0 0 
1 0 0 
1 0 0 
1 0 0 
1 0 0 
1 0 0 
1 0 0 
1 0 0 
1 0 0 
1 0 0 
1 0 0 
1 0 0 
1 0 0 
1 0 0 
1 0 0 
1 0 0 
1 0 0 
1 0 0 
1 0 0 
1 0 0 
1 0 0 
1 0 0 
1 0 0 
1 0 0 
1 0 0 
1 0 0 
1 0 0 
1 0 0 
1 0 0 
1 0 0 
1 0 0 
1 0 0 
1 0 0 
1 0 0 
1 0 0 
1 0 0 
1 0 0 
1 0 0 
1 0 0 
1 0 0 
1 0 0 
1 0 0 
1 0 0 
1 0 0 
1 0 0 
1 0 0 
1 0 0 
1 0 0 
1 0 0 
1 0 0 
1 0 0 
1 0 0 
1 0 0 
1 0 0 
1 0 0 
1 0 0 
1 0 0 
1 0 0 
1 0 0 
1 0 0 
1 0 0 
1 0 0 
1 0 0 
1 0 0 
1 0 0 
1 0 0 
1 0 0 
1 0 0 
1 0 0 
1 0 0 
1 0 0 
1 0 0 
1 0 0 
1 0 0 
1 0 0 
1 0 0 
1 0 0 
1 0 0 
1 0 0 
1 0 0 
1 0 0 
1 0 0 
1 0 0 
1 0 0 
1 0 0 
1 0 0 
1 0 0 
1 0 0 
1 0 0 
1 0 0 
1 0 0 
1 0 0 
1 0 0 
1 0 0 
1 0 0 
1 0 0 
1 0 0 
1 0 0 
1 0 0 
1 0 0 
1 0 0 
1 0 0 
1 0 0 
1 0 0 
1 0 0 
1 0 0 
1 0 0 
1 0 0 
1 0 0 
1 0 0 
1 0 0 
1 0 0 
1 0 0 
1 0 0 
1 0 0 
1 0 0 
1 0 0 
1 0 0 
1 0 0 
1 0 0 
1 0 0 
1 0 0 
1 0 0 
1 0 0 
1 0 0 
1 0 0 
1 0 0 
1 0 0 
1 0 0 
1 0 0 
1 0 0 
1 0 0 
1 0 0 
1 0 0 
1 0 0 
1 0 0 
1 0 0 
1 0 0 
1 0 0 
1 0 0 
1 0 0 
1 0 0 
1 0 0 
1 0 0 
1 0 0 
1 0 0 
1 0 0 
1 0 0 
1 0 0 
1 0 0 
1 0 0 
1 0 0 
1 0 0 
1 0 0 
1 0 0 
1 0 0 
1 0 0 
1 0 0 
1 0 0 
1 0 0 
1 0 0 
1 0 0 
1 0 0 
1 0 0 
1 0 0 
1 0 0 
1 0 0 
1 0 0 
1 0 0 
1 0 0 
1 0 0 
1 0 0 
1 0 0 
1 0 0 
1 0 0 
1 0 0 
1 0 0 
1 0 0 
1 0 0 
1 0 0 
1 0 0 
1 0 0 
1 0 0 
1 0 0 
1 0 0 
1 0 0 
1 0 0 
1 0 0 
1 0 0 
1 0 0 
1 0 0 
1 0 0 
1 0 0 
1 0 0 
1 0 0 
1 0 0 
1 0 0 
1 0 0 
1 0 0 
1 0 0 
1 0 0 
1 0 0 
1 0 0 
1 0 0 
1 0 0 
1 0 0 
1 0 0 
1 0 0 
1 0 0 
1 0 0 
1 0 0 
1 0 0 
1 0 0 
1 0 0 
1 0 0 
1 0 0 
1 0 0 
1 0 0 
1 0 0 
1 0 0 
1 0 0 
1 0 0 
1 0 0 
1 0 0 
1 0 0 
1 0 0 
1 0 0 
1 0 0 
1 0 0 
1 0 0 
1 0 0 
1 0 0 
1 0 0 
1 0 0 
1 0 0 
1 0 0 
1 0 0 
1 0 0 
1 0 0 
1 0 0 
1 0 0 
1 0 0 
1 0 0 
1 0 0 
1 0 0 
1 0 0 
1 0 0 
1 0 0 
1 0 0 
1 0 0 
1 0 0 
1 0 0 
1 0 0 
1 0 0 
1 0 0 
1 0 0 
1 0 0 
1 0 0 
1 0 0 
1 0 0 
1 0 0 
1 0 0 
1 0 0 
1 0 0 
1 0 0 
1 0 0 
1 0 0 
1 0 0 
1 0 0 
1 0 0 
1 0 0 
1 0 0 
1 0 0 
1 0 0 
1 0 0 
1 0 0 
1 0 0 
1 0 0 
1 0 0 
1 0 0 
1 0 0 
1 0 0 
1 0 0 
1 0 0 
1 0 0 
1 0 0 
1 0 0 
1 0 0 
1 0 0 
1 0 0 
1 0 0 
1 0 0 
1 0 0 
1 0 0 
1 0 0 
1 0 0 
1 0 0 
1 0 0 
1 0 0 
1 0 0 
1 0 0 
1 0 0 
1 0 0 
1 0 0 
1 0 0 
1 0 0 
1 0 0 
1 0 0 
1 0 0 
1 0 0 
1 0 0 
1 0 0 
1 0 0 
1 0 0 
1 0 0 
1 0 0 
1 0 0 
1 0 0 
1 0 0 
1 0 0 
1 0 0 
1 0 0 
1 0 0 
1 0 0 
1 0 0 
1 0 0 
1 0 0 
1 0 0 
1 0 0 
1 0 0 
1 0 0 
1 0 0 
1 0 0 
1 0 0 
1 0 0 
1 0 0 
1 0 0 
1 0 0 
1 0 0 
1 0 0 
1 0 0 
1 0 0 
1 0 0 
1 0 0 
1 0 0 
1 0 0 
1 0 0 
1 0 0 
1 0 0 
1 0 0 
1 0 0 
1 0 0 
1 0 0 
1 0 0 
1 0 0 
1 0 0 
1 0 0 
1 0 0 
1 0 0 
1 0 0 
1 0 0 
1 0 0 
1 0 0 
1 0 0 
1 0 0 
1 0 0 
1 0 0 
1 0 0 
1 0 0 
1 0 0 
1 0 0 
1 0 0 
1 0 0 
1 0 0 
1 0 0 
1 0 0 
1 0 0 
1 0 0 
1 0 0 
1 0 0 
1 0 0 
1 0 0 
1 0 0 
1 0 0 
1 0 0 
1 0 0 
1 0 0 
1 0 0 
1 0 0 
1 0 0 
1 0 0 
1 0 0 
1 0 0 
1 0 0 
1 0 0 
1 0 0 
1 0 0 
1 0 0 
1 0 0 
1 0 0 
1 0 0 
1 0 0 
1 0 0 
1 0 0 
1 0 0 
1 0 0 
1 0 0 
1 0 0 
1 0 0 
1 0 0 
1 0 0 
1 0 0 
1 0 0 
1 0 0 
1 0 0 
1 0 0 
1 0 0 
1 0 0 
1 0 0 
1 0 0 
1 0 0 
1 0 0 
1 0 0 
1 0 0 
1 0 0 
1 4.8441e-71 0 
1 4.59894e-70 0 
1 8.02857e-68 0 
1 1.25471e-65 0 
1 1.48823e-63 0 
1 1.31654e-61 0 
1 8.57117e-60 0 
1 4.10372e-58 0 
1 1.47212e-56 0 
1 4.06512e-55 0 
1 8.82862e-54 0 
1 1.51594e-52 0 
1 2.04771e-51 0 
1 2.17563e-50 0 
1 1.76826e-49 0 
1 9.60301e-49 0 
1 1.6969e-48 0 
1 3.96901e-49 0 
1 -1.92741e-47 0 
1 -8.64851e-47 0 
1 8.25052e-54 0 
1 5.25419e-52 0 
1 6.17408e-50 0 
1 5.51116e-48 0 
1 3.74138e-46 0 
1 1.95267e-44 0 
1 7.91479e-43 0 
1 2.51821e-41 0 
1 6.35634e-40 0 
1 1.28303e-38 0 
1 2.07337e-37 0 
1 2.70348e-36 0 
1 2.82374e-35 0 
1 2.40765e-34 0 
1 9.85164e-34 0 
1 7.70888e-34 0 
1 -1.20991e-32 0 
1 -9.19931e-32 0 
1 -3.77462e-31 0 
1 -5.11041e-31 0 
1 -1.0936e-42 1.30964e-42 
1 -2.17249e-40 0 
1 -3.31837e-38 0 
1 -3.84936e-36 0 
1 -3.35833e-34 0 
1 -2.20052e-32 0 
1 -1.09624e-30 0 
1 -4.23092e-29 0 
1 -1.28937e-27 0 
1 -3.1537e-26 0 
1 -6.27084e-25 0 
1 -1.02316e-23 0 
1 -1.3785e-22 0 
1 -1.53925e-21 0 
1 -1.42666e-20 0 
1 -1.09717e-19 0 
1 -6.98799e-19 0 
1 -3.67089e-18 0 
1 -1.58777e-17 0 
1 -5.5259e-17 0 
1 -1.48879e-16 0 
1 -2.13457e-16 -7.63256e-17 
1 -2.34533e-48 1.49056e-45 
1 -6.95875e-51 5.10894e-45 
1 -5.84067e-49 0 
1 -1.922e-46 0 
1 -4.93077e-44 0 
1 -9.80797e-42 0 
1 -1.49878e-39 0 
1 -1.73967e-37 0 
1 -1.51907e-35 0 
1 -9.96547e-34 0 
1 -4.97237e-32 0 
1 -1.92295e-30 0 
1 -5.87497e-29 0 
1 -1.44149e-27 0 
1 -2.87741e-26 0 
1 -4.71743e-25 0 
1 -6.39311e-24 0 
1 -7.18881e-23 0 
1 -6.71734e-22 0 
1 -5.21419e-21 0 
1 -3.35661e-20 0 
1 -1.78766e-19 0 
1 -7.86505e-19 -2.43859e-17 
1 -2.86732e-18 -2.30459e-17 
1 -3.76804e-55 5.79373e-52 
1 -5.3179e-58 9.76254e-49 
1 -5.64337e-61 4.52994e-48 
1 4.84835e-61 1.55342e-47 
1 4.56221e-58 0 
1 3.22612e-55 0 
1 1.75057e-52 0 
1 7.37322e-50 0 
1 2.42178e-47 0 
1 6.1976e-45 0 
1 1.22877e-42 0 
1 1.86941e-40 0 
1 2.15661e-38 0 
1 1.8671e-36 0 
1 1.21059e-34 0 
1 5.94831e-33 0 
1 2.25613e-31 0 
1 6.72862e-30 0 
1 1.60245e-28 0 
1 3.08265e-27 0 
1 4.82612e-26 0 
1 6.17689e-25 0 
1 6.51629e-24 0 
1 5.75531e-23 0 
1 4.27561e-22 -6.38717e-18 
1 2.55881e-21 -7.60246e-18 
1 1.08068e-20 -2.07657e-18 
1 1.59905e-20 -2.09095e-19 
1 -6.99249e-59 9.56883e-56 
1 -7.41833e-62 1.06589e-54 
1 -6.04638e-65 2.31324e-51 
1 -6.26248e-63 1.07399e-50 
1 -8.12785e-60 3.68439e-50 
1 -7.65767e-57 0 
1 -5.424e-54 0 
1 -2.94914e-51 0 
1 -1.24526e-48 0 
1 -4.10306e-46 0 
1 -1.0543e-43 0 
1 -2.10154e-41 0 
1 -3.2204e-39 0 
1 -3.75214e-37 0 
1 -3.29308e-35 0 
1 -2.17482e-33 0 
1 -1.09411e-31 0 
1 -4.27216e-30 0 
1 -1.31956e-28 0 
1 -3.2773e-27 0 
1 -6.63044e-26 0 
1 -1.10337e-24 0 
1 -1.52071e-23 0 
1 -1.74383e-22 0 
1 -1.66827e-21 0 
1 -1.33281e-20 -1.36903e-18 
1 -8.88153e-20 -2.10671e-18 
1 -4.92035e-19 -5.53273e-19 
1 -2.24563e-18 -4.26503e-20 
1 -8.47649e-18 -2.36125e-18 
1 -2.09637e-66 7.71451e-63 
1 -1.10283e-69 2.90531e-59 
1 -1.97521e-72 1.35002e-58 
1 -1.10523e-68 1.50522e-57 
1 -3.44396e-65 4.25622e-54 
1 -6.53695e-62 1.977e-53 
1 -8.47966e-59 6.78435e-53 
1 -7.98408e-56 0 
1 -5.6509e-53 0 
1 -3.06966e-50 0 
1 -1.29467e-47 0 
1 -4.25972e-45 0 
1 -1.09253e-42 0 
1 -2.17249e-40 0 
1 -3.31837e-38 0 
1 -3.84936e-36 0 
1 -3.35833e-34 0 
1 -2.20052e-32 0 
1 -1.09624e-30 0 
1 -4.23092e-29 0 
1 -1.28937e-27 0 
1 -3.15372e-26 0 
1 -6.27115e-25 0 
1 -1.02346e-23 0 
1 -1.3799e-22 0 
1 -1.54358e-21 0 
1 -1.43592e-20 0 
1 -1.11161e-19 -2.41614e-19 
1 -7.15061e-19 -4.80426e-19 
1 -3.80859e-18 -1.22115e-19 
1 -1.66161e-17 -7.32721e-21 
1 -5.99011e-17 -5.18428e-19 
1 -1.50756e-16 -3.20965e-17 
1 -2.68354e-16 -8.19857e-17 
1 -1.44945e-70 5.31927e-67 
1 -4.64524e-74 5.93919e-66 
1 -6.80808e-78 3.08099e-62 
1 0 1.4321e-61 
1 0 1.59797e-60 
1 0 6.01102e-57 
1 -7.31093e-74 2.79316e-56 
1 -4.98283e-70 9.58762e-56 
1 -1.55275e-66 0 
1 -2.94744e-63 0 
1 -3.82364e-60 0 
1 -3.60046e-57 0 
1 -2.54855e-54 0 
1 -1.38458e-51 0 
1 -5.84049e-49 0 
1 -1.922e-46 0 
1 -4.93077e-44 0 
1 -9.80797e-42 0 
1 -1.49878e-39 0 
1 -1.73967e-37 0 
1 -1.51907e-35 0 
1 -9.96548e-34 0 
1 -4.97237e-32 0 
1 -1.92295e-30 0 
1 -5.87502e-29 0 
1 -1.44153e-27 0 
1 -2.87777e-26 0 
1 -4.71975e-25 0 
1 -6.40308e-24 -3.52945e-20 
1 -7.21766e-23 -9.03796e-20 
1 -6.77549e-22 -2.23557e-20 
1 -5.2983e-21 -1.05859e-21 
1 -3.44514e-20 -9.27606e-20 
1 -1.85613e-19 -9.27714e-18 
1 -8.24969e-19 -2.62383e-17 
1 -3.03411e-18 -2.36127e-17 
1 -2.49356e-79 4.8257e-75 
1 0 6.01606e-71 
1 0 2.79776e-70 
1 0 3.12552e-69 
1 0 2.37211e-65 
1 0 1.1029e-64 
1 0 1.23143e-63 
1 0 6.3819e-60 
1 0 2.96643e-59 
1 0 1.01846e-58 
1 0 0 
1 0 0 
1 -3.7288e-75 0 
1 -2.54262e-71 0 
1 -7.92784e-68 0 
1 -1.50587e-64 0 
1 -1.95509e-61 0 
1 -1.84272e-58 0 
1 -1.30583e-55 0 
1 -7.10417e-53 0 
1 -3.00183e-50 0 
1 -9.89972e-48 0 
1 -2.54668e-45 0 
1 -5.08386e-43 0 
1 -7.80591e-41 0 
1 -9.11907e-39 0 
1 -8.03223e-37 0 
1 -5.32974e-35 0 
1 -2.69709e-33 0 
1 -1.06058e-31 0 
1 -3.30321e-30 -4.28566e-21 
1 -8.28471e-29 -1.40541e-20 
1 -1.69566e-27 -3.39877e-21 
1 -2.86102e-26 -1.28535e-22 
1 -4.00915e-25 -1.3889e-20 
1 -4.68986e-24 -2.17837e-18 
1 -4.59428e-23 -6.7794e-18 
1 -3.77404e-22 -8.02485e-18 
1 -2.59867e-21 -2.19029e-18 
1 -1.497e-20 -1.5391e-19 
1 0 6.32397e-80 
1 0 7.07085e-79 
1 0 1.92757e-74 
1 0 8.96584e-74 
1 0 1.00208e-72 
1 0 1.2484e-68 
1 0 5.80565e-68 
1 0 6.48579e-67 
1 0 4.91835e-63 
1 0 2.28675e-62 
1 0 7.85247e-62 
1 0 0 
1 0 0 
1 0 0 
1 0 0 
1 -4.89978e-76 0 
1 -3.3414e-72 0 
1 -1.04195e-68 0 
1 -1.97942e-65 0 
1 -2.57028e-62 0 
1 -2.42299e-59 0 
1 -1.71741e-56 0 
1 -9.34577e-54 0 
1 -3.95031e-51 0 
1 -1.30331e-48 0 
1 -3.35451e-46 0 
1 -6.70121e-44 0 
1 -1.02989e-41 0 
1 -1.2047e-39 0 
1 -1.06299e-37 0 
1 -7.07018e-36 0 
1 -3.58866e-34 -4.3369e-22 
1 -1.41641e-32 -1.81142e-21 
1 -4.43105e-31 -4.2992e-22 
1 -1.11718e-29 -1.31032e-23 
1 -2.30072e-28 -1.73564e-21 
1 -3.91033e-27 -4.17415e-19 
1 -5.52706e-26 -1.43186e-18 
1 -6.5324e-25 -2.20753e-18 
1 -6.4788e-24 -5.79036e-19 
1 -5.40228e-23 -3.32773e-20 
1 -3.78839e-22 -4.48178e-21 
1 0 0 
1 0 0 
1 0 0 
1 0 0 
1 0 2.82448e-78 
1 0 1.31398e-77 
1 0 1.46916e-76 
1 0 4.00271e-72 
1 0 1.86181e-71 
1 0 2.08088e-70 
1 0 2.59056e-66 
1 0 1.20474e-65 
1 0 4.13757e-65 
1 0 0 
1 0 0 
1 0 0 
1 0 0 
1 0 0 
1 0 0 
1 0 0 
1 0 0 
1 -1.79462e-77 0 
1 -1.22444e-73 0 
1 -3.82045e-70 0 
1 -7.26281e-67 0 
1 -9.43855e-64 0 
1 -8.9064e-61 0 
1 -6.3203e-58 0 
1 -3.44432e-55 0 
1 -1.45845e-52 0 
1 -4.82255e-50 0 
1 -1.24481e-47 0 
1 -2.49605e-45 0 
1 -3.85535e-43 -3.66006e-23 
1 -4.54035e-41 -1.93878e-22 
1 -4.0432e-39 -4.52988e-23 
1 -2.72192e-37 -1.11933e-24 
1 -1.40257e-35 -1.81191e-22 
1 -5.63625e-34 -6.57857e-20 
1 -1.80036e-32 -2.49203e-19 
1 -4.64845e-31 -4.98724e-19 
1 -9.83469e-30 -1.26578e-19 
1 -1.72326e-28 -5.97274e-21 
1 -2.52118e-27 -7.57173e-22 
1 -3.09835e-26 -1.87558e-22 
1 -3.21197e-25 -6.73379e-24 
1 0 0 
1 0 0 
1 0 0 
1 0 0 
1 0 0 
1 0 0 
1 0 0 
1 0 0 
1 0 5.86863e-76 
1 0 2.73015e-75 
1 0 3.05258e-74 
1 0 8.31185e-70 
1 0 3.86614e-69 
1 0 1.32797e-68 
1 0 0 
1 0 0 
1 0 0 
1 0 0 
1 0 0 
1 0 0 
1 0 0 
1 0 0 
1 0 0 
1 0 0 
1 -2.35819e-78 0 
1 -1.60911e-74 0 
1 -5.0212e-71 0 
1 -9.5467e-68 0 
1 -1.24085e-64 0 
1 -1.1711e-61 0 
1 -8.31235e-59 0 
1 -4.5311e-56 0 
1 -1.91926e-53 0 
1 -6.34889e-51 0 
1 -1.63966e-48 -2.57224e-24 
1 -3.29008e-46 -1.72401e-23 
1 -5.08653e-44 -3.97521e-24 
1 -5.99789e-42 -7.98649e-26 
1 -5.3504e-40 -1.57845e-23 
1 -3.61027e-38 -8.57502e-21 
1 -1.86579e-36 -3.59993e-20 
1 -7.52457e-35 -9.27519e-20 
1 -2.41379e-33 -2.29166e-20 
1 -6.26354e-32 -8.93161e-22 
1 -1.33295e-30 -1.0751e-22 
1 -2.35168e-29 -2.60759e-23 
1 -3.46831e-28 -7.85972e-25 
1 -4.30277e-27 -8.9304e-26 
1 0 0 
1 0 0 
1 0 0 
1 0 0 
1 0 0 
1 0 0 
1 0 0 
1 0 0 
1 0 0 
1 0 0 
1 0 0 
1 0 0 
1 0 0 
1 0 1.21937e-73 
1 0 5.67262e-73 
1 0 1.94868e-72 
1 0 0 
1 0 0 
1 0 0 
1 0 0 
1 0 0 
1 0 0 
1 0 0 
1 0 0 
1 0 0 
1 0 0 
1 0 0 
1 0 0 
1 0 0 
1 0 0 
1 -8.63721e-80 0 
1 -5.89651e-76 0 
1 -1.84108e-72 0 
1 -3.50284e-69 0 
1 -4.55662e-66 0 
1 -4.3047e-63 0 
1 -3.05904e-60 -1.49962e-25 
1 -1.66989e-57 -1.27184e-24 
1 -7.08574e-55 -2.89986e-25 
1 -2.34918e-52 -4.73534e-27 
1 -6.08427e-50 -1.14432e-24 
1 -1.22539e-47 -9.27415e-22 
1 -1.90387e-45 -4.3367e-21 
1 -2.26002e-43 -1.42796e-20 
1 -2.03425e-41 -3.45085e-21 
1 -1.38893e-39 -1.11555e-22 
1 -7.28396e-38 -1.28425e-23 
1 -2.98911e-36 -3.05893e-24 
1 -9.7832e-35 -7.74049e-26 
1 -2.59722e-33 -8.49021e-27 
1 -5.67113e-32 -1.98307e-27 
1 -1.02985e-30 -4.00862e-29 
1 0 0 
1 0 0 
1 0 0 
1 0 0 
1 0 0 
1 0 0 
1 0 0 
1 0 0 
1 0 0 
1 0 0 
1 0 0 
1 0 0 
1 0 0 
1 0 0 
1 0 0 
1 0 0 
1 0 0 
1 0 0 
1 0 0 
1 0 0 
1 0 0 
1 0 0 
1 0 0 
1 0 0 
1 0 0 
1 0 0 
1 0 0 
1 0 0 
1 0 0 
1 0 0 
1 0 0 
1 0 0 
1 0 0 
1 -1.13496e-80 0 
1 -7.74893e-77 0 
1 -2.41973e-73 0 
1 -4.60435e-70 0 
1 -5.99042e-67 -7.20545e-27 
1 -5.66024e-64 -7.75524e-26 
1 -4.02318e-61 -1.75129e-26 
1 -2.19678e-58 -2.3159e-28 
1 -9.32453e-56 -6.87183e-26 
1 -3.09268e-53 -8.32854e-23 
1 -8.01413e-51 -4.36639e-22 
1 -1.61519e-48 -1.82699e-21 
1 -2.5118e-46 -4.33459e-22 
1 -2.9854e-44 -1.16479e-23 
1 -2.69174e-42 -1.2902e-24 
1 -1.84199e-40 -3.02532e-25 
1 -9.68749e-39 -6.41628e-27 
1 -3.98921e-37 -6.82269e-28 
1 -1.31101e-35 -1.57358e-28 
1 -3.49713e-34 -2.67273e-30 
1 -7.67869e-33 -2.75165e-31 
1 0 0 
1 0 0 
1 0 0 
1 0 0 
1 0 0 
1 0 0 
1 0 0 
1 0 0 
1 0 0 
1 0 0 
1 0 0 
1 0 0 
1 0 0 
1 0 0 
1 0 0 
1 0 0 
1 0 0 
1 0 0 
1 0 0 
1 0 0 
1 0 0 
1 0 0 
1 0 0 
1 0 0 
1 0 0 
1 0 0 
1 0 0 
1 0 0 
1 0 0 
1 0 0 
1 0 0 
1 0 0 
1 0 0 
1 0 0 
1 0 0 
1 0 0 
1 0 0 
1 0 0 
1 0 0 
1 -4.15696e-82 -2.82625e-28 
1 -2.83956e-78 -3.88378e-27 
1 -8.87219e-75 -8.6975e-28 
1 -1.68941e-71 -9.24718e-30 
1 -2.19978e-68 -3.39473e-27 
1 -2.08057e-65 -6.2005e-24 
1 -1.48057e-62 -3.67416e-23 
1 -8.09591e-60 -1.94649e-22 
1 -3.44248e-57 -4.54721e-23 
1 -1.14431e-54 -1.01579e-24 
1 -2.97366e-52 -1.08806e-25 
1 -6.01532e-50 -2.51682e-26 
1 -9.4004e-48 -4.45875e-28 
1 -1.12466e-45 -4.61319e-29 
1 -1.02302e-43 -1.0522e-29 
1 -7.08169e-42 -1.49258e-31 
1 -3.77787e-40 -1.50189e-32 
1 -1.58213e-38 -3.38712e-33 
1 -5.30123e-37 -3.85848e-35 
1 0 0 
1 0 0 
1 0 0 
1 0 0 
1 0 0 
1 0 0 
1 0 0 
1 0 0 
1 0 0 
1 0 0 
1 0 0 
1 0 0 
1 0 0 
1 0 0 
1 0 0 
1 0 0 
1 0 0 
1 0 0 
1 0 0 
1 0 0 
1 0 0 
1 0 0 
1 0 0 
1 0 0 
1 0 0 
1 0 0 
1 0 0 
1 0 0 
1 0 0 
1 0 0 
1 0 0 
1 0 0 
1 0 0 
1 0 0 
1 0 0 
1 0 0 
1 0 0 
1 0 0 
1 0 0 
1 0 0 
1 0 -8.93417e-30 
1 0 -1.58231e-28 
1 -5.46239e-83 -3.51778e-29 
1 -3.73163e-79 -2.97424e-31 
1 -1.16607e-75 -1.36621e-28 
1 -2.22067e-72 -3.81187e-25 
1 -2.89197e-69 -2.57807e-24 
1 -2.73573e-66 -1.72667e-23 
1 -1.94721e-63 -3.98115e-24 
1 -1.06504e-60 -7.37801e-26 
1 -4.53014e-58 -7.67504e-27 
1 -1.50647e-55 -1.75437e-27 
1 -3.91684e-53 -2.58248e-29 
1 -7.92867e-51 -2.60817e-30 
1 -1.24018e-48 -5.89072e-31 
1 -1.48557e-46 -6.92209e-33 
1 -1.35356e-44 -6.82512e-34 
1 -9.3905e-43 -1.52654e-34 
1 -5.02343e-41 -1.43048e-36 
1 -2.11081e-39 -1.38276e-37 
1 0 0 
1 0 0 
1 0 0 
1 0 0 
1 0 0 
1 0 0 
1 0 0 
1 0 0 
1 0 0 
1 0 0 
1 0 0 
1 0 0 
1 0 0 
1 0 0 
1 0 0 
1 0 0 
1 0 0 
1 0 0 
1 0 0 
1 0 0 
1 0 0 
1 0 0 
1 0 0 
1 0 0 
1 0 0 
1 0 0 
1 0 0 
1 0 0 
1 0 0 
1 0 0 
1 0 0 
1 0 0 
1 0 0 
1 0 0 
1 0 0 
1 0 0 
1 0 0 
1 0 0 
1 0 0 
1 0 0 
1 0 0 
1 0 0 
1 0 -2.23965e-31 
1 0 -5.17725e-30 
1 0 -1.14366e-30 
1 0 -7.57775e-33 
1 0 -4.42151e-30 
1 0 -1.92257e-26 
1 -2.00068e-84 -1.50175e-25 
1 -1.36744e-80 -1.27245e-24 
1 -4.27552e-77 -2.90124e-25 
1 -8.14795e-74 -4.44162e-27 
1 -1.06198e-70 -4.50371e-28 
1 -1.00559e-67 -1.01882e-28 
1 -7.16585e-65 -1.23681e-30 
1 -3.92499e-62 -1.22277e-31 
1 -1.67244e-59 -2.73788e-32 
1 -5.57384e-57 -2.63687e-34 
1 -1.45329e-54 -2.55354e-35 
1 -2.9526e-52 -5.66973e-36 
1 -4.64078e-50 -4.31042e-38 
1 -5.59521e-48 -4.10353e-39 
1 -5.14237e-46 -9.04822e-40 
1 -3.60792e-44 -5.37941e-42 
1 0 0 
1 0 0 
1 0 0 
1 0 0 
1 0 0 
1 0 0 
1 0 0 
1 0 0 
1 0 0 
1 0 0 
1 0 0 
1 0 0 
1 0 0 
1 0 0 
1 0 0 
1 0 0 
1 0 0 
1 0 0 
1 0 0 
1 0 0 
1 0 0 
1 0 0 
1 0 0 
1 0 0 
1 0 0 
1 0 0 
1 0 0 
1 0 0 
1 0 0 
1 0 0 
1 0 0 
1 0 0 
1 0 0 
1 0 0 
1 0 0 
1 0 0 
1 0 0 
1 0 0 
1 0 0 
1 0 0 
1 0 0 
1 0 0 
1 0 0 
1 0 -4.37022e-33 
1 0 -1.33828e-31 
1 0 -2.93981e-32 
1 0 -1.50018e-34 
1 0 -1.132e-31 
1 0 -7.88064e-28 
1 0 -7.21212e-27 
1 0 -7.75618e-26 
1 -2.62897e-85 -1.75151e-26 
1 -1.79703e-81 -2.20033e-28 
1 -5.6193e-78 -2.18165e-29 
1 -1.07102e-74 -4.89054e-30 
1 -1.39614e-71 -4.84662e-32 
1 -1.32224e-68 -4.70252e-33 
1 -9.42436e-66 -1.04493e-33 
1 -5.16341e-63 -8.1371e-36 
1 -2.20084e-60 -7.75636e-37 
1 -7.33787e-58 -1.71114e-37 
1 -1.91423e-55 -1.03794e-39 
1 -3.89172e-53 -9.75116e-41 
1 -6.12236e-51 -2.13856e-41 
1 -7.39046e-49 -9.98659e-44 
1 -6.80344e-47 -9.2732e-45 
1 0 0 
1 0 0 
1 0 0 
1 0 0 
1 0 0 
1 0 0 
1 0 0 
1 0 0 
1 0 0 
1 0 0 
1 0 0 
1 0 0 
1 0 0 
1 0 0 
1 0 0 
1 0 0 
1 0 0 
1 0 0 
1 0 0 
1 0 0 
1 0 0 
1 0 0 
1 0 0 
1 0 0 
1 0 0 
1 0 0 
1 0 0 
1 0 0 
1 0 0 
1 0 0 
1 0 0 
1 0 0 
1 0 0 
1 0 0 
1 0 0 
1 0 0 
1 0 0 
1 0 0 
1 0 0 
1 0 0 
1 0 0 
1 0 0 
1 0 0 
1 0 0 
1 0 0 
1 0 -6.51737e-35 
1 0 -2.68133e-33 
1 0 -5.86191e-34 
1 0 -2.26452e-36 
1 0 -2.24958e-33 
1 0 -2.59185e-29 
1 0 -2.82796e-28 
1 0 -3.88388e-27 
1 0 -8.69777e-28 
1 0 -8.88084e-30 
1 0 -8.63449e-31 
1 0 -1.92022e-31 
1 -9.62896e-87 -1.53303e-33 
1 -6.58512e-83 -1.46325e-34 
1 -2.06037e-79 -3.22982e-35 
1 -3.92972e-76 -2.00013e-37 
1 -5.12683e-73 -1.88065e-38 
1 -4.86019e-70 -4.12593e-39 
1 -3.4682e-67 -1.95955e-41 
1 -1.90286e-64 -1.82049e-42 
1 -8.12492e-62 -3.97448e-43 
1 -2.7149e-59 -1.43145e-45 
1 -7.10218e-57 -1.31753e-46 
1 -1.44916e-54 -2.86552e-47 
1 -2.29073e-52 -7.78138e-50 
1 0 0 
1 0 0 
1 0 0 
1 0 0 
1 0 0 
1 0 0 
1 0 0 
1 0 0 
1 0 0 
1 0 0 
1 0 0 
1 0 0 
1 0 0 
1 0 0 
1 0 0 
1 0 0 
1 0 0 
1 0 0 
1 0 0 
1 0 0 
1 0 0 
1 0 0 
1 0 0 
1 0 0 
1 0 0 
1 0 0 
1 0 0 
1 0 0 
1 0 0 
1 0 0 
1 0 0 
1 0 0 
1 0 0 
1 0 0 
1 0 0 
1 0 0 
1 0 0 
1 0 0 
1 0 0 
1 0 0 
1 0 0 
1 0 0 
1 0 0 
1 0 0 
1 0 0 
1 0 0 
1 0 -7.33915e-37 
1 0 -4.08619e-35 
1 0 -8.89802e-36 
1 0 -2.57429e-38 
1 0 -3.40563e-35 
1 0 -6.7288e-31 
1 0 -8.93759e-30 
1 0 -1.58232e-28 
1 0 -3.51781e-29 
1 0 -2.88213e-31 
1 0 -2.75482e-32 
1 0 -6.08415e-33 
1 0 -3.84922e-35 
1 0 -3.62248e-36 
1 -1.26528e-87 -7.9501e-37 
1 -8.65387e-84 -3.84197e-39 
1 -2.70794e-80 -3.57119e-40 
1 -5.16547e-77 -7.79825e-41 
1 -6.74003e-74 -2.84716e-43 
1 -6.39064e-71 -2.62135e-44 
1 -4.56129e-68 -5.70192e-45 
1 -2.50325e-65 -1.56431e-47 
1 -1.06919e-62 -1.43007e-48 
1 -3.5741e-60 -3.10171e-49 
1 -9.35469e-58 -6.42584e-52 
1 -1.91005e-55 -5.84406e-53 
1 0 0 
1 0 0 
1 0 0 
1 0 0 
1 0 0 
1 0 0 
1 0 0 
1 0 0 
1 0 0 
1 0 0 
1 0 0 
1 0 0 
1 0 0 
1 0 0 
1 0 0 
1 0 0 
1 0 0 
1 0 0 
1 0 0 
1 0 0 
1 0 0 
1 0 0 
1 0 0 
1 0 0 
1 0 0 
1 0 0 
1 0 0 
1 0 0 
1 0 0 
1 0 0 
1 0 0 
1 0 0 
1 0 0 
1 0 0 
1 0 0 
1 0 0 
1 0 0 
1 0 0 
1 0 0 
1 0 0 
1 0 0 
1 0 0 
1 0 0 
1 0 0 
1 0 0 
1 0 0 
1 0 0 
1 0 0 
1 0 -6.24402e-39 
1 0 -4.67865e-37 
1 0 -1.01571e-37 
1 0 -2.20581e-40 
1 0 -3.87982e-37 
1 0 -1.35294e-32 
1 0 -2.24017e-31 
1 0 -5.17726e-30 
1 0 -1.14367e-30 
1 0 -7.39751e-33 
1 0 -6.96818e-34 
1 0 -1.52985e-34 
1 0 -7.52655e-37 
1 0 -6.99991e-38 
1 0 -1.52887e-38 
1 0 -5.66044e-41 
1 0 -5.21308e-42 
1 0 -1.13408e-42 
1 -4.63427e-89 -3.14398e-45 
1 -3.17117e-85 -2.87467e-46 
1 -9.92895e-82 -6.23535e-47 
1 -1.89528e-78 -1.30173e-49 
1 -2.47503e-75 -1.18399e-50 
1 -2.34902e-72 -2.56264e-51 
1 -1.67856e-69 -4.07496e-54 
1 -9.22506e-67 -3.69212e-55 
1 -3.94712e-64 -7.97873e-56 
1 -1.32233e-61 -9.77744e-59 
1 0 0 
1 0 0 
1 0 0 
1 0 0 
1 0 0 
1 0 0 
1 0 0 
1 0 0 
1 0 0 
1 0 0 
1 0 0 
1 0 0 
1 0 0 
1 0 0 
1 0 0 
1 0 0 
1 0 0 
1 0 0 
1 0 0 
1 0 0 
1 0 0 
1 0 0 
1 0 0 
1 0 0 
1 0 0 
1 0 0 
1 0 0 
1 0 0 
1 0 0 
1 0 0 
1 0 0 
1 0 0 
1 0 0 
1 0 0 
1 0 0 
1 0 0 
1 0 0 
1 0 0 
1 0 0 
1 0 0 
1 0 0 
1 0 0 
1 0 0 
1 0 0 
1 0 0 
1 0 0 
1 0 0 
1 0 0 
1 0 0 
1 0 -4.04812e-41 
1 0 -4.03018e-39 
1 0 -8.7293e-40 
1 0 -1.43771e-42 
1 0 -3.32965e-39 
1 0 -2.06753e-34 
1 0 -4.37081e-33 
1 0 -1.33828e-31 
1 0 -2.93982e-32 
1 0 -1.47323e-34 
1 0 -1.37092e-35 
1 0 -2.99496e-36 
1 0 -1.12482e-38 
1 0 -1.03625e-39 
1 0 -2.2546e-40 
1 0 -6.31719e-43 
1 0 -5.77706e-44 
1 0 -1.25317e-44 
1 0 -2.63663e-47 
1 0 -2.39837e-48 
1 -6.0896e-90 -5.19129e-49 
1 -4.16749e-86 -8.30229e-52 
1 -1.30501e-82 -7.52272e-53 
1 -2.49144e-79 -1.62571e-53 
1 -3.25414e-76 -2.00078e-56 
1 -3.08912e-73 -1.80765e-57 
1 -2.208e-70 -3.90181e-58 
1 -1.21386e-67 -3.7305e-61 
1 -5.19573e-65 -3.36295e-62 
1 0 0 
1 0 0 
1 0 0 
1 0 0 
1 0 0 
1 0 0 
1 0 0 
1 0 0 
1 0 0 
1 0 0 
1 0 0 
1 0 0 
1 0 0 
1 0 0 
1 0 0 
1 0 0 
1 0 0 
1 0 0 
1 0 0 
1 0 0 
1 0 0 
1 0 0 
1 0 0 
1 0 0 
1 0 0 
1 0 0 
1 0 0 
1 0 0 
1 0 0 
1 0 0 
1 0 0 
1 0 0 
1 0 0 
1 0 0 
1 0 0 
1 0 0 
1 0 0 
1 0 0 
1 0 0 
1 0 0 
1 0 0 
1 0 0 
1 0 0 
1 0 0 
1 0 0 
1 0 0 
1 0 0 
1 0 0 
1 0 0 
1 0 0 
1 0 -2.02087e-43 
1 0 -2.63703e-41 
1 0 -5.70202e-42 
1 0 -7.20616e-45 
1 0 -2.17267e-41 
1 0 -2.37221e-36 
1 0 -6.51788e-35 
1 0 -2.68133e-33 
1 0 -5.86191e-34 
1 0 -2.2341e-36 
1 0 -2.05885e-37 
1 0 -4.4801e-38 
1 0 -1.26897e-40 
1 0 -1.16068e-41 
1 0 -2.51795e-42 
1 0 -5.33964e-45 
1 0 -4.85761e-46 
1 0 -1.05148e-46 
1 0 -1.69136e-49 
1 0 -1.53263e-50 
1 0 -3.31219e-51 
1 0 -4.09402e-54 
1 -2.42002e-104 -3.69897e-55 
1 -4.8955e-100 -7.98433e-56 
1 -2.12033e-96 -7.65907e-59 
1 -1.42275e-94 -6.9046e-60 
1 8.8925e-91 -1.48902e-60 
1 -1.00906e-88 -1.11478e-63 
1 3.31095e-85 -1.00323e-64 
1 3.8631e-82 -2.16199e-65 
1 0 0 
1 0 0 
1 0 0 
1 0 0 
1 0 0 
1 0 0 
1 0 0 
1 0 0 
1 0 0 
1 0 0 
1 0 0 
1 0 0 
1 0 0 
1 0 0 
1 0 0 
1 0 0 
1 0 0 
1 0 0 
1 0 0 
1 0 0 
1 0 0 
1 0 0 
1 0 0 
1 0 0 
1 0 0 
1 0 0 
1 0 0 
1 0 0 
1 0 0 
1 0 0 
1 0 0 
1 0 0 
1 0 0 
1 0 0 
1 0 0 
1 0 0 
1 0 0 
1 0 0 
1 0 0 
1 0 0 
1 0 0 
1 0 0 
1 0 0 
1 0 0 
1 0 0 
1 0 0 
1 0 0 
1 0 0 
1 0 0 
1 0 0 
1 0 -7.83495e-46 
1 0 -1.3256e-43 
1 0 -2.86263e-44 
1 0 -2.80253e-47 
1 0 -1.08992e-43 
1 0 -2.0465e-38 
1 0 -7.33948e-37 
1 0 -4.08619e-35 
1 0 -8.89802e-36 
1 0 -2.54837e-38 
1 0 -2.33131e-39 
1 0 -5.05786e-40 
1 0 -1.08121e-42 
1 0 -9.83704e-44 
1 0 -2.12941e-44 
1 0 -3.44537e-47 
1 0 -3.12221e-48 
1 0 -6.74761e-49 
1 0 -8.37683e-52 
1 0 -7.56876e-53 
1 0 -1.63376e-53 
1 0 -1.57243e-56 
1 0 -1.41756e-57 
1 0 -3.05709e-58 
1 0 -2.2947e-61 
1 0 -2.0651e-62 
1 0 -4.45037e-63 
1 0 -2.60774e-66 
1 0 -2.34357e-67 
1 0 -5.04763e-68 
1 0 0 
1 0 0 
1 0 0 
1 0 0 
1 0 0 
1 0 0 
1 0 0 
1 0 0 
1 0 0 
1 0 0 
1 0 0 
1 0 0 
1 0 0 
1 0 0 
1 0 0 
1 0 0 
1 0 0 
1 0 0 
1 0 0 
1 0 0 
1 0 0 
1 0 0 
1 0 0 
1 0 0 
1 0 0 
1 0 0 
1 0 0 
1 0 0 
1 0 0 
1 0 0 
1 0 0 
1 0 0 
1 0 0 
1 0 0 
1 0 0 
1 0 0 
1 0 0 
1 0 0 
1 0 0 
1 0 0 
1 0 0 
1 0 0 
1 0 0 
1 0 0 
1 0 0 
1 0 0 
1 0 0 
1 0 0 
1 0 0 
1 0 0 
1 0 -2.37082e-48 
1 0 -5.16683e-46 
1 0 -1.11466e-46 
1 0 -8.50099e-50 
1 0 -4.24152e-46 
1 0 -1.34054e-40 
1 0 -6.24419e-39 
1 0 -4.67865e-37 
1 0 -1.01571e-37 
1 0 -2.18898e-40 
1 0 -1.99177e-41 
1 0 -4.31174e-42 
1 0 -7.01775e-45 
1 0 -6.35989e-46 
1 0 -1.37451e-46 
1 0 -1.7139e-49 
1 0 -1.54863e-50 
1 0 -3.34285e-51 
1 0 -3.22814e-54 
1 0 -2.91027e-55 
1 0 -6.27629e-56 
1 0 -4.72337e-59 
1 0 -4.25082e-60 
1 0 -9.16074e-61 
1 0 -5.37897e-64 
1 0 -4.83411e-65 
1 0 -1.04118e-65 
1 0 -4.74837e-69 
1 0 -4.26261e-70 
1 0 -9.17671e-71 
1 0 0 
1 0 0 
1 0 0 
1 0 0 
1 0 0 
1 0 0 
1 0 0 
1 0 0 
1 0 0 
1 0 0 
1 0 0 
1 0 0 
1 0 0 
1 0 0 
1 0 0 
1 0 0 
1 0 0 
1 0 0 
1 0 0 
1 0 0 
1 0 0 
1 0 0 
1 0 0 
1 0 0 
1 0 0 
1 0 0 
1 0 0 
1 0 0 
1 0 0 
1 0 0 
1 0 0 
1 0 0 
1 0 0 
1 0 0 
1 0 0 
1 0 0 
1 0 0 
1 0 0 
1 0 0 
1 0 0 
1 0 0 
1 0 0 
1 0 0 
1 0 0 
1 0 0 
1 0 0 
1 0 0 
1 0 0 
1 0 0 
1 0 0 
1 0 -5.60152e-51 
1 0 -1.56999e-48 
1 0 -3.38437e-49 
1 0 -2.01243e-52 
1 0 -1.28724e-48 
1 0 -6.74425e-43 
1 0 -4.04818e-41 
1 0 -4.03018e-39 
1 0 -8.7293e-40 
1 0 -1.4293e-42 
1 0 -1.29538e-43 
1 0 -2.79967e-44 
1 0 -3.50648e-47 
1 0 -3.16844e-48 
1 0 -6.83947e-49 
1 0 -6.62706e-52 
1 0 -5.97463e-53 
1 0 -1.2885e-53 
1 0 -9.72233e-57 
1 0 -8.74977e-58 
1 0 -1.88563e-58 
1 0 -1.1095e-61 
1 0 -9.97126e-63 
1 0 -2.14765e-63 
1 0 -9.81093e-67 
1 0 -8.8073e-68 
1 0 -1.89608e-68 
1 0 -6.64892e-72 
1 0 -5.96326e-73 
1 0 -1.28331e-73 
1 0 0 
1 0 0 
1 0 0 
1 0 0 
1 0 0 
1 0 0 
1 0 0 
1 0 0 
1 0 0 
1 0 0 
1 0 0 
1 0 0 
1 0 0 
1 0 0 
1 0 0 
1 0 0 
1 0 0 
1 0 0 
1 0 0 
1 0 0 
1 0 0 
1 0 0 
1 0 0 
1 0 0 
1 0 0 
1 0 0 
1 0 0 
1 0 0 
1 0 0 
1 0 0 
1 0 0 
1 0 0 
1 0 0 
1 0 0 
1 0 0 
1 0 0 
1 0 0 
1 0 0 
1 0 0 
1 0 0 
1 0 0 
1 0 0 
1 0 0 
1 0 0 
1 0 0 
1 0 0 
1 0 0 
1 0 0 
1 0 0 
1 0 0 
1 0 -1.02824e-53 
1 0 -3.72175e-51 
1 0 -8.01782e-52 
1 0 -3.69996e-55 
1 0 -3.04848e-51 
1 0 -2.63035e-45 
1 0 -2.02089e-43 
1 0 -2.63703e-41 
1 0 -5.70202e-42 
1 0 -7.17353e-45 
1 0 -6.48221e-46 
1 0 -1.39928e-46 
1 0 -1.36043e-49 
1 0 -1.22652e-50 
1 0 -2.64516e-51 
1 0 -2.00115e-54 
1 0 -1.80099e-55 
1 0 -3.88128e-56 
1 0 -2.28851e-59 
1 0 -2.05673e-60 
1 0 -4.42988e-61 
1 0 -2.02709e-64 
1 0 -1.81973e-65 
1 0 -3.91761e-66 
1 0 -1.37568e-69 
1 0 -1.23382e-70 
1 0 -2.65522e-71 
1 0 -7.00908e-75 
1 0 -6.28148e-76 
1 0 -1.35137e-76 
1 0 0 
1 0 0 
1 0 0 
1 0 0 
1 0 0 
1 0 0 
1 0 0 
1 0 0 
1 0 0 
1 0 0 
1 0 0 
1 0 0 
1 0 0 
1 0 0 
1 0 0 
1 0 0 
1 0 0 
1 0 0 
1 0 0 
1 0 0 
1 0 0 
1 0 0 
1 0 0 
1 0 0 
1 0 0 
1 0 0 
1 0 0 
1 0 0 
1 0 0 
1 0 0 
1 0 0 
1 0 0 
1 0 0 
1 0 0 
1 0 0 
1 0 0 
1 0 0 
1 0 0 
1 0 0 
1 0 0 
1 0 0 
1 0 0 
1 0 0 
1 0 0 
1 0 0 
1 0 0 
1 0 0 
1 0 0 
1 0 0 
1 0 0 
1 0 -1.44939e-56 
1 0 -6.85026e-54 
1 0 -1.47501e-54 
1 0 -5.22218e-58 
1 0 -5.60659e-54 
1 0 -7.99642e-48 
1 0 -7.83499e-46 
1 0 -1.3256e-43 
1 0 -2.86263e-44 
1 0 -2.79264e-47 
1 0 -2.51782e-48 
1 0 -5.43006e-49 
1 0 -4.1189e-52 
1 0 -3.70697e-53 
1 0 -7.98885e-54 
1 0 -4.72033e-57 
1 0 -4.24229e-58 
1 0 -9.13727e-59 
1 0 -4.18823e-62 
1 0 -3.75983e-63 
1 0 -8.09436e-64 
1 0 -2.84631e-67 
1 0 -2.55281e-68 
1 0 -5.49373e-69 
1 0 -1.45187e-72 
1 0 -1.30116e-73 
1 0 -2.79926e-74 
1 0 -5.36951e-78 
1 0 -4.80902e-79 
1 0 -1.03432e-79 
1 0 0 
1 0 0 
1 0 0 
1 0 0 
1 0 0 
1 0 0 
1 0 0 
1 0 0 
1 0 0 
1 0 0 
1 0 0 
1 0 0 
1 0 0 
1 0 0 
1 0 0 
1 0 0 
1 0 0 
1 0 0 
1 0 0 
1 0 0 
1 0 0 
1 0 0 
1 0 0 
1 0 0 
1 0 0 
1 0 0 
1 0 0 
1 0 0 
1 0 0 
1 0 0 
1 0 0 
1 0 0 
1 0 0 
1 0 0 
1 0 0 
1 0 0 
1 0 0 
1 0 0 
1 0 0 
1 0 0 
1 0 0 
1 0 0 
1 0 0 
1 0 0 
1 0 0 
1 0 0 
1 0 0 
1 0 0 
1 0 0 
1 0 0 
1 0 -1.53636e-59 
1 0 -9.67743e-57 
1 0 -2.08289e-57 
1 0 -5.54153e-61 
1 0 -7.91532e-57 
1 0 -1.89632e-50 
1 0 -2.37083e-48 
1 0 -5.16683e-46 
1 0 -1.11466e-46 
1 0 -8.47763e-50 
1 0 -7.62988e-51 
1 0 -1.64432e-51 
1 0 -9.73612e-55 
1 0 -8.7502e-56 
1 0 -1.88467e-56 
1 0 -8.65339e-60 
1 0 -7.7683e-61 
1 0 -1.6724e-61 
1 0 -5.88904e-65 
1 0 -5.28179e-66 
1 0 -1.13666e-66 
1 0 -3.00742e-70 
1 0 -2.69523e-71 
1 0 -5.79842e-72 
1 0 -1.11332e-75 
1 0 -9.97114e-77 
1 0 -2.14459e-77 
1 0 -2.81395e-81 
1 0 -2.51886e-82 
1 0 -5.41633e-83 
1 0 0 
1 0 0 
1 0 0 
1 0 0 
1 0 0 
1 0 0 
1 0 0 
1 0 0 
1 0 0 
1 0 0 
1 0 0 
1 0 0 
1 0 0 
1 0 0 
1 0 0 
1 0 0 
1 0 0 
1 0 0 
1 0 0 
1 0 0 
1 0 0 
1 0 0 
1 0 0 
1 0 0 
1 0 0 
1 0 0 
1 0 0 
1 0 0 
1 0 0 
1 0 0 
1 0 0 
1 0 0 
1 0 0 
1 0 0 
1 0 0 
1 0 0 
1 0 0 
1 0 0 
1 0 0 
1 0 0 
1 0 0 
1 0 0 
1 0 0 
1 0 0 
1 0 0 
1 0 0 
1 0 0 
1 0 0 
1 0 0 
1 0 0 
1 0 -1.18244e-62 
1 0 -1.02771e-59 
1 0 -2.21118e-60 
1 0 -4.26886e-64 
1 0 -8.4012e-60 
1 0 -3.49145e-53 
1 0 -5.60153e-51 
1 0 -1.56999e-48 
1 0 -3.38437e-49 
1 0 -2.00814e-52 
1 0 -1.8048e-53 
1 0 -3.8873e-54 
1 0 -1.78788e-57 
1 0 -1.60502e-58 
1 0 -3.45538e-59 
1 0 -1.21844e-62 
1 0 -1.09281e-63 
1 0 -2.35176e-64 
1 0 -6.22957e-68 
1 0 -5.58292e-69 
1 0 -1.20109e-69 
1 0 -2.30839e-73 
1 0 -2.06743e-74 
1 0 -4.44663e-75 
1 0 -5.83928e-79 
1 0 -5.22692e-80 
1 0 -1.12395e-80 
1 0 -8.99006e-85 
1 0 -8.04358e-86 
1 0 -1.7293e-86 
1 0 0 
1 0 0 
1 0 0 
1 0 0 
1 0 0 
1 0 0 
1 0 0 
1 0 0 
1 0 0 
1 0 0 
1 0 0 
1 0 0 
1 0 0 
1 0 0 
1 0 0 
1 0 0 
1 0 0 
1 0 0 
1 0 0 
1 0 0 
1 0 0 
1 0 0 
1 0 0 
1 0 0 
1 0 0 
1 0 0 
1 0 0 
1 0 0 
1 0 0 
1 0 0 
1 0 0 
1 0 0 
1 0 0 
1 0 0 
1 0 0 
1 0 0 
1 0 0 
1 0 0 
1 0 0 
1 0 0 
1 0 0 
1 0 0 
1 0 0 
1 0 0 
1 0 0 
1 0 0 
1 0 0 
1 0 0 
1 0 0 
1 0 0 
1 0 -6.22103e-66 
1 0 -7.92187e-63 
1 0 -1.70395e-63 
1 0 -2.24765e-67 
1 0 -6.47296e-63 
1 0 -4.93366e-56 
1 0 -1.02825e-53 
1 0 -3.72175e-51 
1 0 -8.01782e-52 
1 0 -3.69391e-55 
1 0 -3.31612e-56 
1 0 -7.13917e-57 
1 0 -2.52094e-60 
1 0 -2.26101e-61 
1 0 -4.86579e-62 
1 0 -1.29039e-65 
1 0 -1.15645e-66 
1 0 -2.48794e-67 
1 0 -4.78624e-71 
1 0 -4.28665e-72 
1 0 -9.21971e-73 
1 0 -1.21172e-76 
1 0 -1.08465e-77 
1 0 -2.33234e-78 
1 0 -1.86684e-82 
1 0 -1.6703e-83 
1 0 -3.59098e-84 
1 0 -1.31412e-88 
1 0 -1.17531e-89 
1 0 -2.5264e-90 
1 0 0 
1 0 0 
1 0 0 
1 0 0 
1 0 0 
1 0 0 
1 0 0 
1 0 0 
1 0 0 
1 0 0 
1 0 0 
1 0 0 
1 0 0 
1 0 0 
1 0 0 
1 0 0 
1 0 0 
1 0 0 
1 0 0 
1 0 0 
1 0 0 
1 0 0 
1 0 0 
1 0 0 
1 0 0 
1 0 0 
1 0 0 
1 0 0 
1 0 0 
1 0 0 
1 0 0 
1 0 0 
1 0 0 
1 0 0 
1 0 0 
1 0 0 
1 0 0 
1 0 0 
1 0 0 
1 0 0 
1 0 0 
1 0 0 
1 0 0 
1 0 0 
1 0 0 
1 0 0 
1 0 0 
1 0 0 
1 0 0 
1 0 0 
1 0 -1.9941e-69 
1 0 -4.17329e-66 
1 0 -8.97427e-67 
1 0 -7.20937e-71 
1 0 -3.40869e-66 
1 0 -5.24045e-59 
1 0 -1.4494e-56 
1 0 -6.85026e-54 
1 0 -1.47501e-54 
1 0 -5.21577e-58 
1 0 -4.67799e-59 
1 0 -1.00673e-59 
1 0 -2.6729e-63 
1 0 -2.39545e-64 
1 0 -5.1535e-65 
1 0 -9.92383e-69 
1 0 -8.88799e-70 
1 0 -1.91163e-70 
1 0 -2.51445e-74 
1 0 -2.25077e-75 
1 0 -4.83987e-76 
1 0 -3.87659e-80 
1 0 -3.46847e-81 
1 0 -7.45689e-82 
1 0 -2.73043e-86 
1 0 -2.44202e-87 
1 0 -5.24929e-88 
1 0 0 
1 0 0 
1 0 0 
1 0 0 
1 0 0 
1 0 0 
1 0 0 
1 0 0 
1 0 0 
1 0 0 
1 0 0 
1 0 0 
1 0 0 
1 0 0 
1 0 0 
1 0 0 
1 0 0 
1 0 0 
1 0 0 
1 0 0 
1 0 0 
1 0 0 
1 0 0 
1 0 0 
1 0 0 
1 0 0 
1 0 0 
1 0 0 
1 0 0 
1 0 0 
1 0 0 
1 0 0 
1 0 0 
1 0 0 
1 0 0 
1 0 0 
1 0 0 
1 0 0 
1 0 0 
1 0 0 
1 0 0 
1 0 0 
1 0 0 
1 0 0 
1 0 0 
1 0 0 
1 0 0 
1 0 0 
1 0 0 
1 0 0 
1 0 0 
1 0 0 
1 0 0 
1 0 -2.92302e-73 
1 0 -1.3392e-69 
1 0 -2.87922e-70 
1 0 -1.05736e-74 
1 0 -1.09349e-69 
1 0 -4.04021e-62 
1 0 -1.53636e-59 
1 0 -9.67743e-57 
1 0 -2.08289e-57 
1 0 -5.5366e-61 
1 0 -4.96191e-62 
1 0 -1.06749e-62 
1 0 -2.05761e-66 
1 0 -1.84284e-67 
1 0 -3.96358e-68 
1 0 -5.21777e-72 
1 0 -4.6706e-73 
1 0 -1.00433e-73 
1 0 -8.04996e-78 
1 0 -7.20246e-79 
1 0 -1.54846e-79 
1 0 -5.67322e-84 
1 0 -5.07397e-85 
1 0 -1.09068e-85 
1 0 0 
1 0 0 
1 0 0 
1 0 0 
1 0 0 
1 0 0 
1 0 0 
1 0 0 
1 0 0 
1 0 0 
1 0 0 
1 0 0 
1 0 0 
1 0 0 
1 0 0 
1 0 0 
1 0 0 
1 0 0 
1 0 0 
1 0 0 
1 0 0 
1 0 0 
1 0 0 
1 0 0 
1 0 0 
1 0 0 
1 0 0 
1 0 0 
1 0 0 
1 0 0 
1 0 0 
1 0 0 
1 0 0 
1 0 0 
1 0 0 
1 0 0 
1 0 0 
1 0 0 
1 0 0 
1 0 0 
1 0 0 
1 0 0 
1 0 0 
1 0 0 
1 0 0 
1 0 0 
1 0 0 
1 0 0 
1 0 0 
1 0 0 
1 0 0 
1 0 0 
1 0 0 
1 0 0 
1 0 0 
1 0 0 
1 0 0 
1 0 -1.96489e-73 
1 0 -4.22366e-74 
1 0 0 
1 0 -1.60393e-73 
1 0 -2.12872e-65 
1 0 -1.18244e-62 
1 0 -1.02771e-59 
1 0 -2.21118e-60 
1 0 -4.26626e-64 
1 0 -3.82096e-65 
1 0 -8.21812e-66 
1 0 -1.08275e-69 
1 0 -9.69202e-71 
1 0 -2.08409e-71 
1 0 -1.67162e-75 
1 0 -1.49563e-76 
1 0 -3.21547e-77 
1 0 -1.17877e-81 
1 0 -1.05426e-82 
1 0 -2.26619e-83 
1 0 0 
1 0 0 
1 0 0 
1 0 0 
1 0 0 
1 0 0 
1 0 0 
1 0 0 
1 0 0 
1 0 0 
1 0 0 
1 0 0 
1 0 0 
1 0 0 
1 0 0 
1 0 0 
1 0 0 
1 0 0 
1 0 0 
1 0 0 
1 0 0 
1 0 0 
1 0 0 
1 0 0 
1 0 0 
1 0 0 
1 0 0 
1 0 0 
1 0 0 
1 0 0 
1 0 0 
1 0 0 
1 0 0 
1 0 0 
1 0 0 
1 0 0 
1 0 0 
1 0 0 
1 0 0 
1 0 0 
1 0 0 
1 0 0 
1 0 0 
1 0 0 
1 0 0 
1 0 0 
1 0 0 
1 0 0 
1 0 0 
1 0 0 
1 0 0 
1 0 0 
1 0 0 
1 0 0 
1 0 0 
1 0 0 
1 0 0 
1 0 0 
1 0 0 
1 0 0 
1 0 0 
1 0 0 
1 0 0 
1 0 0 
1 0 -6.8319e-69 
1 0 -6.22103e-66 
1 0 -7.92187e-63 
1 0 -1.70395e-63 
1 0 -2.24682e-67 
1 0 -2.0112e-68 
1 0 -4.32472e-69 
1 0 -3.47121e-73 
1 0 -3.10576e-74 
1 0 -6.67711e-75 
1 0 -2.44921e-79 
1 0 -2.1905e-80 
1 0 -4.70863e-81 
1 0 0 
1 0 0 
1 0 0 
1 0 0 
1 0 0 
1 0 0 
1 0 0 
1 0 0 
1 0 0 
1 0 0 
1 0 0 
1 0 0 
1 0 0 
1 0 0 
1 0 0 
1 0 0 
1 0 0 
1 0 0 
1 0 0 
1 0 0 
1 0 0 
1 0 0 
1 0 0 
1 0 0 
1 0 0 
1 0 0 
1 0 0 
1 0 0 
1 0 0 
1 0 0 
1 0 0 
1 0 0 
1 0 0 
1 0 0 
1 0 0 
1 0 0 
1 0 0 
1 0 0 
1 0 0 
1 0 0 
1 0 0 
1 0 0 
1 0 0 
1 0 0 
1 0 0 
1 0 0 
1 0 0 
1 0 0 
1 0 0 
1 0 0 
1 0 0 
1 0 0 
1 0 0 
1 0 0 
1 0 0 
1 0 0 
1 0 0 
1 0 0 
1 0 0 
1 0 0 
1 0 0 
1 0 0 
1 0 0 
1 0 0 
1 0 0 
1 0 0 
1 0 0 
1 0 -1.00249e-72 
1 0 -1.9941e-69 
1 0 -4.17329e-66 
1 0 -8.97427e-67 
1 0 -7.20815e-71 
1 0 -6.44928e-72 
1 0 -1.38654e-72 
1 0 -5.08889e-77 
1 0 -4.55137e-78 
1 0 -9.78347e-79 
1 0 0 
1 0 0 
1 0 0 
1 0 0 
1 0 0 
1 0 0 
1 0 0 
1 0 0 
1 0 0 
1 0 0 
1 0 0 
1 0 0 
1 0 0 
1 0 0 
1 0 0 
1 0 0 
1 0 0 
1 0 0 
1 0 0 
1 0 0 
1 0 0 
1 0 0 
1 0 0 
1 0 0 
1 0 0 
1 0 0 
1 0 0 
1 0 0 
1 0 0 
1 0 0 
1 0 0 
1 0 0 
1 0 0 
1 0 0 
1 0 0 
1 0 0 
1 0 0 
1 0 0 
1 0 0 
1 0 0 
1 0 0 
1 0 0 
1 0 0 
1 0 0 
1 0 0 
1 0 0 
1 0 0 
1 0 0 
1 0 0 
1 0 0 
1 0 0 
1 0 0 
1 0 0 
1 0 0 
1 0 0 
1 0 0 
1 0 0 
1 0 0 
1 0 0 
1 0 0 
1 0 0 
1 0 0 
1 0 0 
1 0 0 
1 0 0 
1 0 0 
1 0 0 
1 0 0 
1 0 0 
1 0 0 
1 0 0 
1 0 -2.92302e-73 
1 0 -1.3392e-69 
1 0 -2.87922e-70 
1 0 -1.05736e-74 
1 0 -9.4567e-76 
1 0 -2.03278e-76 
1 0 0 
1 0 0 
1 0 0 
1 0 0 
1 0 0 
1 0 0 
1 0 0 
1 0 0 
1 0 0 
1 0 0 
1 0 0 
1 0 0 
1 0 0 
1 0 0 
1 0 0 
1 0 0 
1 0 0 
1 0 0 
1 0 0 
1 0 0 
1 0 0 
1 0 0 
1 0 0 
1 0 0 
1 0 0 
1 0 0 
1 0 0 
1 0 0 
1 0 0 
1 0 0 
1 0 0 
1 0 0 
1 0 0 
1 0 0 
1 0 0 
1 0 0 
1 0 0 
1 0 0 
1 0 0 
1 0 0 
1 0 0 
1 0 0 
1 0 0 
1 0 0 
1 0 0 
1 0 0 
1 0 0 
1 0 0 
1 0 0 
1 0 0 
1 0 0 
1 0 0 
1 0 0 
1 0 0 
1 0 0 
1 0 0 
1 0 0 
1 0 0 
1 0 0 
1 0 0 
1 0 0 
1 0 0 
1 0 0 
1 0 0 
1 0 0 
1 0 0 
1 0 0 
1 0 0 
1 0 0 
1 0 0 
1 0 0 
1 0 0 
1 0 0 
1 0 0 
1 0 0 
1 0 -1.96489e-73 
1 0 -4.22366e-74 
1 0 0 
1 0 0 
1 0 0 
1 0 0 
1 0 0 
1 0 0 
1 0 0 
1 0 0 
1 0 0 
1 0 0 
1 0 0 
1 0 0 
1 0 0 
1 0 0 
1 0 0 
1 0 0 
1 0 0 
1 0 0 
1 0 0 
1 0 0 
1 0 0 
1 0 0 
1 0 0 
1 0 0 
1 0 0 
1 0 0 
1 0 0 
1 0 0 
1 0 0 
1 0 0 
1 0 0 
1 0 0 
1 0 0 
1 0 0 
1 0 0 
1 0 0 
1 0 0 
1 0 0 
1 0 0 
1 0 0 
1 0 0 
1 0 0 
1 0 0 
1 0 0 
1 0 0 
1 0 0 
1 0 0 
1 0 0 
1 0 0 
1 0 0 
1 0 0 
1 0 0 
1 0 0 
1 0 0 
1 0 0 
1 0 0 
1 0 0 
1 0 0 
1 0 0 
1 0 0 
1 0 0 
1 0 0 
1 0 0 
1 0 0 
1 0 0 
1 0 0 
1 0 0 
1 0 0 
1 0 0 
1 0 0 
1 0 0 
1 0 0 
1 0 0 
1 0 0 
1 0 0 
1 0 0 
1 0 0 
1 0 0 
1 0 0 
1 0 0 
1 0 0 
1 0 0 
1 0 0 
1 0 0 
1 0 0 
1 0 0 
1 0 0 
1 0 0 
1 0 0 
1 0 0 
1 0 0 
1 0 0 
1 0 0 
1 0 0 
1 0 0 
1 0 0 
1 0 0 
1 0 0 
1 0 0 
1 0 0 
1 0 0 
1 0 0 
1 0 0 
1 0 0 
1 0 0 
1 0 0 
1 0 0 
1 0 0 
1 0 0 
1 0 0 
1 0 0 
1 0 0 
1 0 0 
1 0 0 
1 0 0 
1 0 0 
1 0 0 
1 0 0 
1 0 0 
1 0 0 
1 0 0 
1 0 0 
1 0 0 
1 0 0 
1 0 0 
1 0 0 
1 0 0 
1 0 0 
1 0 0 
1 0 0 
1 0 0 
1 0 0 
1 0 0 
1 0 0 
1 0 0 
1 0 0 
1 0 0 
1 0 0 
1 0 0 
1 0 0 
1 0 0 
1 0 0 
1 0 0 
1 0 0 
1 0 0 
1 0 0 
1 0 0 
1 0 0 
1 0 0 
1 0 0 
1 0 0 
1 0 0 
1 0 0 
1 0 0 
1 0 0 
1 0 0 
1 0 0 
1 0 0 
1 0 0 
1 0 0 
1 0 0 
1 0 0 
1 0 0 
1 0 0 
1 0 0 
1 0 0 
1 0 0 
1 0 0 
1 0 0 
1 0 0 
1 0 0 
1 0 0 
1 0 0 
1 0 0 
1 0 0 
1 0 0 
1 0 0 
1 0 0 
1 0 0 
1 0 0 
1 0 0 
1 0 0 
1 0 0 
1 0 0 
1 0 0 
1 0 0 
1 0 0 
1 0 0 
1 0 0 
1 0 0 
1 0 0 
1 0 0 
1 0 0 
1 0 0 
1 0 0 
1 0 0 
1 0 0 
1 0 0 
1 0 0 
1 0 0 
1 0 0 
1 0 0 
1 0 0 
1 0 0 
1 0 0 
1 0 0 
1 0 0 
1 0 0 
1 0 0 
1 0 0 
1 0 0 
1 0 0 
1 0 0 
1 0 0 
1 0 0 
1 0 0 
1 0 0 
1 0 0 
1 0 0 
1 0 0 
1 0 0 
1 0 0 
1 0 0 
1 0 0 
1 0 0 
1 0 0 
1 0 0 
1 0 0 
1 0 0 
1 0 0 
1 0 0 
1 0 0 
1 0 0 
1 0 0 
1 0 0 
1 0 0 
1 0 0 
1 0 0 
1 0 0 
1 0 0 
1 0 0 
1 0 0 
1 0 0 
1 0 0 
1 0 0 
1 0 0 
1 0 0 
1 0 0 
1 0 0 
1 0 0 
1 0 0 
1 0 0 
1 0 0 
1 0 0 
1 0 0 
1 0 0 
1 0 0 
1 0 0 
1 0 0 
1 0 0 
1 0 0 
1 0 0 
1 0 0 
1 0 0 
1 0 0 
1 0 0 
1 0 0 
1 0 0 
1 0 0 
1 0 0 
1 0 0 
1 0 0 
1 0 0 
1 0 0 
1 0 0 
1 0 0 
1 0 0 
1 0 0 
1 0 0 
1 0 0 
1 0 0 
1 0 0 
1 0 0 
1 0 0 
1 0 0 
1 0 0 
1 0 0 
1 0 0 
1 0 0 
1 0 0 
1 0 0 
1 0 0 
1 0 0 
1 0 0 
1 0 0 
1 0 0 
1 0 0 
1 0 0 
1 0 0 
1 0 0 
1 0 0 
1 0 0 
1 0 0 
1 0 0 
1 0 0 
1 0 0 
1 0 0 
1 0 0 
1 0 0 
1 0 0 
1 0 0 
1 0 0 
1 0 0 
1 0 0 
1 0 0 
1 0 0 
1 0 0 
1 0 0 
1 0 0 
1 0 0 
1 0 0 
1 0 0 
1 0 0 
1 0 0 
1 0 0 
1 0 0 
1 0 0 
1 0 0 
1 0 0 
1 0 0 
1 0 0 
1 0 0 
1 0 0 
1 0 0 
1 0 0 
1 0 0 
1 0 0 
1 0 0 
1 0 0 
1 0 0 
1 0 0 
1 0 0 
1 0 0 
1 0 0 
1 0 0 
1 0 0 
1 0 0 
1 0 0 
1 0 0 
1 0 0 
1 0 0 
1 0 0 
1 0 0 
1 0 0 
1 0 0 
1 0 0 
1 0 0 
1 0 0 
1 0 0 
1 0 0 
1 0 0 
1 0 0 
1 0 0 
1 0 0 
1 0 0 
1 0 0 
1 0 0 
1 0 0 
1 0 0 
1 0 0 
1 0 0 
1 0 0 
1 0 0 
1 0 0 
1 0 0 
1 0 0 
1 0 0 
1 0 0 
1 0 0 
1 0 0 
1 0 0 
1 0 0 
1 0 0 
1 0 0 
1 0 0 
1 0 0 
1 0 0 
1 0 0 
1 0 0 
1 0 0 
1 0 0 
1 0 0 
1 0 0 
1 0 0 
1 0 0 
1 0 0 
1 0 0 
1 0 0 
1 0 0 
1 0 0 
1 0 0 
1 0 0 
1 0 0 
1 0 0 
1 0 0 
1 0 0 
1 0 0 
1 0 0 
1 0 0 
1 0 0 
1 0 0 
1 0 0 
1 0 0 
1 0 0 
1 0 0 
1 0 0 
1 0 0 
1 0 0 
1 0 0 
1 0 0 
1 0 0 
1 0 0 
1 0 0 
1 0 0 
1 0 0 
1 0 0 
1 0 0 
1 0 0 
1 0 0 
1 0 0 
1 0 0 
1 0 0 
1 0 0 
1 0 0 
1 0 0 
1 0 0 
1 0 0 
1 0 0 
1 0 0 
1 0 0 
1 0 0 
1 0 0 
1 0 0 
1 0 0 
1 0 0 
1 0 0 
1 0 0 
1 0 0 
1 0 0 
1 0 0 
1 0 0 
1 0 0 
1 0 0 
1 0 0 
1 0 0 
1 0 0 
1 0 0 
1 0 0 
1 0 0 
1 0 0 
1 0 0 
1 0 0 
1 0 0 
1 0 0 
1 0 0 
1 0 0 
1 0 0 
1 0 0 
1 0 0 
1 0 0 
1 0 0 
1 0 0 
1 0 0 
1 0 0 
1 0 0 
1 0 0 
1 0 0 
1 0 0 
1 0 0 
1 0 0 
1 0 0 
1 0 0 
1 0 0 
1 0 0 
1 0 0 
1 0 0 
1 0 0 
1 0 0 
1 0 0 
1 0 0 
1 0 0 
1 0 0 
1 0 0 
1 0 0 
1 0 0 
1 0 0 
1 0 0 
1 0 0 
1 0 0 
1 0 0 
1 0 0 
1 0 0 
1 0 0 
1 0 0 
1 0 0 
1 0 0 
1 0 0 
1 0 0 
1 0 0 
1 0 0 
1 0 0 
1 0 0 
1 0 0 
1 0 0 
1 0 0 
1 0 0 
1 0 0 
1 0 0 
1 0 0 
1 0 0 
1 0 0 
1 0 0 
1 0 0 
1 0 0 
1 0 0 
1 0 0 
1 0 0 
1 0 0 
1 0 0 
1 0 0 
1 0 0 
1 0 0 
1 0 0 
1 0 0 
1 0 0 
1 0 0 
1 0 0 
1 0 0 
1 0 0 
1 0 0 
1 0 0 
1 0 0 
1 0 0 
1 0 0 
1 0 0 
1 0 0 
1 0 0 
1 0 0 
1 0 0 
1 0 0 
1 0 0 
1 0 0 
1 0 0 
1 0 0 
1 0 0 
1 0 0 
1 0 0 
1 0 0 
1 0 0 
1 0 0 
1 0 0 
1 0 0 
1 0 0 
1 0 0 
1 0 0 
1 0 0 
1 0 0 
1 0 0 
1 0 0 
1 0 0 
1 0 0 
1 0 0 
1 0 0 
1 0 0 
1 0 0 
1 0 0 
1 0 0 
1 0 0 
1 0 0 
1 0 0 
1 0 0 
1 0 0 
1 0 0 
1 0 0 
1 0 0 
1 0 0 
1 0 0 
1 0 0 
1 0 0 
1 0 0 
1 0 0 
1 0 0 
1 0 0 
1 0 0 
1 0 0 
1 0 0 
1 0 0 
1 0 0 
1 0 0 
1 0 0 
1 0 0 
1 0 0 
1 0 0 
1 0 0 
1 0 0 
1 0 0 
1 0 0 
1 0 0 
1 0 0 
1 0 0 
1 0 0 
1 0 0 
1 0 0 
1 0 0 
1 0 0 
1 0 0 
1 0 0 
1 0 0 
1 0 0 
1 0 0 
1 0 0 
1 0 0 
1 0 0 
1 0 0 
1 0 0 
1 0 0 
1 0 0 
1 0 0 
1 0 0 
1 0 0 
1 0 0 
1 0 0 
1 0 0 
1 0 0 
1 0 0 
1 0 0 
1 0 0 
1 0 0 
1 0 0 
1 0 0 
1 0 0 
1 0 0 
1 0 0 
1 0 0 
1 0 0 
1 0 0 
1 0 0 
1 0 0 
1 0 0 
1 0 0 
1 0 0 
1 0 0 
1 0 0 
1 0 0 
1 0 0 
1 0 0 
1 0 0 
1 0 0 
1 0 0 
1 0 0 
1 0 0 
1 0 0 
1 0 0 
1 0 0 
1 0 0 
1 0 0 
1 0 0 
1 0 0 
1 0 0 
1 0 0 
1 0 0 
1 0 0 
1 0 0 
1 0 0 
1 0 0 
1 0 0 
1 0 0 
1 0 0 
1 0 0 
1 0 0 
1 0 0 
1 0 0 
1 0 0 
1 0 0 
1 0 0 
1 0 0 
1 0 0 
1 0 0 
1 0 0 
1 0 0 
1 0 0 
1 0 0 
1 0 0 
1 0 0 
1 0 0 
1 0 0 
1 0 0 
1 0 0 
1 0 0 
1 0 0 
1 0 0 
1 0 0 
1 0 0 
1 0 0 
1 0 0 
1 0 0 
1 0 0 
1 0 0 
1 0 0 
1 0 0 
1 0 0 
1 0 0 
1 0 0 
1 0 0 
1 0 0 
1 0 0 
1 0 0 
1 0 0 
1 0 0 
1 0 0 
1 0 0 
1 0 0 
1 0 0 
1 0 0 
1 0 0 
1 0 0 
1 0 0 
1 0 0 
1 0 0 
1 0 0 
1 0 0 
1 0 0 
1 0 0 
1 0 0 
1 0 0 
1 0 0 
1 0 0 
1 0 0 
1 0 0 
1 0 0 
1 0 0 
1 0 0 
1 0 0 
1 0 0 
1 0 0 
1 0 0 
1 0 0 
1 0 0 
1 0 0 
1 0 0 
1 0 0 
1 0 0 
1 0 0 
1 0 0 
1 0 0 
1 0 0 
1 0 0 
1 0 0 
1 0 0 
1 0 0 
1 0 0 
1 0 0 
1 0 0 
1 0 0 
1 0 0 
1 0 0 
1 0 0 
1 0 0 
1 0 0 
1 0 0 
1 0 0 
1 0 0 
1 0 0 
1 0 0 
1 0 0 
1 0 0 
1 0 0 
1 0 0 
1 0 0 
1 0 0 
1 0 0 
1 0 0 
1 0 0 
1 0 0 
1 0 0 
1 0 0 
1 0 0 
1 0 0 
1 0 0 
1 0 0 
1 0 0 
1 0 0 
1 0 0 
1 0 0 
1 0 0 
1 0 0 
1 0 0 
1 0 0 
1 0 0 
1 0 0 
1 0 0 
1 0 0 
1 0 0 
1 0 0 
1 0 0 
1 0 0 
1 0 0 
1 0 0 
1 0 0 
1 0 0 
1 0 0 
1 0 0 
1 0 0 
1 0 0 
1 0 0 
1 0 0 
1 0 0 
1 0 0 
1 0 0 
1 0 0 
1 0 0 
1 0 0 
1 0 0 
1 0 0 
1 0 0 
1 0 0 
1 0 0 
1 0 0 
1 0 0 
1 0 0 
1 0 0 
1 0 0 
1 0 0 
1 0 0 
1 0 0 
1 0 0 
1 0 0 
1 0 0 
1 0 0 
1 0 0 
1 0 0 
1 0 0 
1 0 0 
1 0 0 
1 0 0 
1 0 0 
1 0 0 
1 0 0 
1 0 0 
1 0 0 
1 0 0 
1 0 0 
1 0 0 
1 0 0 
1 0 0 
1 0 0 
1 0 0 
1 0 0 
1 0 0 
1 0 0 
1 0 0 
1 0 0 
1 0 0 
1 0 0 
1 0 0 
1 0 0 
1 0 0 
1 0 0 
1 0 0 
1 0 0 
1 0 0 
1 0 0 
1 0 0 
1 0 0 
1 0 0 
1 0 0 
1 0 0 
1 0 0 
1 0 0 
1 0 0 
1 0 0 
1 0 0 
1 0 0 
1 0 0 
1 0 0 
1 0 0 
1 0 0 
1 0 0 
1 0 0 
1 0 0 
1 0 0 
1 0 0 
1 0 0 
1 0 0 
1 0 0 
1 0 0 
1 0 0 
1 0 0 
1 0 0 
1 0 0 
1 0 0 
1 0 0 
1 0 0 
1 0 0 
1 0 0 
1 0 0 
1 0 0 
1 0 0 
1 0 0 
1 0 0 
1 0 0 
1 0 0 
1 0 0 
1 0 0 
1 0 0 
1 0 0 
1 0 0 
1 0 0 
1 0 0 
1 0 0 
1 0 0 
1 0 0 
1 0 0 
1 0 0 
1 0 0 
1 0 0 
1 0 0 
1 0 0 
1 0 0 
1 0 0 
1 0 0 
1 0 0 
1 0 0 
1 0 0 
1 0 0 
1 0 0 
1 0 0 
1 0 0 
1 0 0 
1 0 0 
1 0 0 
1 0 0 
1 0 0 
1 0 0 
1 0 0 
1 0 0 
1 0 0 
1 0 0 
1 0 0 
1 0 0 
1 0 0 
1 0 0 
1 0 0 
1 0 0 
1 0 0 
1 0 0 
1 0 0 
1 0 0 
1 0 0 
1 0 0 
1 0 0 
1 0 0 
1 0 0 
1 0 0 
1 0 0 
1 0 0 
1 0 0 
1 0 0 
1 0 0 
1 0 0 
1 0 0 
1 0 0 
1 0 0 
1 0 0 
1 0 0 
1 0 0 
1 0 0 
1 0 0 
1 0 0 
1 0 0 
1 0 0 
1 0 0 
1 0 0 
1 0 0 
1 0 0 
1 0 0 
1 0 0 
1 0 0 
1 0 0 
1 0 0 
1 0 0 
1 0 0 
1 0 0 
1 0 0 
1 0 0 
1 0 0 
1 0 0 
1 0 0 
1 0 0 
1 0 0 
1 0 0 
1 0 0 
1 0 0 
1 0 0 
1 0 0 
1 0 0 
1 0 0 
1 0 0 
1 0 0 
1 0 0 
1 0 0 
1 0 0 
1 0 0 
1 0 0 
1 0 0 
1 0 0 
1 0 0 
1 0 0 
1 0 0 
1 0 0 
1 0 0 
1 0 0 
1 0 0 
1 0 0 
1 0 0 
1 0 0 
1 0 0 
1 0 0 
1 0 0 
1 0 0 
1 0 0 
1 0 0 
1 0 0 
1 0 0 
1 0 0 
1 0 0 
1 0 0 
1 0 0 
1 0 0 
1 0 0 
1 0 0 
1 0 0 
1 0 0 
1 0 0 
1 0 0 
1 0 0 
1 0 0 
1 0 0 
1 0 0 
1 0 0 
1 0 0 
1 0 0 
1 0 0 
1 0 0 
1 0 0 
1 0 0 
1 0 0 
1 0 0 
1 0 0 
1 0 0 
1 0 0 
1 0 0 
1 0 0 
1 0 0 
1 0 0 
1 0 0 
1 0 0 
1 0 0 
1 0 0 
1 0 0 
1 0 0 
1 0 0 
1 0 0 
1 0 0 
1 0 0 
1 0 0 
1 0 0 
1 0 0 
1 0 0 
1 0 0 
1 0 0 
1 0 0 
1 0 0 
1 0 0 
1 0 0 
1 0 0 
1 0 0 
1 0 0 
1 0 0 
1 0 0 
1 0 0 
1 0 0 
1 0 0 
1 0 0 
1 0 0 
1 0 0 
1 0 0 
1 0 0 
1 0 0 
1 0 0 
1 0 0 
1 0 0 
1 0 0 
1 0 0 
1 0 0 
1 0 0 
1 0 0 
1 0 0 
1 0 0 
1 0 0 
1 0 0 
1 0 0 
1 0 0 
1 0 0 
1 0 0 
1 0 0 
1 0 0 
1 0 0 
1 0 0 
1 0 0 
1 0 0 
1 0 0 
1 0 0 
1 0 0 
1 0 0 
1 0 0 
1 0 0 
1 0 0 
1 0 0 
1 0 0 
1 0 0 
1 0 0 
1 0 0 
1 0 0 
1 0 0 
1 0 0 
1 0 0 
1 0 0 
1 0 0 
1 0 0 
1 0 0 
1 0 0 
1 0 0 
1 0 0 
1 0 0 
1 0 0 
1 0 0 
1 0 0 
1 0 0 
1 0 0 
1 0 0 
1 0 0 
1 0 0 
1 0 0 
1 0 0 
1 0 0 
1 0 0 
1 0 0 
1 0 0 
1 0 0 
1 0 0 
1 0 0 
1 0 0 
1 0 0 
1 0 0 
1 0 0 
1 0 0 
1 0 0 
1 0 0 
1 0 0 
1 0 0 
1 0 0 
1 0 0 
1 0 0 
1 0 0 
1 0 0 
1 0 0 
1 0 0 
1 0 0 
1 0 0 
1 0 0 
1 0 0 
1 0 0 
1 0 0 
1 0 0 
1 0 0 
1 0 0 
1 0 0 
1 0 0 
1 0 0 
1 0 0 
1 0 0 
1 0 0 
1 0 0 
1 0 0 
1 0 0 
1 0 0 
1 0 0 
1 0 0 
1 0 0 
1 0 0 
1 0 0 
1 0 0 
1 0 0 
1 0 0 
1 0 0 
1 0 0 
1 0 0 
1 0 0 
1 0 0 
1 0 0 
1 0 0 
1 0 0 
1 0 0 
1 0 0 
1 0 0 
1 0 0 
1 0 0 
1 0 0 
1 0 0 
1 0 0 
1 0 0 
1 0 0 
1 0 0 
1 0 0 
1 0 0 
1 0 0 
1 0 0 
1 0 0 
1 0 0 
1 0 0 
1 0 0 
1 0 0 
1 0 0 
1 0 0 
1 0 0 
1 0 0 
1 0 0 
1 0 0 
1 0 0 
1 0 0 
1 0 0 
1 0 0 
1 0 0 
1 0 0 
1 0 0 
1 0 0 
1 0 0 
1 0 0 
1 0 0 
1 0 0 
1 0 0 
1 0 0 
1 0 0 
1 0 0 
1 0 0 
1 0 0 
1 0 0 
1 0 0 
1 0 0 
1 0 0 
1 0 0 
1 0 0 
1 0 0 
1 0 0 
1 0 0 
1 0 0 
1 0 0 
1 0 0 
1 0 0 
1 0 0 
1 0 0 
1 0 0 
1 0 0 
1 0 0 
1 0 0 
1 0 0 
1 0 0 
1 0 0 
1 0 0 
1 0 0 
1 0 0 
1 0 0 
1 0 0 
1 0 0 
1 0 0 
1 0 0 
1 0 0 
1 0 0 
1 0 0 
1 0 0 
1 0 0 
1 0 0 
1 0 0 
1 0 0 
1 0 0 
1 0 0 
1 0 0 
1 0 0 
1 0 0 
1 0 0 
1 0 0 
1 0 0 
1 0 0 
1 0 0 
1 0 0 
1 0 0 
1 0 0 
1 0 0 
1 0 0 
1 0 0 
1 0 0 
1 0 0 
1 0 0 
1 0 0 
1 0 0 
1 0 0 
1 0 0 
1 0 0 
1 0 0 
1 0 0 
1 0 0 
1 0 0 
1 0 0 
1 0 0 
1 0 0 
1 0 0 
1 0 0 
1 0 0 
1 0 0 
1 0 0 
1 0 0 
1 0 0 
1 0 0 
1 0 0 
1 0 0 
1 0 0 
1 0 0 
1 0 0 
1 0 0 
1 0 0 
1 0 0 
1 0 0 
1 0 0 
1 0 0 
1 0 0 
1 0 0 
1 0 0 
1 0 0 
1 0 0 
1 0 0 
1 0 0 
1 0 0 
1 0 0 
1 0 0 
1 0 0 
1 0 0 
1 0 0 
1 0 0 
1 0 0 
1 0 0 
1 0 0 
1 0 0 
1 0 0 
1 0 0 
1 0 0 
1 0 0 
1 0 0 
1 0 0 
1 0 0 
1 0 0 
1 0 0 
1 0 0 
1 0 0 
1 0 0 
1 0 0 
1 0 0 
1 0 0 
1 0 0 
1 0 0 
1 0 0 
1 0 0 
1 0 0 
1 0 0 
1 0 0 
1 0 0 
1 0 0 
1 0 0 
1 0 0 
1 0 0 
1 0 0 
1 0 0 
1 0 0 
1 0 0 
1 0 0 
1 0 0 
1 0 0 
1 0 0 
1 0 0 
1 0 0 
1 0 0 
1 0 0 
1 0 0 
1 0 0 
1 0 0 
1 0 0 
1 0 0 
1 0 0 
1 0 0 
1 0 0 
1 0 0 
1 0 0 
1 0 0 
1 0 0 
1 0 0 
1 0 0 
1 0 0 
1 0 0 
1 0 0 
1 0 0 
1 0 0 
1 0 0 
1 0 0 
1 0 0 
1 0 0 
1 0 0 
1 0 0 
1 0 0 
1 0 0 
1 0 0 
1 0 0 
1 0 0 
1 0 0 
1 0 0 
1 0 0 
1 0 0 
1 0 0 
1 0 0 
1 0 0 
1 0 0 
1 0 0 
1 0 0 
1 0 0 
1 0 0 
1 0 0 
1 0 0 
1 0 0 
1 0 0 
1 0 0 
1 0 0 
1 0 0 
1 0 0 
1 0 0 
1 0 0 
1 0 0 
1 0 0 
1 0 0 
1 0 0 
1 0 0 
1 0 0 
1 0 0 
1 0 0 
1 0 0 
1 0 0 
1 0 0 
1 0 0 
1 0 0 
1 0 0 
1 0 0 
1 0 0 
1 0 0 
1 0 0 
1 0 0 
1 0 0 
1 0 0 
1 0 0 
1 0 0 
1 0 0 
1 0 0 
1 0 0 
1 0 0 
1 0 0 
1 0 0 
1 0 0 
1 0 0 
1 0 0 
1 0 0 
1 0 0 
1 0 0 
1 0 0 
1 0 0 
1 0 0 
1 0 0 
1 0 0 
1 0 0 
1 0 0 
1 0 0 
1 0 0 
1 0 0 
1 0 0 
1 0 0 
1 0 0 
1 0 0 
1 0 0 
1 0 0 
1 0 0 
1 0 0 
1 0 0 
1 0 0 
1 0 0 
1 0 0 
1 0 0 
1 0 0 
1 0 0 
1 0 0 
1 0 0 
1 0 0 
1 0 0 
1 0 0 
1 0 0 
1 0 0 
1 0 0 
1 0 0 
1 0 0 
1 0 0 
1 0 0 
1 0 0 
1 0 0 
1 0 0 
1 0 0 
1 0 0 
1 0 0 
1 0 0 
1 0 0 
1 0 0 
1 0 0 
1 0 0 
1 0 0 
1 0 0 
1 0 0 
1 0 0 
1 0 0 
1 0 0 
1 0 0 
1 0 0 
1 0 0 
1 0 0 
1 0 0 
1 0 0 
1 0 0 
1 0 0 
1 0 0 
1 0 0 
1 0 0 
1 0 0 
1 0 0 
1 0 0 
1 0 0 
1 0 0 
1 0 0 
1 0 0 
1 0 0 
1 0 0 
1 0 0 
1 0 0 
1 0 0 
1 0 0 
1 0 0 
1 0 0 
1 0 0 
1 0 0 
1 0 0 
1 0 0 
1 0 0 
1 0 0 
1 0 0 
1 0 0 
1 0 0 
1 0 0 
1 0 0 
1 0 0 
1 0 0 
1 0 0 
1 0 0 
1 0 0 
1 0 0 
1 0 0 
1 0 0 
1 0 0 
1 0 0 
1 0 0 
1 0 0 
1 0 0 
1 0 0 
1 0 0 
1 0 0 
1 0 0 
1 0 0 
1 0 0 
1 0 0 
1 0 0 
1 0 0 
1 0 0 
1 0 0 
1 0 0 
1 0 0 
1 0 0 
1 0 0 
1 0 0 
1 0 0 
1 0 0 
1 0 0 
1 0 0 
1 0 0 
1 0 0 
1 0 0 
1 0 0 
1 0 0 
1 0 0 
1 0 0 
1 0 0 
1 0 0 
1 0 0 
1 0 0 
1 0 0 
1 0 0 
1 0 0 
1 0 0 
1 0 0 
1 0 0 
1 0 0 
1 0 0 
1 0 0 
1 0 0 
1 0 0 
1 0 0 
1 0 0 
1 0 0 
1 0 0 
1 0 0 
1 0 0 
1 0 0 
1 0 0 
1 0 0 
1 0 0 
1 0 0 
1 0 0 
1 0 0 
1 0 0 
1 0 0 
1 0 0 
1 0 0 
1 0 0 
1 0 0 
1 0 0 
1 0 0 
1 0 0 
1 0 0 
1 0 0 
1 0 0 
1 0 0 
1 0 0 
1 0 0 
1 0 0 
1 0 0 
1 0 0 
1 0 0 
1 0 0 
1 0 0 
1 0 0 
1 0 0 
1 0 0 
1 0 0 
1 0 0 
1 0 0 
1 0 0 
1 0 0 
1 0 0 
1 0 0 
1 0 0 
1 0 0 
1 0 0 
1 0 0 
1 0 0 
1 0 0 
1 0 0 
1 0 0 
1 0 0 
1 0 0 
1 0 0 
1 0 0 
1 0 0 
1 0 0 
1 0 0 
1 0 0 
1 0 0 
1 0 0 
1 0 0 
1 0 0 
1 0 0 
1 0 0 
1 0 0 
1 0 0 
1 0 0 
1 0 0 
1 0 0 
1 0 0 
1 0 0 
1 0 0 
1 0 0 
1 0 0 
1 0 0 
1 0 0 
1 0 0 
1 0 0 
1 0 0 
1 0 0 
1 0 0 
1 0 0 
1 0 0 
1 0 0 
1 0 0 
1 0 0 
1 0 0 
1 0 0 
1 0 0 
1 0 0 
1 0 0 
1 0 0 
1 0 0 
1 0 0 
1 0 0 
1 0 0 
1 0 0 
1 0 0 
1 0 0 
1 0 0 
1 0 0 
1 0 0 
1 0 0 
1 0 0 
1 0 0 
1 0 0 
1 0 0 
1 0 0 
1 0 0 
1 0 0 
1 0 0 
1 0 0 
1 0 0 
1 0 0 
1 0 0 
1 0 0 
1 0 0 
1 0 0 
1 0 0 
1 0 0 
1 0 0 
1 0 0 
1 0 0 
1 0 0 
1 0 0 
1 0 0 
1 0 0 
1 0 0 
1 0 0 
1 0 0 
1 0 0 
1 0 0 
1 0 0 
1 0 0 
1 0 0 
1 0 0 
1 0 0 
1 0 0 
1 0 0 
1 0 0 
1 0 0 
1 0 0 
1 0 0 
1 0 0 
1 0 0 
1 0 0 
1 0 0 
1 0 0 
1 0 0 
1 0 0 
1 0 0 
1 0 0 
1 0 0 
1 0 0 
1 0 0 
1 0 0 
1 0 0 
1 0 0 
1 0 0 
1 0 0 
1 0 0 
1 0 0 
1 0 0 
1 0 0 
1 0 0 
1 0 0 
1 0 0 
1 0 0 
1 0 0 
1 0 0 
1 0 0 
1 0 0 
1 0 0 
1 0 0 
1 0 0 
1 0 0 
1 0 0 
1 0 0 
1 0 0 
1 0 0 
1 0 0 
1 0 0 
1 0 0 
1 0 0 
1 0 0 
1 0 0 
1 0 0 
1 0 0 
1 0 0 
1 0 0 
1 0 0 
1 0 0 
1 0 0 
1 0 0 
1 0 0 
1 0 0 
1 0 0 
1 0 0 
1 0 0 
1 0 0 
1 0 0 
1 0 0 
1 0 0 
1 0 0 
1 0 0 
1 0 0 
1 0 0 
1 0 0 
1 0 0 
1 0 0 
1 0 0 
1 0 0 
1 0 0 
1 0 0 
1 0 0 
1 0 0 
1 0 0 
1 0 0 
1 0 0 
1 0 0 
1 0 0 
1 0 0 
1 0 0 
1 0 0 
1 0 0 
1 0 0 
1 0 0 
1 0 0 
1 0 0 
1 0 0 
1 0 0 
1 0 0 
1 0 0 
1 0 0 
1 0 0 
1 0 0 
1 0 0 
1 0 0 
1 0 0 
1 0 0 
1 0 0 
1 0 0 
1 0 0 
1 0 0 
1 0 0 
1 0 0 
1 0 0 
1 0 0 
1 0 0 
1 0 0 
1 0 0 
1 0 0 
1 0 0 
1 0 0 
1 0 0 
1 0 0 
1 0 0 
1 0 0 
1 0 0 
1 0 0 
1 0 0 
1 0 0 
1 0 0 
1 0 0 
1 0 0 
1 0 0 
1 0 0 
1 0 0 
1 0 0 
1 0 0 
1 0 0 
1 0 0 
1 0 0 
1 0 0 
1 0 0 
1 0 0 
1 0 0 
1 0 0 
1 0 0 
1 0 0 
1 0 0 
1 0 0 
1 0 0 
1 0 0 
1 0 0 
1 0 0 
1 0 0 
1 0 0 
1 0 0 
1 0 0 
1 0 0 
1 0 0 
1 0 0 
1 0 0 
1 0 0 
1 0 0 
1 0 0 
1 0 0 
1 0 0 
1 0 0 
1 0 0 
1 0 0 
1 0 0 
1 0 0 
1 0 0 
1 0 0 
1 0 0 
1 0 0 
1 0 0 
1 0 0 
1 0 0 
1 0 0 
1 0 0 
1 0 0 
1 0 0 
1 0 0 
1 0 0 
1 0 0 
1 0 0 
1 0 0 
1 0 0 
1 0 0 
1 0 0 
1 0 0 
1 0 0 
1 0 0 
1 0 0 
1 0 0 
1 0 0 
1 0 0 
1 0 0 
1 0 0 
1 0 0 
1 0 0 
1 0 0 
1 0 0 
1 0 0 
1 0 0 
1 0 0 
1 0 0 
1 0 0 
1 0 0 
1 0 0 
1 0 0 
1 0 0 
1 0 0 
1 0 0 
1 0 0 
1 0 0 
1 0 0 
1 0 0 
1 0 0 
1 0 0 
1 0 0 
1 0 0 
1 0 0 
1 0 0 
1 0 0 
1 0 0 
1 0 0 
1 0 0 
1 0 0 
1 0 0 
1 0 0 
1 0 0 
1 0 0 
1 0 0 
1 0 0 
1 0 0 
1 0 0 
1 0 0 
1 0 0 
1 0 0 
1 0 0 
1 0 0 
1 0 0 
1 0 0 
1 0 0 
1 0 0 
1 0 0 
1 0 0 
1 0 0 
1 0 0 
1 0 0 
1 0 0 
1 0 0 
1 0 0 
1 0 0 
1 0 0 
1 0 0 
1 0 0 
1 0 0 
1 0 0 
1 0 0 
1 0 0 
1 0 0 
1 0 0 
1 0 0 
1 0 0 
1 0 0 
1 0 0 
1 0 0 
1 0 0 
1 0 0 
1 0 0 
1 0 0 
1 0 0 
1 0 0 
1 0 0 
1 0 0 
1 0 0 
1 0 0 
1 0 0 
1 0 0 
1 0 0 
1 0 0 
1 0 0 
1 0 0 
1 0 0 
1 0 0 
1 0 0 
1 0 0 
1 0 0 
1 0 0 
1 0 0 
1 0 0 
1 0 0 
1 0 0 
1 0 0 
1 0 0 
1 0 0 
1 0 0 
1 0 0 
1 0 0 
1 0 0 
1 0 0 
1 0 0 
1 0 0 
1 0 0 
1 0 0 
1 0 0 
1 0 0 
1 0 0 
1 0 0 
1 0 0 
1 0 0 
1 0 0 
1 0 0 
1 0 0 
1 0 0 
1 0 0 
1 0 0 
1 0 0 
1 0 0 
1 0 0 
1 0 0 
1 0 0 
1 0 0 
1 0 0 
1 0 0 
1 0 0 
1 0 0 
1 0 0 
1 0 0 
1 0 0 
1 0 0 
1 0 0 
1 0 0 
1 0 0 
1 0 0 
1 0 0 
1 0 0 
1 0 0 
1 0 0 
1 0 0 
1 0 0 
1 0 0 
1 0 0 
1 0 0 
1 0 0 
1 0 0 
1 0 0 
1 0 0 
1 0 0 
1 0 0 
1 0 0 
1 0 0 
1 0 0 
1 0 0 
1 0 0 
1 0 0 
1 0 0 
1 0 0 
1 0 0 
1 0 0 
1 0 0 
1 0 0 
1 0 0 
1 0 0 
1 0 0 
1 0 0 
1 0 0 
1 0 0 
1 0 0 
1 0 0 
1 0 0 
1 0 0 
1 0 0 
1 0 0 
1 0 0 
1 0 0 
1 0 0 
1 0 0 
1 0 0 
1 0 0 
1 0 0 
1 0 0 
1 0 0 
1 0 0 
1 0 0 
1 0 0 
1 0 0 
1 0 0 
1 0 0 
1 0 0 
1 0 0 
1 0 0 
1 0 0 
1 0 0 
1 0 0 
1 0 0 
1 0 0 
1 0 0 
1 0 0 
1 0 0 
1 0 0 
1 0 0 
1 0 0 
1 0 0 
1 0 0 
1 0 0 
1 0 0 
1 0 0 
1 0 0 
1 0 0 
1 0 0 
1 0 0 
1 0 0 
1 0 0 
1 0 0 
1 0 0 
1 0 0 
1 0 0 
1 0 0 
1 0 0 
1 0 0 
1 0 0 
1 0 0 
1 0 0 
1 0 0 
1 0 0 
1 0 0 
1 0 0 
1 0 0 
1 0 0 
1 0 0 
1 0 0 
1 0 0 
1 0 0 
1 0 0 
1 0 0 
1 0 0 
1 0 0 
1 0 0 
1 0 0 
1 0 0 
1 0 0 
1 0 0 
1 0 0 
1 0 0 
1 0 0 
1 0 0 
1 0 0 
1 0 0 
1 0 0 
1 0 0 
1 0 0 
1 0 0 
1 0 0 
1 0 0 
1 0 0 
1 0 0 
1 0 0 
1 0 0 
1 0 0 
1 0 0 
1 0 0 
1 0 0 
1 0 0 
1 0 0 
1 0 0 
1 0 0 
1 0 0 
1 0 0 
1 0 0 
1 0 0 
1 0 0 
1 0 0 
1 0 0 
1 0 0 
1 0 0 
1 0 0 
1 0 0 
1 0 0 
1 0 0 
1 0 0 
1 0 0 
1 0 0 
1 0 0 
1 0 0 
1 0 0 
1 0 0 
1 0 0 
1 0 0 
1 0 0 
1 0 0 
1 0 0 
1 0 0 
1 0 0 
1 0 0 
1 0 0 
1 0 0 
1 0 0 
1 0 0 
1 0 0 
1 0 0 
1 0 0 
1 0 0 
1 0 0 
1 0 0 
1 0 0 
1 0 0 
1 0 0 
1 0 0 
1 0 0 
1 0 0 
1 0 0 
1 0 0 
1 0 0 
1 0 0 
1 0 0 
1 0 0 
1 0 0 
1 0 0 
1 0 0 
1 0 0 
1 0 0 
1 0 0 
1 0 0 
1 0 0 
1 0 0 
1 0 0 
1 0 0 
1 0 0 
1 0 0 
1 0 0 
1 0 0 
1 0 0 
1 0 0 
1 0 0 
1 0 0 
1 0 0 
1 0 0 
1 0 0 
1 0 0 
1 0 0 
1 0 0 
1 0 0 
1 0 0 
1 0 0 
1 0 0 
1 0 0 
1 0 0 
1 0 0 
1 0 0 
1 0 0 
1 0 0 
1 0 0 
1 0 0 
1 0 0 
1 0 0 
1 0 0 
1 0 0 
1 0 0 
1 0 0 
1 0 0 
1 0 0 
1 0 0 
1 0 0 
1 0 0 
1 0 0 
1 0 0 
1 0 0 
1 0 0 
1 0 0 
1 0 0 
1 0 0 
1 0 0 
1 0 0 
1 0 0 
1 0 0 
1 0 0 
1 0 0 
1 0 0 
1 0 0 
1 0 0 
1 0 0 
1 0 0 
1 0 0 
1 0 0 
1 0 0 
1 0 0 
1 0 0 
1 0 0 
1 0 0 
1 0 0 
1 0 0 
1 0 0 
1 0 0 
1 0 0 
1 0 0 
1 0 0 
1 0 0 
1 0 0 
1 0 0 
1 0 0 
1 0 0 
1 0 0 
1 0 0 
1 0 0 
1 0 0 
1 0 0 
1 0 0 
1 0 0 
1 0 0 
1 0 0 
1 0 0 
1 0 0 
1 0 0 
1 0 0 
1 0 0 
1 0 0 
1 0 0 
1 0 0 
1 0 0 
1 0 0 
1 0 0 
1 0 0 
1 0 0 
1 0 0 
1 0 0 
1 0 0 
1 0 0 
1 0 0 
1 0 0 
1 0 0 
1 0 0 
1 0 0 
1 0 0 
1 0 0 
1 0 0 
1 0 0 
1 0 0 
1 0 0 
1 0 0 
1 0 0 
1 0 0 
1 0 0 
1 0 0 
1 0 0 
1 0 0 
1 0 0 
1 0 0 
1 0 0 
1 0 0 
1 0 0 
1 0 0 
1 0 0 
1 0 0 
1 0 0 
1 0 0 
1 0 0 
1 0 0 
1 0 0 
1 0 0 
1 0 0 
1 0 0 
1 0 0 
1 0 0 
1 0 0 
1 0 0 
1 0 0 
1 0 0 
1 0 0 
1 0 0 
1 0 0 
1 0 0 
1 0 0 
1 0 0 
1 0 0 
1 0 0 
1 0 0 
1 0 0 
1 0 0 
1 0 0 
1 0 0 
1 0 0 
1 0 0 
1 0 0 
1 0 0 
1 0 0 
1 0 0 
1 0 0 
1 0 0 
1 0 0 
1 0 0 
1 0 0 
1 0 0 
1 0 0 
1 0 0 
1 0 0 
1 0 0 
1 0 0 
1 0 0 
1 0 0 
1 0 0 
1 0 0 
1 0 0 
1 0 0 
1 0 0 
1 0 0 
1 0 0 
1 0 0 
1 0 0 
1 0 0 
1 0 0 
1 0 0 
1 0 0 
1 0 0 
1 0 0 
1 0 0 
1 0 0 
1 0 0 
1 0 0 
1 0 0 
1 0 0 
1 0 0 
1 0 0 
1 0 0 
1 0 0 
1 0 0 
1 0 0 
1 0 0 
1 0 0 
1 0 0 
1 0 0 
1 0 0 
1 0 0 
1 0 0 
1 0 0 
1 0 0 
1 0 0 
1 0 0 
1 0 0 
1 0 0 
1 0 0 
1 0 0 
1 0 0 
1 0 0 
1 0 0 
1 0 0 
1 0 0 
1 0 0 
1 0 0 
1 0 0 
1 0 0 
1 0 0 
1 0 0 
1 0 0 
1 0 0 
1 0 0 
1 0 0 
1 0 0 
1 0 0 
1 0 0 
1 0 0 
1 0 0 
1 0 0 
1 0 0 
1 0 0 
1 0 0 
1 0 0 
1 0 0 
1 0 0 
1 0 0 
1 0 0 
1 0 0 
1 0 0 
1 0 0 
1 0 0 
1 0 0 
1 0 0 
1 0 0 
1 0 0 
1 0 0 
1 0 0 
1 0 0 
1 0 0 
1 0 0 
1 0 0 
1 0 0 
1 0 0 
1 0 0 
1 0 0 
1 0 0 
1 0 0 
1 0 0 
1 0 0 
1 0 0 
1 0 0 
1 0 0 
1 0 0 
1 0 0 
1 0 0 
1 0 0 
1 0 0 
1 0 0 
1 0 0 
1 0 0 
1 0 0 
1 0 0 
1 0 0 
1 0 0 
1 0 0 
1 0 0 
1 0 0 
1 0 0 
1 0 0 
1 0 0 
1 0 0 
1 0 0 
1 0 0 
1 0 0 
1 0 0 
1 0 0 
1 0 0 
1 0 0 
1 0 0 
1 0 0 
1 0 0 
1 0 0 
1 0 0 
1 0 0 
1 0 0 
1 0 0 
1 0 0 
1 0 0 
1 0 0 
1 0 0 
1 0 0 
1 0 0 
1 0 0 
1 0 0 
1 0 0 
1 0 0 
1 0 0 
1 0 0 
1 0 0 
1 0 0 
1 0 0 
1 0 0 
1 0 0 
1 0 0 
1 0 0 
1 0 0 
1 0 0 
1 0 0 
1 0 0 
1 0 0 
1 0 0 
1 0 0 
1 0 0 
1 0 0 
1 0 0 
1 0 0 
1 0 0 
1 0 0 
1 0 0 
1 0 0 
1 0 0 
1 0 0 
1 0 0 
1 0 0 
1 0 0 
1 0 0 
1 0 0 
1 0 0 
1 0 0 
1 0 0 
1 0 0 
1 0 0 
1 0 0 
1 0 0 
1 0 0 
1 0 0 
1 0 0 
1 0 0 
1 0 0 
1 0 0 
1 0 0 
1 0 0 
1 0 0 
1 0 0 
1 0 0 
1 0 0 
1 0 0 
1 0 0 
1 0 0 
1 0 0 
1 0 0 
1 0 0 
1 0 0 
1 0 0 
1 0 0 
1 0 0 
1 0 0 
1 0 0 
1 0 0 
1 0 0 
1 0 0 
1 0 0 
1 0 0 
1 0 0 
1 0 0 
1 0 0 
1 0 0 
1 0 0 
1 0 0 
1 0 0 
1 0 0 
1 0 0 
1 0 0 
1 0 0 
1 0 0 
1 0 0 
1 0 0 
1 0 0 
1 0 0 
1 0 0 
1 0 0 
1 0 0 
1 0 0 
1 0 0 
1 0 0 
1 0 0 
1 0 0 
1 0 0 
1 0 0 
1 0 0 
1 0 0 
1 0 0 
1 0 0 
1 0 0 
1 0 0 
1 0 0 
1 0 0 
1 0 0 
1 0 0 
1 0 0 
1 0 0 
1 0 0 
1 0 0 
1 0 0 
1 0 0 
1 0 0 
1 0 0 
1 0 0 
1 0 0 
1 0 0 
1 0 0 
1 0 0 
1 0 0 
1 0 0 
1 0 0 
1 0 0 
1 0 0 
1 0 0 
1 0 0 
1 0 0 
1 0 0 
1 0 0 
1 0 0 
1 0 0 
1 0 0 
1 0 0 
1 0 0 
1 0 0 
1 0 0 
1 0 0 
1 0 0 
1 0 0 
1 0 0 
1 0 0 
1 0 0 
1 0 0 
1 0 0 
1 0 0 
1 0 0 
1 0 0 
1 0 0 
1 0 0 
1 0 0 
1 0 0 
1 0 0 
1 0 0 
1 0 0 
1 0 0 
1 0 0 
1 0 0 
1 0 0 
1 0 0 
1 0 0 
1 0 0 
1 0 0 
1 0 0 
1 0 0 
1 0 0 
1 0 0 
1 0 0 
1 0 0 
1 0 0 
1 0 0 
