2 0 0 
2 0 0 
2 0 0 
2 0 0 
2 0 0 
2 0 0 
2 0 0 
2 0 0 
2 0 0 
2 0 0 
2 0 0 
2 0 0 
2 0 0 
2 0 0 
2 0 0 
2 0 0 
2 0 0 
2 0 0 
2 0 0 
2 0 0 
2 0 0 
2 0 0 
2 0 0 
2 0 0 
2 0 0 
2 0 0 
2 0 0 
2 0 0 
2 0 0 
2 0 0 
2 0 0 
2 0 0 
2 0 0 
2 0 0 
2 0 0 
2 0 0 
2 0 0 
2 0 0 
2 0 0 
2 0 0 
2 0 0 
2 0 0 
2 0 0 
2 0 0 
2 0 0 
2 0 0 
2 0 0 
2 0 0 
2 0 0 
2 0 0 
2 0 0 
2 0 0 
2 0 0 
2 0 0 
2 0 0 
2 0 0 
2 0 0 
2 0 0 
2 0 0 
2 0 0 
2 0 0 
2 0 0 
2 0 0 
2 0 0 
2 0 0 
2 0 0 
2 0 0 
2 0 0 
2 0 0 
2 0 0 
2 0 0 
2 0 0 
2 0 0 
2 0 0 
2 0 0 
2 0 0 
2 0 0 
2 0 0 
2 0 0 
2 0 0 
2 0 0 
2 0 0 
2 0 0 
2 0 0 
2 0 0 
2 0 0 
2 0 0 
2 0 0 
2 0 0 
2 0 0 
2 0 0 
2 0 0 
2 0 0 
2 0 0 
2 0 0 
2 0 0 
2 0 0 
2 0 0 
2 0 0 
2 0 0 
2 0 0 
2 0 0 
2 0 0 
2 0 0 
2 0 0 
2 0 0 
2 0 0 
2 0 0 
2 0 0 
2 0 0 
2 0 0 
2 0 0 
2 0 0 
2 0 0 
2 0 0 
2 0 0 
2 0 0 
2 0 0 
2 0 0 
2 0 0 
2 0 0 
2 0 0 
2 0 0 
2 0 0 
2 0 0 
2 0 0 
2 0 0 
2 0 0 
2 0 0 
2 0 0 
2 0 0 
2 0 0 
2 0 0 
2 0 0 
2 0 0 
2 0 0 
2 0 0 
2 0 0 
2 0 0 
2 0 0 
2 0 0 
2 0 0 
2 0 0 
2 0 0 
2 0 0 
2 0 0 
2 0 0 
2 0 0 
2 0 0 
2 0 0 
2 0 0 
2 0 0 
2 0 0 
2 0 0 
2 0 0 
2 0 0 
2 0 0 
2 0 0 
2 0 0 
2 0 0 
2 0 0 
2 0 0 
2 0 0 
2 0 0 
2 0 0 
2 0 0 
2 0 0 
2 0 0 
2 0 0 
2 0 0 
2 0 0 
2 0 0 
2 0 0 
2 0 0 
2 0 0 
2 0 0 
2 0 0 
2 0 0 
2 0 0 
2 0 0 
2 0 0 
2 0 0 
2 0 0 
2 0 0 
2 0 0 
2 0 0 
2 0 0 
2 0 0 
2 0 0 
2 0 0 
2 0 0 
2 0 0 
2 0 0 
2 0 0 
2 0 0 
2 0 0 
2 0 0 
2 0 0 
2 0 0 
2 0 0 
2 0 0 
2 0 0 
2 0 0 
2 0 0 
2 0 0 
2 0 0 
2 0 0 
2 0 0 
2 0 0 
2 0 0 
2 0 0 
2 0 0 
2 0 0 
2 0 0 
2 0 0 
2 0 0 
2 0 0 
2 0 0 
2 0 0 
2 0 0 
2 0 0 
2 0 0 
2 0 0 
2 0 0 
2 0 0 
2 0 0 
2 0 0 
2 0 0 
2 0 0 
2 0 0 
2 0 0 
2 0 0 
2 0 0 
2 0 0 
2 0 0 
2 0 0 
2 0 0 
2 0 0 
2 0 0 
2 0 0 
2 0 0 
2 0 0 
2 0 0 
2 0 0 
2 0 0 
2 0 0 
2 0 0 
2 0 0 
2 0 0 
2 0 0 
2 0 0 
2 0 0 
2 0 0 
2 0 0 
2 0 0 
2 0 0 
2 0 0 
2 0 0 
2 0 0 
2 0 0 
2 0 0 
2 0 0 
2 0 0 
2 0 0 
2 0 0 
2 0 0 
2 0 0 
2 0 0 
2 0 0 
2 0 0 
2 0 0 
2 0 0 
2 0 0 
2 0 0 
2 0 0 
2 0 0 
2 0 0 
2 0 0 
2 0 0 
2 0 0 
2 0 0 
2 0 0 
2 0 0 
2 0 0 
2 0 0 
2 0 0 
2 0 0 
2 0 0 
2 0 0 
2 0 0 
2 0 0 
2 0 0 
2 0 0 
2 0 0 
2 0 0 
2 0 0 
2 0 0 
2 0 0 
2 0 0 
2 0 0 
2 0 0 
2 0 0 
2 0 0 
2 0 0 
2 0 0 
2 0 0 
2 0 0 
2 0 0 
2 0 0 
2 0 0 
2 0 0 
2 0 0 
2 0 0 
2 0 0 
2 0 0 
2 0 0 
2 0 0 
2 0 0 
2 0 0 
2 0 0 
2 0 0 
2 0 0 
2 0 0 
2 0 0 
2 0 0 
2 0 0 
2 0 0 
2 0 0 
2 0 0 
2 0 0 
2 0 0 
2 0 0 
2 0 0 
2 0 0 
2 0 0 
2 0 0 
2 0 0 
2 0 0 
2 0 0 
2 0 0 
2 0 0 
2 0 0 
2 0 0 
2 0 0 
2 0 0 
2 0 0 
2 0 0 
2 0 0 
2 0 0 
2 0 0 
2 0 0 
2 0 0 
2 0 0 
2 0 0 
2 0 0 
2 0 0 
2 0 0 
2 0 0 
2 0 0 
2 0 0 
2 0 0 
2 0 0 
2 0 0 
2 0 0 
2 0 0 
2 0 0 
2 0 0 
2 0 0 
2 0 0 
2 0 0 
2 0 0 
2 0 0 
2 0 0 
2 0 0 
2 0 0 
2 0 0 
2 0 0 
2 0 0 
2 0 0 
2 0 0 
2 0 0 
2 0 0 
2 0 0 
2 0 0 
2 0 0 
2 0 0 
2 0 0 
2 0 0 
2 0 0 
2 0 0 
2 0 0 
2 0 0 
2 0 0 
2 0 0 
2 0 0 
2 0 0 
2 0 0 
2 0 0 
2 0 0 
2 0 0 
2 0 0 
2 0 0 
2 0 0 
2 0 0 
2 0 0 
2 0 0 
2 0 0 
2 0 0 
2 0 0 
2 0 0 
2 0 0 
2 0 0 
2 0 0 
2 0 0 
2 0 0 
2 0 0 
2 0 0 
2 0 0 
2 0 0 
2 0 0 
2 0 0 
2 0 0 
2 0 0 
2 0 0 
2 0 0 
2 0 0 
2 0 0 
2 0 0 
2 0 0 
2 0 0 
2 0 0 
2 0 0 
2 0 0 
2 0 0 
2 0 0 
2 0 0 
2 0 0 
2 0 0 
2 0 0 
2 0 0 
2 0 0 
2 0 0 
2 0 0 
2 0 0 
2 0 0 
2 0 0 
2 0 0 
2 0 0 
2 0 0 
2 0 0 
2 0 0 
2 0 0 
2 0 0 
2 0 0 
2 0 0 
2 0 0 
2 0 0 
2 0 0 
2 0 0 
2 0 0 
2 0 -2.55495e-41 
2 0 0 
2 0 0 
2 0 0 
2 0 0 
2 0 0 
2 0 0 
2 0 0 
2 0 0 
2 0 0 
2 0 0 
2 0 0 
2 0 0 
2 0 0 
2 0 0 
2 0 0 
2 0 0 
2 0 0 
2 0 0 
2 0 2.55495e-41 
2 0 -5.25659e-38 
2 0 -8.33531e-58 
2 0 0 
2 0 0 
2 0 0 
2 0 0 
2 0 0 
2 0 0 
2 0 0 
2 0 0 
2 0 0 
2 0 0 
2 0 0 
2 0 0 
2 0 0 
2 0 0 
2 0 0 
2 0 0 
2 0 2.08383e-58 
2 0 5.25659e-38 
2 0 -2.05715e-33 
2 0 -5.26364e-54 
2 0 0 
2 0 0 
2 0 0 
2 0 0 
2 0 0 
2 0 0 
2 0 0 
2 0 0 
2 0 0 
2 0 0 
2 0 0 
2 0 0 
2 0 0 
2 0 0 
2 0 0 
2 0 0 
2 0 2.18341e-54 
2 0 2.05715e-33 
2 0 4.03906e-31 
2 0 -1.59754e-50 
2 0 7.91076e-56 
2 0 0 
2 0 0 
2 0 0 
2 0 0 
2 0 0 
2 0 0 
2 0 0 
2 0 0 
2 0 0 
2 0 0 
2 0 0 
2 0 0 
2 0 0 
2 0 0 
2 0 0 
2 0 6.66956e-51 
2 0 -4.03906e-31 
2 0 1.56345e-27 
2 0 -2.37108e-47 
2 0 3.21688e-52 
2 0 0 
2 0 0 
2 0 0 
2 0 0 
2 0 0 
2 0 0 
2 0 0 
2 0 0 
2 0 0 
2 0 0 
2 0 0 
2 0 0 
2 0 0 
2 0 0 
2 0 0 
2 0 9.19437e-48 
2 0 -1.56345e-27 
2 0 1.00747e-24 
2 0 -2.03214e-44 
2 0 5.85037e-49 
2 0 6.66032e-52 
2 0 0 
2 0 0 
2 0 0 
2 0 0 
2 0 0 
2 0 0 
2 0 0 
2 0 0 
2 0 0 
2 0 0 
2 0 0 
2 0 0 
2 0 0 
2 0 -5.61228e-57 
2 0 8.99012e-45 
2 0 -1.00747e-24 
2 0 7.95124e-23 
2 0 -1.11619e-41 
2 0 6.33844e-46 
2 0 2.07951e-48 
2 0 0 
2 0 0 
2 0 0 
2 0 0 
2 0 0 
2 0 0 
2 0 0 
2 0 0 
2 0 0 
2 0 0 
2 0 0 
2 0 0 
2 0 0 
2 0 -2.40852e-48 
2 0 6.30092e-42 
2 0 -7.95124e-23 
2 9.77674e-17 -7.45612e-21 
2 9.77674e-17 -4.18065e-39 
2 9.77674e-17 4.58145e-43 
2 9.77674e-17 2.95431e-45 
2 9.77674e-17 0 
2 9.77674e-17 0 
2 9.77674e-17 0 
2 9.77674e-17 0 
2 9.77674e-17 0 
2 9.77674e-17 0 
2 9.77674e-17 0 
2 9.77674e-17 0 
2 9.77674e-17 0 
2 9.77674e-17 0 
2 9.77674e-17 0 
2 9.77674e-17 0 
2 9.77674e-17 0 
2 9.77674e-17 -6.66832e-45 
2 9.77674e-17 2.95903e-39 
2 9.77674e-17 7.45612e-21 
2 2.12041e-14 8.83094e-18 
2 2.12041e-14 -1.11917e-36 
2 2.12041e-14 6.34476e-40 
2 2.12041e-14 2.52349e-42 
2 2.12041e-14 0 
2 2.12041e-14 0 
2 2.12041e-14 0 
2 2.12041e-14 0 
2 2.12041e-14 0 
2 2.12041e-14 0 
2 2.12041e-14 0 
2 2.12041e-14 0 
2 2.12041e-14 0 
2 2.12041e-14 0 
2 2.12041e-14 0 
2 2.12041e-14 0 
2 2.12041e-14 -5.33441e-45 
2 2.12041e-14 -2.74931e-41 
2 2.12041e-14 9.26285e-37 
2 2.12041e-14 -8.83774e-18 
2 1.37687e-12 -1.79706e-17 
2 1.37687e-12 -2.28264e-34 
2 1.37687e-12 -6.80071e-21 
2 1.37687e-12 1.44216e-39 
2 1.37687e-12 0 
2 1.37687e-12 0 
2 1.37687e-12 0 
2 1.37687e-12 0 
2 1.37687e-12 0 
2 1.37687e-12 0 
2 1.37687e-12 0 
2 1.37687e-12 0 
2 1.37687e-12 0 
2 1.37687e-12 0 
2 1.37687e-12 0 
2 1.37687e-12 0 
2 1.37687e-12 -1.94667e-41 
2 1.37687e-12 6.80071e-21 
2 1.37687e-12 5.20059e-35 
2 1.37687e-12 1.58726e-17 
2 6.53707e-11 -8.79463e-17 
2 6.53707e-11 -1.03184e-32 
2 6.53707e-11 -4.34611e-18 
2 6.53707e-11 5.80371e-37 
2 6.53707e-11 0 
2 6.53707e-11 0 
2 6.53707e-11 0 
2 6.53707e-11 0 
2 6.53707e-11 0 
2 6.53707e-11 0 
2 6.53707e-11 0 
2 6.53707e-11 0 
2 6.53707e-11 0 
2 6.53707e-11 0 
2 6.53707e-11 0 
2 6.53707e-11 0 
2 6.53707e-11 -5.80022e-38 
2 6.53707e-11 4.34611e-18 
2 6.53707e-11 -7.60044e-33 
2 6.53707e-11 7.7733e-17 
2 2.28886e-09 -1.48675e-16 
2 2.28886e-09 1.35639e-30 
2 2.28886e-09 -3.4715e-16 
2 2.28886e-09 1.6852e-34 
2 2.28886e-09 2.5199e-39 
2 2.28886e-09 0 
2 2.28886e-09 0 
2 2.28886e-09 0 
2 2.28886e-09 0 
2 2.28886e-09 0 
2 2.28886e-09 0 
2 2.28886e-09 0 
2 2.28886e-09 0 
2 2.28886e-09 0 
2 2.28886e-09 0 
2 2.28886e-09 -1.54853e-38 
2 2.28886e-09 -7.65091e-35 
2 2.28886e-09 3.4715e-16 
2 2.28886e-09 -1.42739e-30 
2 2.28886e-09 -2.11907e-16 
2 5.89816e-08 -9.32035e-17 
2 5.89816e-08 1.74921e-28 
2 5.89816e-08 -4.34611e-18 
2 5.89816e-08 3.57044e-32 
2 5.89816e-08 5.14185e-36 
2 5.89816e-08 0 
2 5.89816e-08 0 
2 5.89816e-08 0 
2 5.89816e-08 0 
2 5.89816e-08 0 
2 5.89816e-08 0 
2 5.89816e-08 0 
2 5.89816e-08 0 
2 5.89816e-08 0 
2 5.89816e-08 0 
2 5.89816e-08 -4.19945e-35 
2 5.89816e-08 -5.24459e-32 
2 5.89816e-08 4.34611e-18 
2 5.89816e-08 -1.6331e-28 
2 5.89816e-08 7.90705e-17 
2 1.13048e-06 -1.79052e-17 
2 1.13048e-06 1.36288e-26 
2 1.13048e-06 -6.80071e-21 
2 1.13048e-06 5.66933e-30 
2 1.13048e-06 4.54103e-33 
2 1.13048e-06 0 
2 1.13048e-06 0 
2 1.13048e-06 0 
2 1.13048e-06 0 
2 1.13048e-06 0 
2 1.13048e-06 0 
2 1.13048e-06 0 
2 1.13048e-06 0 
2 1.13048e-06 0 
2 1.13048e-06 0 
2 1.13048e-06 -4.62761e-32 
2 1.13048e-06 -2.08506e-29 
2 1.13048e-06 6.80071e-21 
2 1.13048e-06 -1.2518e-26 
2 1.13048e-06 1.91641e-17 
2 1.63741e-05 -5.01592e-18 
2 1.63741e-05 7.09044e-25 
2 1.63741e-05 1.14041e-26 
2 1.63741e-05 7.92917e-28 
2 1.63741e-05 2.35196e-30 
2 1.63741e-05 5.23723e-42 
2 1.63741e-05 0 
2 1.63741e-05 0 
2 1.63741e-05 0 
2 1.63741e-05 0 
2 1.63741e-05 0 
2 1.63741e-05 0 
2 1.63741e-05 0 
2 1.63741e-05 0 
2 1.63741e-05 0 
2 1.63741e-05 -2.74474e-29 
2 1.63741e-05 -5.03029e-27 
2 1.63741e-05 -1.43987e-26 
2 1.63741e-05 -6.28685e-25 
2 1.63741e-05 5.01904e-18 
1.99996 0.000181856 -3.45763e-18 
1.99996 0.000181856 2.67442e-23 
1.99996 0.000181856 1.14761e-24 
1.99996 0.000181856 1.43471e-25 
1.99996 0.000181856 8.56993e-28 
1.99996 0.000181856 1.18056e-38 
1.99996 0.000181856 0 
1.99996 0.000181856 0 
1.99996 0.000181856 0 
1.99996 0.000181856 0 
1.99996 0.000181856 0 
1.99996 0.000181856 0 
1.99996 0.000181856 0 
1.99996 0.000181856 0 
1.99996 0.000181856 0 
1.99996 0.000181856 -9.60736e-27 
1.99996 0.000181856 -7.42502e-25 
1.99996 0.000181856 -2.48262e-24 
1.99996 0.000181856 -2.06849e-23 
1.99996 0.000181856 3.45691e-18 
1.99965 0.00156382 -3.34305e-18 
1.99965 0.00156382 1.10438e-21 
1.99965 0.00156382 8.38157e-23 
1.99965 0.00156382 3.05535e-23 
1.99965 0.00156382 2.50254e-25 
1.99965 0.00156382 1.16483e-35 
1.99965 0.00156382 0 
1.99965 0.00156382 0 
1.99965 0.00156382 0 
1.99965 0.00156382 0 
1.99965 0.00156382 0 
1.99965 0.00156382 0 
1.99965 0.00156382 0 
1.99965 0.00156382 0 
1.99965 0.00156382 0 
1.99965 0.00156382 -2.0175e-24 
1.99965 0.00156382 -6.73017e-23 
1.99965 0.00156382 -2.84208e-22 
1.99965 0.00156382 -5.5154e-22 
1.99965 0.00156382 3.32857e-18 
1.99764 0.0104478 -1.52296e-17 
1.99764 0.0104478 3.90395e-20 
1.99764 0.0104478 3.56565e-21 
1.99764 0.0104478 4.51982e-21 
1.99764 0.0104478 5.69591e-23 
1.99764 0.0104478 1.07912e-31 
1.99764 0.0104478 0 
1.99764 0.0104478 0 
1.99764 0.0104478 0 
1.99764 0.0104478 0 
1.99764 0.0104478 0 
1.99764 0.0104478 0 
1.99764 0.0104478 0 
1.99764 0.0104478 0 
1.99764 0.0104478 0 
1.99764 0.0104478 -2.43075e-22 
1.99764 0.0104478 -4.02838e-21 
1.99764 0.0104478 -1.72986e-20 
1.99764 0.0104478 -1.78168e-20 
1.99764 0.0104478 1.31218e-17 
1.98773 0.0540323 -4.46632e-17 
1.98773 0.0540323 -3.23773e-20 
1.98773 0.0540323 1.04569e-19 
1.98773 0.0540323 3.15129e-19 
1.98773 0.0540323 8.37768e-21 
1.98773 0.0540323 1.54253e-28 
1.98773 0.0540323 0 
1.98773 0.0540323 0 
1.98773 0.0540323 0 
1.98773 0.0540323 0 
1.98773 0.0540323 0 
1.98773 0.0540323 0 
1.98773 0.0540323 0 
1.98773 0.0540323 0 
1.98773 0.0540323 0 
1.98773 0.0540323 -1.46281e-20 
1.98773 0.0540323 -1.7523e-19 
1.98773 0.0540323 -4.12989e-19 
1.98773 0.0540323 -2.7963e-19 
1.98773 0.0540323 4.08752e-17 
1.95087 0.213038 9.29192e-17 
1.95087 0.213038 -8.38042e-18 
1.95087 0.213038 1.06802e-19 
1.95087 0.213038 3.95181e-18 
1.95087 0.213038 5.94555e-19 
1.95087 0.213038 3.14664e-21 
1.95087 0.213038 0 
1.95087 0.213038 0 
1.95087 0.213038 0 
1.95087 0.213038 0 
1.95087 0.213038 0 
1.95087 0.213038 0 
1.95087 0.213038 0 
1.95087 0.213038 0 
1.95087 0.213038 -3.1465e-21 
1.95087 0.213038 -3.05396e-19 
1.95087 0.213038 -2.89372e-18 
1.95087 0.213038 -5.93126e-18 
1.95087 0.213038 2.70214e-17 
1.95087 0.213038 2.38125e-17 
1.84543 0.640076 1.43573e-16 
1.84543 0.640076 -1.56219e-16 
1.84543 0.640076 -7.27677e-17 
1.84543 0.640076 1.90643e-17 
1.84543 0.640076 8.36895e-18 
1.84543 0.640076 1.18208e-17 
1.84543 0.640076 5.90006e-32 
1.84543 0.640076 0 
1.84543 0.640076 0 
1.84543 0.640076 0 
1.84543 0.640076 0 
1.84543 0.640076 0 
1.84543 0.640076 0 
1.84543 0.640076 0 
1.84543 0.640076 -1.18207e-17 
1.84543 0.640076 -4.58674e-18 
1.84543 0.640076 -2.77384e-17 
1.84543 0.640076 6.29814e-17 
1.84543 0.640076 8.2888e-17 
1.84543 0.640076 -6.37359e-17 
1.69668 1.1721 2.03856e-16 
1.69668 1.1721 -3.17984e-16 
1.69668 1.1721 -2.13301e-16 
1.69668 1.1721 4.78518e-17 
1.69668 1.1721 4.70737e-17 
1.69668 1.1721 1.73095e-16 
1.69668 1.1721 3.16258e-28 
1.69668 1.1721 0 
1.69668 1.1721 0 
1.69668 1.1721 0 
1.69668 1.1721 0 
1.69668 1.1721 0 
1.69668 1.1721 0 
1.69668 1.1721 0 
1.69668 1.1721 -1.7309e-16 
1.69668 1.1721 -1.89378e-16 
1.69668 1.1721 1.11803e-16 
1.69668 1.1721 3.74251e-16 
1.69668 1.1721 1.20817e-16 
1.69668 1.1721 2.02554e-16 
1.60289 1.56094 6.53443e-17 
1.60289 1.56094 1.99148e-17 
1.60289 1.56094 -2.59914e-17 
1.60289 1.56094 -8.51075e-17 
1.60289 1.56094 1.0422e-16 
1.60289 1.56094 3.13247e-18 
1.60289 1.56094 -2.58448e-21 
1.60289 1.56094 0 
1.60289 1.56094 0 
1.60289 1.56094 0 
1.60289 1.56094 0 
1.60289 1.56094 0 
1.60289 1.56094 0 
1.60289 1.56094 0 
1.60289 1.56094 -2.78527e-18 
1.60289 1.56094 1.09678e-16 
1.60289 1.56094 1.0596e-16 
1.60289 1.56094 1.08239e-16 
1.60289 1.56094 -2.78891e-16 
1.60289 1.56094 8.5501e-18 
1.51443 1.67771 -4.70743e-16 
1.51443 1.67771 2.4532e-16 
1.51443 1.67771 3.44142e-16 
1.51443 1.67771 1.52343e-16 
1.51443 1.67771 1.34355e-16 
1.51443 1.67771 2.93358e-18 
1.51443 1.67771 -1.86954e-18 
1.51443 1.67771 0 
1.51443 1.67771 0 
1.51443 1.67771 0 
1.51443 1.67771 0 
1.51443 1.67771 0 
1.51443 1.67771 0 
1.51443 1.67771 0 
1.51443 1.67771 -4.85953e-20 
1.51443 1.67771 -1.39881e-16 
1.51443 1.67771 -1.10798e-16 
1.51443 1.67771 -3.79279e-16 
1.51443 1.67771 -4.85801e-16 
1.51443 1.67771 -4.0623e-16 
1.46984 1.80001 -3.47987e-16 
1.46984 1.80001 -1.78683e-16 
1.46984 1.80001 3.73541e-16 
1.46984 1.80001 5.07748e-16 
1.46984 1.80001 3.22598e-16 
1.46984 1.80001 -1.4565e-16 
1.46984 1.80001 -1.78109e-16 
1.46984 1.80001 0 
1.46984 1.80001 0 
1.46984 1.80001 0 
1.46984 1.80001 0 
1.46984 1.80001 0 
1.46984 1.80001 0 
1.46984 1.80001 0 
1.46984 1.80001 -2.44874e-18 
1.46984 1.80001 -2.03311e-16 
1.46984 1.80001 -1.51766e-16 
1.46984 1.80001 -4.63371e-16 
1.46984 1.80001 -4.49379e-16 
1.46984 1.80001 -1.66722e-16 
1.46749 1.94445 -1.11511e-16 
1.46749 1.94445 -3.3053e-16 
1.46749 1.94445 2.86356e-16 
1.46749 1.94445 3.79248e-16 
1.46749 1.94445 2.14092e-16 
1.46749 1.94445 7.74064e-17 
1.46749 1.94445 -3.00052e-18 
1.46749 1.94445 0 
1.46749 1.94445 0 
1.46749 1.94445 0 
1.46749 1.94445 0 
1.46749 1.94445 0 
1.46749 1.94445 0 
1.46749 1.94445 4.88837e-18 
1.46749 1.94445 1.4394e-16 
1.46749 1.94445 -1.49298e-16 
1.46749 1.94445 -1.84597e-16 
1.46749 1.94445 -1.3399e-16 
1.46749 1.94445 -2.35454e-16 
1.46749 1.94445 -2.3127e-16 
1.457 1.96471 -2.80528e-16 
1.457 1.96471 -1.53511e-16 
1.457 1.96471 1.12163e-16 
1.457 1.96471 1.43361e-16 
1.457 1.96471 2.96785e-16 
1.457 1.96471 1.13635e-16 
1.457 1.96471 1.20622e-17 
1.457 1.96471 4.88589e-18 
1.457 1.96471 0 
1.457 1.96471 0 
1.457 1.96471 0 
1.457 1.96471 0 
1.457 1.96471 0 
1.457 1.96471 0 
1.457 1.96471 7.0703e-17 
1.457 1.96471 -1.78628e-16 
1.457 1.96471 -9.29182e-17 
1.457 1.96471 6.01494e-17 
1.457 1.96471 -1.42994e-16 
1.457 1.96471 -1.49888e-16 
1.44683 1.89397 -2.54951e-18 
1.44683 1.89397 5.26967e-17 
1.44683 1.89397 2.06382e-16 
1.44683 1.89397 1.93455e-16 
1.44683 1.89397 3.69762e-16 
1.44683 1.89397 2.41815e-16 
1.44683 1.89397 -4.21554e-18 
1.44683 1.89397 -1.84594e-18 
1.44683 1.89397 0 
1.44683 1.89397 0 
1.44683 1.89397 0 
1.44683 1.89397 0 
1.44683 1.89397 0 
1.44683 1.89397 0 
1.44683 1.89397 -3.19585e-16 
1.44683 1.89397 -4.89418e-16 
1.44683 1.89397 2.24727e-16 
1.44683 1.89397 3.16732e-16 
1.44683 1.89397 3.50714e-17 
1.44683 1.89397 4.78679e-17 
1.43878 1.83251 -7.00318e-17 
1.43878 1.83251 2.17097e-16 
1.43878 1.83251 3.85751e-16 
1.43878 1.83251 2.8104e-16 
1.43878 1.83251 2.34025e-17 
1.43878 1.83251 5.19587e-18 
1.43878 1.83251 -2.10089e-16 
1.43878 1.83251 -1.72979e-16 
1.43878 1.83251 0 
1.43878 1.83251 0 
1.43878 1.83251 0 
1.43878 1.83251 0 
1.43878 1.83251 0 
1.43878 1.83251 0 
1.43878 1.83251 -1.706e-16 
1.43878 1.83251 -2.57525e-16 
1.43878 1.83251 2.99107e-16 
1.43878 1.83251 2.27891e-16 
1.43878 1.83251 -1.07198e-16 
1.43878 1.83251 -4.08813e-17 
1.44251 1.83621 -8.52408e-18 
1.44251 1.83621 1.06123e-16 
1.44251 1.83621 2.66177e-16 
1.44251 1.83621 8.23286e-17 
1.44251 1.83621 -6.62055e-17 
1.44251 1.83621 1.17235e-17 
1.44251 1.83621 -3.0054e-18 
1.44251 1.83621 -3.09394e-18 
1.44251 1.83621 0 
1.44251 1.83621 0 
1.44251 1.83621 0 
1.44251 1.83621 0 
1.44251 1.83621 0 
1.44251 1.83621 0 
1.44251 1.83621 -1.69948e-16 
1.44251 1.83621 -7.64682e-17 
1.44251 1.83621 1.53523e-16 
1.44251 1.83621 -8.7062e-17 
1.44251 1.83621 -5.24164e-17 
1.44251 1.83621 6.57047e-18 
1.46259 1.93887 -8.6352e-17 
1.46259 1.93887 5.86694e-17 
1.46259 1.93887 2.01147e-16 
1.46259 1.93887 -1.2109e-16 
1.46259 1.93887 -1.39715e-16 
1.46259 1.93887 4.88616e-20 
1.46259 1.93887 2.48682e-17 
1.46259 1.93887 -6.9786e-21 
1.46259 1.93887 0 
1.46259 1.93887 0 
1.46259 1.93887 0 
1.46259 1.93887 0 
1.46259 1.93887 0 
1.46259 1.93887 0 
1.46259 1.93887 -7.9626e-17 
1.46259 1.93887 4.7682e-17 
1.46259 1.93887 7.50468e-17 
1.46259 1.93887 -2.61649e-16 
1.46259 1.93887 -1.05433e-16 
1.46259 1.93887 1.83138e-16 
1.46775 1.97756 1.27014e-16 
1.46775 1.97756 1.22833e-16 
1.46775 1.97756 2.71365e-16 
1.46775 1.97756 -2.60562e-16 
1.46775 1.97756 -1.18115e-16 
1.46775 1.97756 1.31561e-16 
1.46775 1.97756 7.49182e-18 
1.46775 1.97756 0 
1.46775 1.97756 0 
1.46775 1.97756 0 
1.46775 1.97756 0 
1.46775 1.97756 0 
1.46775 1.97756 0 
1.46775 1.97756 0 
1.46775 1.97756 -9.38937e-19 
1.46775 1.97756 -4.67729e-17 
1.46775 1.97756 -1.1198e-16 
1.46775 1.97756 -1.06311e-16 
1.46775 1.97756 -1.77472e-16 
1.46775 1.97756 3.00411e-17 
1.44786 1.87049 -2.19901e-16 
1.44786 1.87049 3.11674e-16 
1.44786 1.87049 1.86616e-16 
1.44786 1.87049 -2.22307e-16 
1.44786 1.87049 -1.26917e-16 
1.44786 1.87049 -5.11963e-17 
1.44786 1.87049 4.53309e-20 
1.44786 1.87049 0 
1.44786 1.87049 0 
1.44786 1.87049 0 
1.44786 1.87049 0 
1.44786 1.87049 0 
1.44786 1.87049 0 
1.44786 1.87049 0 
1.44786 1.87049 6.3543e-18 
1.44786 1.87049 1.16165e-16 
1.44786 1.87049 7.591e-17 
1.44786 1.87049 -5.67307e-17 
1.44786 1.87049 -1.28656e-16 
1.44786 1.87049 5.14278e-16 
1.2616 1.01569 4.76173e-16 
1.2616 1.01569 1.84788e-16 
1.2616 1.01569 -1.76646e-17 
1.2616 1.01569 -8.27197e-17 
1.2616 1.01569 -1.66026e-16 
1.2616 1.01569 -1.94899e-16 
1.2616 1.01569 3.43655e-22 
1.2616 1.01569 0 
1.2616 1.01569 0 
1.2616 1.01569 0 
1.2616 1.01569 0 
1.2616 1.01569 0 
1.2616 1.01569 0 
1.2616 1.01569 0 
1.2616 1.01569 1.7236e-16 
1.2616 1.01569 1.35012e-16 
1.2616 1.01569 4.23166e-17 
1.2616 1.01569 1.85527e-18 
1.2616 1.01569 -4.2951e-17 
1.2616 1.01569 2.03883e-16 
1.03839 0.126555 8.12381e-16 
1.03839 0.126555 1.81809e-16 
1.03839 0.126555 -1.00478e-17 
1.03839 0.126555 -6.18738e-18 
1.03839 0.126555 -3.33772e-18 
1.03839 0.126555 -2.27122e-18 
1.03839 0.126555 9.00773e-25 
1.03839 0.126555 0 
1.03839 0.126555 0 
1.03839 0.126555 0 
1.03839 0.126555 0 
1.03839 0.126555 0 
1.03839 0.126555 0 
1.03839 0.126555 0 
1.03839 0.126555 1.50993e-18 
1.03839 0.126555 3.68046e-18 
1.03839 0.126555 3.67498e-18 
1.03839 0.126555 5.27764e-18 
1.03839 0.126555 -1.82228e-16 
1.03839 0.126555 -4.21149e-16 
1.00372 0.0117278 -7.80339e-17 
1.00372 0.0117278 -2.08804e-18 
1.00372 0.0117278 -2.28162e-19 
1.00372 0.0117278 -2.58302e-19 
1.00372 0.0117278 -9.91952e-20 
1.00372 0.0117278 -7.87135e-21 
1.00372 0.0117278 8.91295e-28 
1.00372 0.0117278 0 
1.00372 0.0117278 0 
1.00372 0.0117278 0 
1.00372 0.0117278 0 
1.00372 0.0117278 0 
1.00372 0.0117278 0 
1.00372 0.0117278 0 
1.00372 0.0117278 1.06593e-21 
1.00372 0.0117278 5.02102e-20 
1.00372 0.0117278 1.64116e-19 
1.00372 0.0117278 8.33542e-19 
1.00372 0.0117278 -1.17654e-18 
1.00372 0.0117278 -1.80965e-17 
1.00034 0.00105 -1.68527e-18 
1.00034 0.00105 -1.50921e-19 
1.00034 0.00105 -7.77242e-21 
1.00034 0.00105 -7.16283e-21 
1.00034 0.00105 -1.98537e-21 
1.00034 0.00105 -2.56764e-23 
1.00034 0.00105 3.59324e-31 
1.00034 0.00105 0 
1.00034 0.00105 0 
1.00034 0.00105 0 
1.00034 0.00105 0 
1.00034 0.00105 0 
1.00034 0.00105 0 
1.00034 0.00105 0 
1.00034 0.00105 0 
1.00034 0.00105 4.08403e-22 
1.00034 0.00105 5.26858e-21 
1.00034 0.00105 1.75611e-20 
1.00034 0.00105 -3.56146e-22 
1.00034 0.00105 1.05039e-19 
1.00003 8.56521e-05 -5.2349e-21 
1.00003 8.56521e-05 -7.08192e-21 
1.00003 8.56521e-05 -1.89364e-22 
1.00003 8.56521e-05 -1.15798e-22 
1.00003 8.56521e-05 -1.92937e-23 
1.00003 8.56521e-05 -4.71893e-26 
1.00003 8.56521e-05 0 
1.00003 8.56521e-05 0 
1.00003 8.56521e-05 0 
1.00003 8.56521e-05 0 
1.00003 8.56521e-05 0 
1.00003 8.56521e-05 0 
1.00003 8.56521e-05 0 
1.00003 8.56521e-05 0 
1.00003 8.56521e-05 0 
1.00003 8.56521e-05 1.79134e-24 
1.00003 8.56521e-05 1.11043e-22 
1.00003 8.56521e-05 2.81774e-22 
1.00003 8.56521e-05 9.0677e-22 
1.00003 8.56521e-05 5.52248e-23 
1 5.97984e-06 1.1279e-21 
1 5.97984e-06 -2.38716e-22 
1 5.97984e-06 -2.03631e-24 
1 5.97984e-06 -1.1509e-24 
1 5.97984e-06 -1.06196e-25 
1 5.97984e-06 -3.0681e-29 
1 5.97984e-06 0 
1 5.97984e-06 0 
1 5.97984e-06 0 
1 5.97984e-06 0 
1 5.97984e-06 0 
1 5.97984e-06 0 
1 5.97984e-06 0 
1 5.97984e-06 0 
1 5.97984e-06 0 
1 5.97984e-06 4.486e-27 
1 5.97984e-06 1.29651e-24 
1 5.97984e-06 2.49522e-24 
1 5.97984e-06 3.65564e-23 
1 5.97984e-06 -2.74612e-23 
1 3.43325e-07 7.48071e-23 
1 3.43325e-07 -4.96883e-24 
1 3.43325e-07 -5.5355e-27 
1 3.43325e-07 -7.40788e-27 
1 3.43325e-07 -3.59493e-28 
1 3.43325e-07 7.09756e-32 
1 3.43325e-07 0 
1 3.43325e-07 0 
1 3.43325e-07 0 
1 3.43325e-07 0 
1 3.43325e-07 0 
1 3.43325e-07 0 
1 3.43325e-07 0 
1 3.43325e-07 0 
1 3.43325e-07 0 
1 3.43325e-07 6.45239e-30 
1 3.43325e-07 8.98418e-27 
1 3.43325e-07 2.76346e-27 
1 3.43325e-07 6.87553e-25 
1 3.43325e-07 5.58723e-24 
1 1.57103e-08 1.1693e-24 
1 1.57103e-08 -6.07032e-26 
1 1.57103e-08 2.40965e-28 
1 1.57103e-08 -3.19105e-29 
1 1.57103e-08 -7.73896e-31 
1 1.57103e-08 1.00868e-34 
1 1.57103e-08 0 
1 1.57103e-08 0 
1 1.57103e-08 0 
1 1.57103e-08 0 
1 1.57103e-08 0 
1 1.57103e-08 0 
1 1.57103e-08 0 
1 1.57103e-08 0 
1 1.57103e-08 0 
1 1.57103e-08 4.95539e-33 
1 1.57103e-08 3.94616e-29 
1 1.57103e-08 -1.17732e-28 
1 1.57103e-08 1.15007e-26 
1 1.57103e-08 5.29239e-25 
1 5.56786e-10 1.27089e-26 
1 5.56786e-10 -4.81197e-28 
1 5.56786e-10 1.98998e-30 
1 5.56786e-10 -9.33783e-32 
1 5.56786e-10 -1.05766e-33 
1 5.56786e-10 3.66804e-39 
1 5.56786e-10 0 
1 5.56786e-10 0 
1 5.56786e-10 0 
1 5.56786e-10 0 
1 5.56786e-10 0 
1 5.56786e-10 0 
1 5.56786e-10 0 
1 5.56786e-10 0 
1 5.56786e-10 0 
1 5.56786e-10 1.56958e-36 
1 5.56786e-10 1.13532e-31 
1 5.56786e-10 -8.97572e-31 
1 5.56786e-10 1.45429e-28 
1 5.56786e-10 1.3888e-26 
1 1.49046e-11 7.41058e-29 
1 1.49046e-11 -2.73912e-30 
1 1.49046e-11 4.23126e-33 
1 1.49046e-11 -1.85014e-34 
1 1.49046e-11 -8.83516e-37 
1 1.49046e-11 1.078e-42 
1 1.49046e-11 0 
1 1.49046e-11 0 
1 1.49046e-11 0 
1 1.49046e-11 0 
1 1.49046e-11 0 
1 1.49046e-11 0 
1 1.49046e-11 0 
1 1.49046e-11 0 
1 1.49046e-11 0 
1 1.49046e-11 0 
1 1.49046e-11 2.14292e-34 
1 1.49046e-11 -3.91707e-33 
1 1.49046e-11 1.28245e-30 
1 1.49046e-11 1.55631e-28 
1 2.96529e-13 -1.8195e-30 
1 2.96529e-13 -1.20869e-32 
1 2.96529e-13 1.18111e-35 
1 2.96529e-13 -2.41731e-37 
1 2.96529e-13 -4.1005e-40 
1 2.96529e-13 0 
1 2.96529e-13 0 
1 2.96529e-13 0 
1 2.96529e-13 0 
1 2.96529e-13 0 
1 2.96529e-13 0 
1 2.96529e-13 0 
1 2.96529e-13 0 
1 2.96529e-13 0 
1 2.96529e-13 0 
1 2.96529e-13 0 
1 2.96529e-13 2.56476e-37 
1 2.96529e-13 -1.28348e-35 
1 2.96529e-13 7.93491e-33 
1 2.96529e-13 1.0139e-30 
1 4.39307e-15 -2.05495e-32 
1 4.39307e-15 -4.30334e-35 
1 4.39307e-15 3.31226e-38 
1 4.39307e-15 -1.94077e-40 
1 4.39307e-15 -8.18353e-44 
1 4.39307e-15 0 
1 4.39307e-15 0 
1 4.39307e-15 0 
1 4.39307e-15 0 
1 4.39307e-15 0 
1 4.39307e-15 0 
1 4.39307e-15 0 
1 4.39307e-15 0 
1 4.39307e-15 0 
1 4.39307e-15 0 
1 4.39307e-15 0 
1 4.39307e-15 1.76989e-40 
1 4.39307e-15 -3.44742e-38 
1 4.39307e-15 3.52471e-35 
1 4.39307e-15 4.72868e-33 
1 1.46651e-17 -7.15826e-35 
1 1.46651e-17 -1.23657e-37 
1 1.46651e-17 7.53679e-41 
1 1.46651e-17 -6.13038e-44 
1 1.46651e-17 0 
1 1.46651e-17 0 
1 1.46651e-17 0 
1 1.46651e-17 0 
1 1.46651e-17 0 
1 1.46651e-17 0 
1 1.46651e-17 0 
1 1.46651e-17 0 
1 1.46651e-17 0 
1 1.46651e-17 0 
1 1.46651e-17 0 
1 1.46651e-17 0 
1 1.46651e-17 5.37456e-44 
1 1.46651e-17 -7.66295e-41 
1 1.46651e-17 1.14366e-37 
1 1.46651e-17 1.81625e-35 
1 0 -2.49881e-37 
1 0 -2.79682e-40 
1 0 1.3458e-43 
1 0 1.10015e-46 
1 0 0 
1 0 0 
1 0 0 
1 0 0 
1 0 0 
1 0 0 
1 0 0 
1 0 0 
1 0 0 
1 0 0 
1 0 0 
1 0 0 
1 0 0 
1 0 -1.35425e-43 
1 0 2.73236e-40 
1 0 6.01676e-38 
1 0 -7.30466e-40 
1 0 -4.8191e-43 
1 0 1.79805e-46 
1 0 1.03353e-49 
1 0 0 
1 0 0 
1 0 0 
1 0 0 
1 0 0 
1 0 0 
1 0 0 
1 0 0 
1 0 0 
1 0 0 
1 0 0 
1 0 0 
1 0 0 
1 0 -1.80235e-46 
1 0 4.79851e-43 
1 0 1.66923e-40 
1 0 -1.64263e-42 
1 0 -6.11822e-46 
1 0 1.7084e-49 
1 0 0 
1 0 0 
1 0 0 
1 0 0 
1 0 0 
1 0 0 
1 0 0 
1 0 0 
1 0 0 
1 0 0 
1 0 0 
1 0 0 
1 0 0 
1 0 0 
1 0 -1.70995e-49 
1 0 6.11693e-46 
1 0 3.71148e-43 
1 0 -2.72361e-45 
1 0 -5.51034e-49 
1 0 1.08133e-52 
1 0 0 
1 0 0 
1 0 0 
1 0 0 
1 0 0 
1 0 0 
1 0 0 
1 0 0 
1 0 0 
1 0 0 
1 0 0 
1 0 0 
1 0 0 
1 0 0 
1 0 -1.08155e-52 
1 0 5.50959e-49 
1 0 6.39389e-46 
1 0 -3.2101e-48 
1 0 -3.33442e-52 
1 0 4.063e-56 
1 0 0 
1 0 0 
1 0 0 
1 0 0 
1 0 0 
1 0 0 
1 0 0 
1 0 0 
1 0 0 
1 0 0 
1 0 0 
1 0 0 
1 0 0 
1 0 0 
1 0 -4.063e-56 
1 0 3.33419e-52 
1 0 8.27241e-49 
1 0 -2.55837e-51 
1 0 -1.22595e-55 
1 0 6.78122e-60 
1 0 0 
1 0 0 
1 0 0 
1 0 0 
1 0 0 
1 0 0 
1 0 0 
1 0 0 
1 0 0 
1 0 0 
1 0 0 
1 0 0 
1 0 0 
1 0 0 
1 0 -6.78122e-60 
1 0 1.22593e-55 
1 0 7.71848e-52 
1 0 -1.26828e-54 
1 0 -2.10345e-59 
1 0 0 
1 0 0 
1 0 0 
1 0 0 
1 0 0 
1 0 0 
1 0 0 
1 0 0 
1 0 0 
1 0 0 
1 0 0 
1 0 0 
1 0 0 
1 0 0 
1 0 0 
1 0 0 
1 0 2.10345e-59 
1 0 4.87234e-55 
1 0 -3.3331e-58 
1 0 0 
1 0 0 
1 0 0 
1 0 0 
1 0 0 
1 0 0 
1 0 0 
1 0 0 
1 0 0 
1 0 0 
1 0 0 
1 0 0 
1 0 0 
1 0 0 
1 0 0 
1 0 0 
1 0 0 
1 0 0 
1 0 1.84887e-58 
1 0 -3.15292e-62 
1 0 0 
1 0 0 
1 0 0 
1 0 0 
1 0 0 
1 0 0 
1 0 0 
1 0 0 
1 0 0 
1 0 0 
1 0 0 
1 0 0 
1 0 0 
1 0 0 
1 0 0 
1 0 0 
1 0 0 
1 0 0 
1 0 3.15292e-62 
1 0 0 
1 0 0 
1 0 0 
1 0 0 
1 0 0 
1 0 0 
1 0 0 
1 0 0 
1 0 0 
1 0 0 
1 0 0 
1 0 0 
1 0 0 
1 0 0 
1 0 0 
1 0 0 
1 0 0 
1 0 0 
1 0 0 
1 0 0 
1 0 0 
1 0 0 
1 0 0 
1 0 0 
1 0 0 
1 0 0 
1 0 0 
1 0 0 
1 0 0 
1 0 0 
1 0 0 
1 0 0 
1 0 0 
1 0 0 
1 0 0 
1 0 0 
1 0 0 
1 0 0 
1 0 0 
1 0 0 
1 0 0 
1 0 0 
1 0 0 
1 0 0 
1 0 0 
1 0 0 
1 0 0 
1 0 0 
1 0 0 
1 0 0 
1 0 0 
1 0 0 
1 0 0 
1 0 0 
1 0 0 
1 0 0 
1 0 0 
1 0 0 
1 0 0 
1 0 0 
1 0 0 
1 0 0 
1 0 0 
1 0 0 
1 0 0 
1 0 0 
1 0 0 
1 0 0 
1 0 0 
1 0 0 
1 0 0 
1 0 0 
1 0 0 
1 0 0 
1 0 0 
1 0 0 
1 0 0 
1 0 0 
1 0 0 
1 0 0 
1 0 0 
1 0 0 
1 0 0 
1 0 0 
1 0 0 
1 0 0 
1 0 0 
1 0 0 
1 0 0 
1 0 0 
1 0 0 
1 0 0 
1 0 0 
1 0 0 
1 0 0 
1 0 0 
1 0 0 
1 0 0 
1 0 0 
1 0 0 
1 0 0 
1 0 0 
1 0 0 
1 0 0 
1 0 0 
1 0 0 
1 0 0 
1 0 0 
1 0 0 
1 0 0 
1 0 0 
1 0 0 
1 0 0 
1 0 0 
1 0 0 
1 0 0 
1 0 0 
1 0 0 
1 0 0 
1 0 0 
1 0 0 
1 0 0 
1 0 0 
1 0 0 
1 0 0 
1 0 0 
1 0 0 
1 0 0 
1 0 0 
1 0 0 
1 0 0 
1 0 0 
1 0 0 
1 0 0 
1 0 0 
1 0 0 
1 0 0 
1 0 0 
1 0 0 
1 0 0 
1 0 0 
1 0 0 
1 0 0 
1 0 0 
1 0 0 
1 0 0 
1 0 0 
1 0 0 
1 0 0 
1 0 0 
1 0 0 
1 0 0 
1 0 0 
1 0 0 
1 0 0 
1 0 0 
1 0 0 
1 0 0 
1 0 0 
1 0 0 
1 0 0 
1 0 0 
1 0 0 
1 0 0 
1 0 0 
1 0 0 
1 0 0 
1 0 0 
1 0 0 
1 0 0 
1 0 0 
1 0 0 
1 0 0 
1 0 0 
1 0 0 
1 0 0 
1 0 0 
1 0 0 
1 0 0 
1 0 0 
1 0 0 
1 0 0 
1 0 0 
1 0 0 
1 0 0 
1 0 0 
1 0 0 
1 0 0 
1 0 0 
1 0 0 
1 0 0 
1 0 0 
1 0 0 
1 0 0 
1 0 0 
1 0 0 
1 0 0 
1 0 0 
1 0 0 
1 0 0 
1 0 0 
1 0 0 
1 0 0 
1 0 0 
1 0 0 
1 0 0 
1 0 0 
1 0 0 
1 0 0 
1 0 0 
1 0 0 
1 0 0 
1 0 0 
1 0 0 
1 0 0 
1 0 0 
1 0 0 
1 0 0 
1 0 0 
1 0 0 
1 0 0 
1 0 0 
1 0 0 
1 0 0 
1 0 0 
1 0 0 
1 0 0 
1 0 0 
1 0 0 
1 0 0 
1 0 0 
1 0 0 
1 0 0 
1 0 0 
1 0 0 
1 0 0 
1 0 0 
1 0 0 
1 0 0 
1 0 0 
1 0 0 
1 0 0 
1 0 0 
1 0 0 
1 0 0 
1 0 0 
1 0 0 
1 0 0 
1 0 0 
1 0 0 
1 0 0 
1 0 0 
1 0 0 
1 0 0 
1 0 0 
1 0 0 
1 0 0 
1 0 0 
1 0 0 
1 0 0 
1 0 0 
1 0 0 
1 0 0 
1 0 0 
1 0 0 
1 0 0 
1 0 0 
1 0 0 
1 0 0 
1 0 0 
1 0 0 
1 0 0 
1 0 0 
1 0 0 
1 0 0 
1 0 0 
1 0 0 
1 0 0 
1 0 0 
1 0 0 
1 0 0 
1 0 0 
1 0 0 
1 0 0 
1 0 0 
1 0 0 
1 0 0 
1 0 0 
1 0 0 
1 0 0 
1 0 0 
1 0 0 
1 0 0 
1 0 0 
1 0 0 
1 0 0 
1 0 0 
1 0 0 
1 0 0 
1 0 0 
1 0 0 
1 0 0 
1 0 0 
1 0 0 
1 0 0 
1 0 0 
1 0 0 
1 0 0 
1 0 0 
1 0 0 
1 0 0 
1 0 0 
1 0 0 
1 0 0 
1 0 0 
1 0 0 
1 0 0 
1 0 0 
1 0 0 
1 0 0 
1 0 0 
1 0 0 
1 0 0 
1 0 0 
1 0 0 
1 0 0 
1 0 0 
1 0 0 
1 0 0 
1 0 0 
1 0 0 
1 0 0 
1 0 0 
1 0 0 
1 0 0 
1 0 0 
1 0 0 
1 0 0 
1 0 0 
1 0 0 
1 0 0 
1 0 0 
1 0 0 
1 0 0 
1 0 0 
1 0 0 
1 0 0 
1 0 0 
1 0 0 
1 0 0 
1 0 0 
1 0 0 
1 0 0 
1 0 0 
1 0 0 
1 0 0 
1 0 0 
1 0 0 
1 0 0 
1 0 0 
1 0 0 
1 0 0 
1 0 0 
1 0 0 
1 0 0 
1 0 0 
1 0 0 
1 0 0 
1 0 0 
1 0 0 
1 0 0 
1 0 0 
1 0 0 
1 0 0 
1 0 0 
1 0 0 
1 0 0 
1 0 0 
1 0 0 
1 0 0 
1 0 0 
1 0 0 
1 0 0 
1 0 0 
1 0 0 
1 0 0 
1 0 0 
1 0 0 
1 0 0 
1 0 0 
1 0 0 
1 0 0 
1 0 0 
1 0 0 
1 0 0 
1 0 0 
1 0 0 
1 0 0 
1 0 0 
1 0 0 
1 0 0 
1 0 0 
1 0 0 
1 0 0 
1 0 0 
1 0 0 
1 0 0 
1 0 0 
1 0 0 
1 0 0 
1 0 0 
1 0 0 
1 0 0 
1 0 0 
1 0 0 
1 0 0 
1 0 0 
1 0 0 
1 0 0 
1 0 0 
1 0 0 
1 0 0 
1 0 0 
1 0 0 
1 0 0 
1 0 0 
1 0 0 
1 0 0 
1 0 0 
1 0 0 
1 0 0 
1 0 0 
1 0 0 
1 0 0 
1 0 0 
1 0 0 
1 0 0 
1 0 0 
1 0 0 
1 0 0 
1 0 0 
1 0 0 
1 0 0 
1 0 0 
1 0 0 
1 0 0 
1 0 0 
1 0 0 
1 0 0 
1 0 0 
1 0 0 
1 0 0 
1 0 0 
1 0 0 
1 0 0 
1 0 0 
1 0 0 
1 0 0 
1 0 0 
1 0 0 
1 0 0 
1 0 0 
1 0 0 
1 0 0 
1 0 0 
1 0 0 
1 0 0 
1 0 0 
1 0 0 
1 0 0 
1 0 0 
1 0 0 
1 0 0 
1 0 0 
1 0 0 
1 0 0 
1 0 0 
1 0 0 
1 0 0 
1 0 0 
1 0 0 
1 0 0 
1 0 0 
1 0 0 
1 0 0 
1 0 0 
1 0 0 
1 0 0 
1 0 0 
1 0 0 
1 0 0 
1 0 0 
1 0 0 
1 0 0 
1 0 0 
1 0 0 
1 0 0 
1 0 0 
1 0 0 
1 0 0 
1 0 0 
1 0 0 
1 0 0 
1 0 0 
1 0 0 
1 0 0 
1 0 0 
1 0 0 
1 0 0 
1 0 0 
1 0 0 
1 0 0 
1 0 0 
1 0 0 
1 0 0 
1 0 0 
1 0 0 
1 0 0 
1 0 0 
1 0 0 
1 0 0 
1 0 0 
1 0 0 
1 0 0 
1 0 0 
1 0 0 
1 0 0 
1 0 0 
1 0 0 
1 0 0 
1 0 0 
1 0 0 
1 0 0 
1 0 0 
1 0 0 
1 0 0 
1 0 0 
1 0 0 
1 0 0 
1 0 0 
1 0 0 
1 0 0 
1 0 0 
1 0 0 
1 0 0 
1 0 0 
1 0 0 
1 0 0 
1 0 0 
1 0 0 
1 0 0 
1 0 0 
1 0 0 
1 0 0 
1 0 0 
1 0 0 
1 0 0 
1 0 0 
1 0 0 
1 0 0 
1 0 0 
1 0 0 
1 0 0 
1 0 0 
1 0 0 
1 0 0 
1 0 0 
1 0 0 
1 0 0 
1 0 0 
1 0 0 
1 0 0 
1 0 0 
1 0 0 
1 0 0 
1 0 0 
1 0 0 
1 0 0 
1 0 0 
1 0 0 
1 0 0 
1 0 0 
1 0 0 
1 0 0 
1 0 0 
1 0 0 
1 0 0 
1 0 0 
1 0 0 
1 0 0 
1 0 0 
1 0 0 
1 0 0 
1 0 0 
1 0 0 
1 0 0 
1 0 0 
1 0 0 
1 0 0 
1 0 0 
1 1.68188e-70 0 
1 6.16027e-73 0 
1 9.31325e-71 0 
1 2.91704e-68 0 
1 6.87082e-66 0 
1 1.2051e-63 0 
1 1.54762e-61 0 
1 1.42348e-59 0 
1 9.18473e-58 0 
1 4.14339e-56 0 
1 1.34696e-54 0 
1 3.28761e-53 0 
1 6.17602e-52 0 
1 8.81146e-51 0 
1 9.38781e-50 0 
1 7.69769e-49 0 
1 2.28409e-48 0 
1 6.98719e-49 0 
1 -3.79521e-48 0 
1 1.46967e-47 0 
1 1.07779e-56 0 
1 1.27957e-54 0 
1 2.94869e-52 0 
1 5.06177e-50 0 
1 6.40009e-48 0 
1 5.90599e-46 0 
1 3.98656e-44 0 
1 2.0039e-42 0 
1 7.58879e-41 0 
1 2.19378e-39 0 
1 4.90436e-38 0 
1 8.54229e-37 0 
1 1.14623e-35 0 
1 1.23223e-34 0 
1 9.581e-34 0 
1 2.17044e-33 0 
1 -3.87043e-33 0 
1 -6.8762e-32 0 
1 -3.27692e-31 0 
1 -8.30049e-31 0 
1 -6.53462e-46 7.83966e-46 
1 -2.67024e-43 0 
1 -8.19388e-41 0 
1 -1.88323e-38 0 
1 -3.2127e-36 0 
1 -4.0116e-34 0 
1 -3.61512e-32 0 
1 -2.34319e-30 0 
1 -1.11347e-28 0 
1 -3.98427e-27 0 
1 -1.10035e-25 0 
1 -2.39151e-24 0 
1 -4.148e-23 0 
1 -5.79366e-22 0 
1 -6.54974e-21 0 
1 -6.00413e-20 0 
1 -4.46102e-19 0 
1 -2.67665e-18 0 
1 -1.29485e-17 0 
1 -4.92302e-17 0 
1 -1.4214e-16 0 
1 -2.08941e-16 -7.0942e-17 
1 -2.89126e-52 4.16976e-49 
1 -3.43663e-55 1.43099e-48 
1 -7.19509e-53 0 
1 -5.37518e-50 0 
1 -2.94607e-47 0 
1 -1.20462e-44 0 
1 -3.69734e-42 0 
1 -8.5004e-40 0 
1 -1.45076e-37 0 
1 -1.81266e-35 0 
1 -1.63503e-33 0 
1 -1.0612e-31 0 
1 -5.05205e-30 0 
1 -1.8121e-28 0 
1 -5.01993e-27 0 
1 -1.09531e-25 0 
1 -1.90923e-24 0 
1 -2.68357e-23 0 
1 -3.05754e-22 0 
1 -2.82904e-21 0 
1 -2.12418e-20 0 
1 -1.29084e-19 0 
1 -6.33264e-19 -2.10514e-17 
1 -2.49879e-18 -2.15099e-17 
1 -6.42981e-60 2.85932e-56 
1 -2.44888e-63 1.2011e-52 
1 -4.1833e-67 5.58187e-52 
1 3.61065e-67 1.91616e-51 
1 2.1116e-63 0 
1 5.53759e-60 0 
1 8.68109e-57 0 
1 9.11984e-54 0 
1 6.80568e-51 0 
1 3.72499e-48 0 
1 1.52043e-45 0 
1 4.65584e-43 0 
1 1.06705e-40 0 
1 1.81317e-38 0 
1 2.25123e-36 0 
1 2.01193e-34 0 
1 1.28855e-32 0 
1 6.02528e-31 0 
1 2.11169e-29 0 
1 5.68056e-28 0 
1 1.19418e-26 0 
1 1.9848e-25 0 
1 2.62308e-24 0 
1 2.76241e-23 0 
1 2.38421e-22 -4.99826e-18 
1 1.73953e-21 -6.67905e-18 
1 9.92144e-21 -1.79157e-18 
1 2.15448e-20 -1.57344e-19 
1 -3.21826e-64 1.63126e-60 
1 -5.49701e-68 1.82207e-59 
1 0 1.14198e-55 
1 0 5.30893e-55 
1 -6.03031e-66 1.82288e-54 
1 -3.52951e-62 0 
1 -9.26514e-59 0 
1 -1.45422e-55 0 
1 -1.52997e-52 0 
1 -1.14382e-49 0 
1 -6.27491e-47 0 
1 -2.56875e-44 0 
1 -7.89627e-42 0 
1 -1.81909e-39 0 
1 -3.11332e-37 0 
1 -3.90525e-35 0 
1 -3.54221e-33 0 
1 -2.31665e-31 0 
1 -1.11351e-29 0 
1 -4.03942e-28 0 
1 -1.13351e-26 0 
1 -2.50913e-25 0 
1 -4.44449e-24 0 
1 -6.36175e-23 0 
1 -7.40424e-22 0 
1 -7.03287e-21 -9.49841e-19 
1 -5.45854e-20 -1.70034e-18 
1 -3.45951e-19 -4.37964e-19 
1 -1.77542e-18 -2.88283e-20 
1 -7.40207e-18 -1.86154e-18 
1 0 5.70917e-69 
1 0 1.33549e-64 
1 0 6.21166e-64 
1 0 6.94213e-63 
1 0 7.27763e-59 
1 0 3.38422e-58 
1 -6.30188e-65 1.16223e-57 
1 -3.68709e-61 0 
1 -9.67437e-58 0 
1 -1.5176e-54 0 
1 -1.59557e-51 0 
1 -1.19186e-48 0 
1 -6.53158e-46 0 
1 -2.67024e-43 0 
1 -8.19388e-41 0 
1 -1.88323e-38 0 
1 -3.2127e-36 0 
1 -4.0116e-34 0 
1 -3.61512e-32 0 
1 -2.34319e-30 0 
1 -1.11347e-28 0 
1 -3.98427e-27 0 
1 -1.10035e-25 0 
1 -2.39152e-24 0 
1 -4.14834e-23 0 
1 -5.7971e-22 0 
1 -6.56383e-21 0 
1 -6.04082e-20 -1.45654e-19 
1 -4.52238e-19 -3.47481e-19 
1 -2.75176e-18 -8.66158e-20 
1 -1.34743e-17 -4.35657e-21 
1 -5.35288e-17 -3.61494e-19 
1 -1.44839e-16 -2.89527e-17 
1 -2.65071e-16 -7.63189e-17 
1 0 0 
1 0 0 
1 0 2.28055e-68 
1 0 1.06094e-67 
1 0 1.18624e-66 
1 0 2.77294e-62 
1 0 1.28976e-61 
1 0 4.43007e-61 
1 0 0 
1 0 0 
1 -2.84104e-66 0 
1 -1.6623e-62 0 
1 -4.36188e-59 0 
1 -6.84289e-56 0 
1 -7.19506e-53 0 
1 -5.37518e-50 0 
1 -2.94607e-47 0 
1 -1.20462e-44 0 
1 -3.69734e-42 0 
1 -8.5004e-40 0 
1 -1.45076e-37 0 
1 -1.81266e-35 0 
1 -1.63503e-33 0 
1 -1.0612e-31 0 
1 -5.05206e-30 0 
1 -1.8121e-28 0 
1 -5.01998e-27 0 
1 -1.09535e-25 0 
1 -1.90962e-24 -1.8131e-20 
1 -2.68612e-23 -5.72553e-20 
1 -3.06735e-22 -1.38971e-20 
1 -2.85259e-21 -5.42237e-22 
1 -2.16107e-20 -5.68971e-20 
1 -1.33024e-19 -7.63965e-18 
1 -6.61374e-19 -2.25813e-17 
1 -2.64527e-18 -2.21274e-17 
1 0 0 
1 0 0 
1 0 0 
1 0 0 
1 0 0 
1 0 0 
1 0 0 
1 0 4.73847e-66 
1 0 2.20439e-65 
1 0 7.57259e-65 
1 0 0 
1 0 0 
1 0 0 
1 0 0 
1 0 0 
1 0 0 
1 -1.44902e-67 0 
1 -8.48299e-64 0 
1 -2.22747e-60 0 
1 -3.49736e-57 0 
1 -3.68111e-54 0 
1 -2.75349e-51 0 
1 -1.51153e-48 0 
1 -6.19289e-46 0 
1 -1.90574e-43 0 
1 -4.39668e-41 0 
1 -7.53966e-39 0 
1 -9.48378e-37 0 
1 -8.63592e-35 0 
1 -5.67847e-33 0 
1 -2.74807e-31 -1.83937e-21 
1 -1.00519e-29 -7.62957e-21 
1 -2.84877e-28 -1.81236e-21 
1 -6.38143e-27 -5.55134e-23 
1 -1.14676e-25 -7.31705e-21 
1 -1.6707e-24 -1.59856e-18 
1 -1.98734e-23 -5.26247e-18 
1 -1.93855e-22 -7.06707e-18 
1 -1.5534e-21 -1.89178e-18 
1 -1.02194e-20 -1.20481e-19 
1 0 0 
1 0 0 
1 0 0 
1 0 0 
1 0 0 
1 0 0 
1 0 0 
1 0 0 
1 0 0 
1 0 0 
1 0 0 
1 0 0 
1 0 0 
1 0 0 
1 0 0 
1 0 0 
1 0 0 
1 0 0 
1 0 0 
1 -1.90406e-68 0 
1 -1.11481e-64 0 
1 -2.92767e-61 0 
1 -4.59747e-58 0 
1 -4.83996e-55 0 
1 -3.62118e-52 0 
1 -1.98845e-49 0 
1 -8.14999e-47 0 
1 -2.50926e-44 0 
1 -5.79296e-42 0 
1 -9.94338e-40 0 
1 -1.25239e-37 0 
1 -1.14261e-35 -1.52258e-22 
1 -7.53338e-34 -8.24659e-22 
1 -3.65858e-32 -1.92475e-22 
1 -1.34409e-30 -4.66334e-24 
1 -3.82948e-29 -7.69242e-22 
1 -8.63298e-28 -2.67378e-19 
1 -1.56326e-26 -9.83063e-19 
1 -2.29853e-25 -1.7755e-18 
1 -2.7649e-24 -4.56467e-19 
1 -2.73417e-23 -2.32745e-20 
1 -2.22833e-22 -2.99646e-21 
1 0 0 
1 0 0 
1 0 0 
1 0 0 
1 0 0 
1 0 0 
1 0 0 
1 0 0 
1 0 0 
1 0 0 
1 0 0 
1 0 0 
1 0 0 
1 0 0 
1 0 0 
1 0 0 
1 0 0 
1 0 0 
1 0 0 
1 0 0 
1 0 0 
1 0 0 
1 0 0 
1 0 0 
1 0 0 
1 -6.97389e-70 0 
1 -4.08552e-66 0 
1 -1.07368e-62 0 
1 -1.68752e-59 0 
1 -1.7784e-56 0 
1 -1.33231e-53 0 
1 -7.32786e-51 0 
1 -3.00971e-48 0 
1 -9.29164e-46 -1.02642e-23 
1 -2.15289e-43 -7.23679e-23 
1 -3.71382e-41 -1.66475e-23 
1 -4.7106e-39 -3.20069e-25 
1 -4.3407e-37 -6.602e-23 
1 -2.90146e-35 -3.60778e-20 
1 -1.43397e-33 -1.48677e-19 
1 -5.3803e-32 -3.58045e-19 
1 -1.57111e-30 -8.91091e-20 
1 -3.64364e-29 -3.6593e-21 
1 -6.81581e-28 -4.43757e-22 
1 -1.04018e-26 -1.07905e-22 
1 -1.30585e-25 -3.31827e-24 
1 0 0 
1 0 0 
1 0 0 
1 0 0 
1 0 0 
1 0 0 
1 0 0 
1 0 0 
1 0 0 
1 0 0 
1 0 0 
1 0 0 
1 0 0 
1 0 0 
1 0 0 
1 0 0 
1 0 0 
1 0 0 
1 0 0 
1 0 0 
1 0 0 
1 0 0 
1 0 0 
1 0 0 
1 0 0 
1 0 0 
1 0 0 
1 0 0 
1 -9.16395e-71 0 
1 -5.3691e-67 0 
1 -1.41119e-63 0 
1 -2.21833e-60 0 
1 -2.33826e-57 0 
1 -1.75215e-54 0 
1 -9.63992e-52 -5.60468e-25 
1 -3.96084e-49 -5.14707e-24 
1 -1.22341e-46 -1.16981e-24 
1 -2.83657e-44 -1.78239e-26 
1 -4.89772e-42 -4.60828e-24 
1 -6.22039e-40 -3.94561e-21 
1 -5.74269e-38 -1.83367e-20 
1 -3.84864e-36 -5.82445e-20 
1 -1.90855e-34 -1.41244e-20 
1 -7.19109e-33 -4.70173e-22 
1 -2.11051e-31 -5.42059e-23 
1 -4.92415e-30 -1.29145e-23 
1 -9.27722e-29 -3.26909e-25 
1 -1.42794e-27 -3.57221e-26 
1 0 0 
1 0 0 
1 0 0 
1 0 0 
1 0 0 
1 0 0 
1 0 0 
1 0 0 
1 0 0 
1 0 0 
1 0 0 
1 0 0 
1 0 0 
1 0 0 
1 0 0 
1 0 0 
1 0 0 
1 0 0 
1 0 0 
1 0 0 
1 0 0 
1 0 0 
1 0 0 
1 0 0 
1 0 0 
1 0 0 
1 0 0 
1 0 0 
1 0 0 
1 0 0 
1 0 0 
1 0 0 
1 0 0 
1 0 0 
1 -3.35643e-72 0 
1 -1.96764e-68 0 
1 -5.17533e-65 -2.4554e-26 
1 -8.14244e-62 -2.95172e-25 
1 -8.59169e-59 -6.6404e-26 
1 -6.44648e-56 -7.96833e-28 
1 -3.55248e-53 -2.59978e-25 
1 -1.46267e-50 -3.50145e-22 
1 -4.53004e-48 -1.85022e-21 
1 -1.05411e-45 -7.69263e-21 
1 -1.82908e-43 -1.82658e-21 
1 -2.33915e-41 -4.94357e-23 
1 -2.18068e-39 -5.45937e-24 
1 -1.48111e-37 -1.27827e-24 
1 -7.47032e-36 -2.6574e-26 
1 -2.87239e-34 -2.80712e-27 
1 -8.6313e-33 -6.45599e-28 
1 -2.06889e-31 -1.04858e-29 
1 0 0 
1 0 0 
1 0 0 
1 0 0 
1 0 0 
1 0 0 
1 0 0 
1 0 0 
1 0 0 
1 0 0 
1 0 0 
1 0 0 
1 0 0 
1 0 0 
1 0 0 
1 0 0 
1 0 0 
1 0 0 
1 0 0 
1 0 0 
1 0 0 
1 0 0 
1 0 0 
1 0 0 
1 0 0 
1 0 0 
1 0 0 
1 0 0 
1 0 0 
1 0 0 
1 0 0 
1 0 0 
1 0 0 
1 0 0 
1 0 0 
1 0 0 
1 0 0 
1 -4.41047e-73 -8.50898e-28 
1 -2.58583e-69 -1.35226e-26 
1 -6.80217e-66 -3.01567e-27 
1 -1.07037e-62 -2.81701e-29 
1 -1.12964e-59 -1.1738e-26 
1 -8.4779e-57 -2.51583e-23 
1 -4.67334e-54 -1.52733e-22 
1 -1.92489e-51 -8.27279e-22 
1 -5.96457e-49 -1.9306e-22 
1 -1.38884e-46 -4.24841e-24 
1 -2.4121e-44 -4.52207e-25 
1 -3.08875e-42 -1.04316e-25 
1 -2.88478e-40 -1.77272e-27 
1 -1.96432e-38 -1.81823e-28 
1 -9.94009e-37 -4.13203e-29 
1 -3.8375e-35 -5.47866e-31 
1 -1.15873e-33 -5.45765e-32 
1 0 0 
1 0 0 
1 0 0 
1 0 0 
1 0 0 
1 0 0 
1 0 0 
1 0 0 
1 0 0 
1 0 0 
1 0 0 
1 0 0 
1 0 0 
1 0 0 
1 0 0 
1 0 0 
1 0 0 
1 0 0 
1 0 0 
1 0 0 
1 0 0 
1 0 0 
1 0 0 
1 0 0 
1 0 0 
1 0 0 
1 0 0 
1 0 0 
1 0 0 
1 0 0 
1 0 0 
1 0 0 
1 0 0 
1 0 0 
1 0 0 
1 0 0 
1 0 0 
1 0 0 
1 0 0 
1 0 -2.28777e-29 
1 0 -4.87938e-28 
1 0 -1.07996e-28 
1 0 -7.71789e-31 
1 -1.6154e-74 -4.18107e-28 
1 -9.47643e-71 -1.45553e-24 
1 -2.4946e-67 -1.02827e-23 
1 -3.9288e-64 -7.24354e-23 
1 -4.15074e-61 -1.66626e-23 
1 -3.11915e-58 -2.9726e-25 
1 -1.72219e-55 -3.06555e-26 
1 -7.10815e-53 -6.98174e-27 
1 -2.20849e-50 -9.6275e-29 
1 -5.16085e-48 -9.62452e-30 
1 -9.00708e-46 -2.16459e-30 
1 -1.16126e-43 -2.31613e-32 
1 -1.095e-41 -2.25868e-33 
1 -7.55372e-40 -5.02907e-34 
1 -3.88565e-38 -4.15722e-36 
1 0 0 
1 0 0 
1 0 0 
1 0 0 
1 0 0 
1 0 0 
1 0 0 
1 0 0 
1 0 0 
1 0 0 
1 0 0 
1 0 0 
1 0 0 
1 0 0 
1 0 0 
1 0 0 
1 0 0 
1 0 0 
1 0 0 
1 0 0 
1 0 0 
1 0 0 
1 0 0 
1 0 0 
1 0 0 
1 0 0 
1 0 0 
1 0 0 
1 0 0 
1 0 0 
1 0 0 
1 0 0 
1 0 0 
1 0 0 
1 0 0 
1 0 0 
1 0 0 
1 0 0 
1 0 0 
1 0 0 
1 0 -4.6584e-31 
1 0 -1.35982e-29 
1 0 -2.99007e-30 
1 0 -1.59817e-32 
1 0 -1.15213e-29 
1 0 -6.7178e-26 
1 -2.12269e-75 -5.61097e-25 
1 -1.24537e-71 -5.14808e-24 
1 -3.27876e-68 -1.17004e-24 
1 -5.16462e-65 -1.68211e-26 
1 -5.45742e-62 -1.68806e-27 
1 -4.10206e-59 -3.80233e-28 
1 -2.26556e-56 -4.20936e-30 
1 -9.35439e-54 -4.1151e-31 
1 -2.90783e-51 -9.17156e-32 
1 -6.79959e-49 -7.79813e-34 
1 -1.18779e-46 -7.46497e-35 
1 -1.53333e-44 -1.64965e-35 
1 -1.44844e-42 -1.06628e-37 
1 -1.00167e-40 -1.00359e-38 
1 0 0 
1 0 0 
1 0 0 
1 0 0 
1 0 0 
1 0 0 
1 0 0 
1 0 0 
1 0 0 
1 0 0 
1 0 0 
1 0 0 
1 0 0 
1 0 0 
1 0 0 
1 0 0 
1 0 0 
1 0 0 
1 0 0 
1 0 0 
1 0 0 
1 0 0 
1 0 0 
1 0 0 
1 0 0 
1 0 0 
1 0 0 
1 0 0 
1 0 0 
1 0 0 
1 0 0 
1 0 0 
1 0 0 
1 0 0 
1 0 0 
1 0 0 
1 0 0 
1 0 0 
1 0 0 
1 0 0 
1 0 0 
1 0 0 
1 0 -7.00004e-33 
1 0 -2.85533e-31 
1 0 -6.24359e-32 
1 0 -2.43507e-34 
1 0 -2.39631e-31 
1 0 -2.43906e-27 
1 0 -2.45713e-26 
1 0 -2.95183e-25 
1 0 -6.64067e-26 
1 0 -7.61977e-28 
1 -7.77466e-77 -7.46896e-29 
1 -4.56397e-73 -1.66642e-29 
1 -1.20244e-69 -1.45913e-31 
1 -1.89568e-66 -1.39912e-32 
1 -2.00526e-63 -3.09392e-33 
1 -1.5092e-60 -2.04865e-35 
1 -8.34878e-58 -1.93013e-36 
1 -3.45427e-55 -4.23783e-37 
1 -1.07664e-52 -2.08993e-39 
1 -2.52653e-50 -1.94191e-40 
1 -4.43485e-48 -4.23978e-41 
1 -5.7636e-46 -1.53081e-43 
1 0 0 
1 0 0 
1 0 0 
1 0 0 
1 0 0 
1 0 0 
1 0 0 
1 0 0 
1 0 0 
1 0 0 
1 0 0 
1 0 0 
1 0 0 
1 0 0 
1 0 0 
1 0 0 
1 0 0 
1 0 0 
1 0 0 
1 0 0 
1 0 0 
1 0 0 
1 0 0 
1 0 0 
1 0 0 
1 0 0 
1 0 0 
1 0 0 
1 0 0 
1 0 0 
1 0 0 
1 0 0 
1 0 0 
1 0 0 
1 0 0 
1 0 0 
1 0 0 
1 0 0 
1 0 0 
1 0 0 
1 0 0 
1 0 0 
1 0 0 
1 0 -7.61906e-35 
1 0 -4.398e-33 
1 0 -9.57352e-34 
1 0 -2.67801e-36 
1 0 -3.6632e-33 
1 0 -6.83223e-29 
1 0 -8.51261e-28 
1 0 -1.35227e-26 
1 0 -3.0157e-27 
1 0 -2.72299e-29 
1 0 -2.61563e-30 
1 0 -5.78813e-31 
1 -1.02162e-77 -3.92984e-33 
1 -5.99785e-74 -3.70641e-34 
1 -1.58042e-70 -8.14132e-35 
1 -2.49197e-67 -4.09631e-37 
1 -2.63652e-64 -3.80846e-38 
1 -1.98478e-61 -8.31699e-39 
1 -1.09829e-58 -3.04944e-41 
1 -4.54584e-56 -2.80476e-42 
1 -1.41756e-53 -6.09832e-43 
1 -3.32874e-51 -1.61302e-45 
1 -5.84824e-49 -1.47228e-46 
1 0 0 
1 0 0 
1 0 0 
1 0 0 
1 0 0 
1 0 0 
1 0 0 
1 0 0 
1 0 0 
1 0 0 
1 0 0 
1 0 0 
1 0 0 
1 0 0 
1 0 0 
1 0 0 
1 0 0 
1 0 0 
1 0 0 
1 0 0 
1 0 0 
1 0 0 
1 0 0 
1 0 0 
1 0 0 
1 0 0 
1 0 0 
1 0 0 
1 0 0 
1 0 0 
1 0 0 
1 0 0 
1 0 0 
1 0 0 
1 0 0 
1 0 0 
1 0 0 
1 0 0 
1 0 0 
1 0 0 
1 0 0 
1 0 0 
1 0 0 
1 0 0 
1 0 0 
1 0 -6.0187e-37 
1 0 -4.87472e-35 
1 0 -1.05758e-35 
1 0 -2.13129e-38 
1 0 -4.03802e-35 
1 0 -1.44056e-30 
1 0 -2.28833e-29 
1 0 -4.87939e-28 
1 0 -1.07996e-28 
1 0 -7.52579e-31 
1 0 -7.10587e-32 
1 0 -1.56154e-32 
1 0 -8.02138e-35 
1 0 -7.46234e-36 
1 0 -1.63005e-36 
1 0 -6.07171e-39 
1 -3.74182e-79 -5.5863e-40 
1 -2.19807e-75 -1.21478e-40 
1 -5.79593e-72 -3.24959e-43 
1 -9.14677e-69 -2.96655e-44 
1 -9.68753e-66 -6.43048e-45 
1 -7.30221e-63 -1.24537e-47 
1 -4.04724e-60 -1.13074e-48 
1 -1.6786e-57 -2.44565e-49 
1 -5.24839e-55 -3.48169e-52 
1 0 0 
1 0 0 
1 0 0 
1 0 0 
1 0 0 
1 0 0 
1 0 0 
1 0 0 
1 0 0 
1 0 0 
1 0 0 
1 0 0 
1 0 0 
1 0 0 
1 0 0 
1 0 0 
1 0 0 
1 0 0 
1 0 0 
1 0 0 
1 0 0 
1 0 0 
1 0 0 
1 0 0 
1 0 0 
1 0 0 
1 0 0 
1 0 0 
1 0 0 
1 0 0 
1 0 0 
1 0 0 
1 0 0 
1 0 0 
1 0 0 
1 0 0 
1 0 0 
1 0 0 
1 0 0 
1 0 0 
1 0 0 
1 0 0 
1 0 0 
1 0 0 
1 0 0 
1 0 0 
1 0 -3.49373e-39 
1 0 -3.90085e-37 
1 0 -8.44277e-38 
1 0 -1.2438e-40 
1 0 -3.21882e-37 
1 0 -2.2259e-32 
1 0 -4.65902e-31 
1 0 -1.35982e-29 
1 0 -2.99007e-30 
1 0 -1.56921e-32 
1 0 -1.4608e-33 
1 0 -3.19176e-34 
1 0 -1.20833e-36 
1 0 -1.1121e-37 
1 0 -2.41865e-38 
1 0 -6.54502e-41 
1 0 -5.97593e-42 
1 0 -1.29547e-42 
1 -4.91689e-80 -2.52917e-45 
1 -2.88864e-76 -2.29658e-46 
1 -7.61785e-73 -4.96738e-47 
1 -1.20239e-69 -7.11222e-50 
1 -1.27372e-66 -6.43317e-51 
1 -9.60325e-64 -1.38926e-51 
1 -5.32417e-61 -1.48012e-54 
1 -2.20904e-58 -1.33504e-55 
1 0 0 
1 0 0 
1 0 0 
1 0 0 
1 0 0 
1 0 0 
1 0 0 
1 0 0 
1 0 0 
1 0 0 
1 0 0 
1 0 0 
1 0 0 
1 0 0 
1 0 0 
1 0 0 
1 0 0 
1 0 0 
1 0 0 
1 0 0 
1 0 0 
1 0 0 
1 0 0 
1 0 0 
1 0 0 
1 0 0 
1 0 0 
1 0 0 
1 0 0 
1 0 0 
1 0 0 
1 0 0 
1 0 0 
1 0 0 
1 0 0 
1 0 0 
1 0 0 
1 0 0 
1 0 0 
1 0 0 
1 0 0 
1 0 0 
1 0 0 
1 0 0 
1 0 0 
1 0 0 
1 0 0 
1 0 0 
1 0 -1.50929e-41 
1 0 -2.28536e-39 
1 0 -4.9378e-40 
1 0 -5.39436e-43 
1 0 -1.8806e-39 
1 0 -2.47273e-34 
1 0 -7.00054e-33 
1 0 -2.85533e-31 
1 0 -6.24359e-32 
1 0 -2.40347e-34 
1 0 -2.21281e-35 
1 0 -4.8132e-36 
1 0 -1.3179e-38 
1 0 -1.20351e-39 
1 0 -2.60916e-40 
1 0 -5.13572e-43 
1 0 -4.66383e-44 
1 0 -1.0088e-44 
1 0 -1.45274e-47 
1 0 -1.3141e-48 
1 0 -2.83789e-49 
1 0 -3.0362e-52 
1 -1.80088e-81 -2.73868e-53 
1 -1.05862e-77 -5.90752e-54 
1 -2.79372e-74 -4.74025e-57 
1 -4.41336e-71 -4.26674e-58 
1 -4.68008e-68 -9.19569e-59 
1 -3.53312e-65 -5.54624e-62 
1 0 0 
1 0 0 
1 0 0 
1 0 0 
1 0 0 
1 0 0 
1 0 0 
1 0 0 
1 0 0 
1 0 0 
1 0 0 
1 0 0 
1 0 0 
1 0 0 
1 0 0 
1 0 0 
1 0 0 
1 0 0 
1 0 0 
1 0 0 
1 0 0 
1 0 0 
1 0 0 
1 0 0 
1 0 0 
1 0 0 
1 0 0 
1 0 0 
1 0 0 
1 0 0 
1 0 0 
1 0 0 
1 0 0 
1 0 0 
1 0 0 
1 0 0 
1 0 0 
1 0 0 
1 0 0 
1 0 0 
1 0 0 
1 0 0 
1 0 0 
1 0 0 
1 0 0 
1 0 0 
1 0 0 
1 0 0 
1 0 0 
1 0 -4.89223e-44 
1 0 -9.93956e-42 
1 0 -2.14486e-42 
1 0 -1.75371e-45 
1 0 -8.16282e-42 
1 0 -1.98181e-36 
1 0 -7.61935e-35 
1 0 -4.398e-33 
1 0 -9.57352e-34 
1 0 -2.653e-36 
1 0 -2.42316e-37 
1 0 -5.25369e-38 
1 0 -1.04271e-40 
1 0 -9.46991e-42 
1 0 -2.04844e-42 
1 0 -2.96716e-45 
1 0 -2.68413e-46 
1 0 -5.79666e-47 
1 0 -6.228e-50 
1 0 -5.61787e-51 
1 0 -1.21182e-51 
1 0 -9.75454e-55 
1 0 -8.78027e-56 
1 0 -1.89234e-56 
1 -2.36643e-82 -1.1441e-59 
1 -1.39124e-78 -1.02816e-60 
1 -3.67209e-75 -2.21444e-61 
1 -5.80206e-72 -9.99588e-65 
1 -6.15413e-69 -8.97152e-66 
1 0 0 
1 0 0 
1 0 0 
1 0 0 
1 0 0 
1 0 0 
1 0 0 
1 0 0 
1 0 0 
1 0 0 
1 0 0 
1 0 0 
1 0 0 
1 0 0 
1 0 0 
1 0 0 
1 0 0 
1 0 0 
1 0 0 
1 0 0 
1 0 0 
1 0 0 
1 0 0 
1 0 0 
1 0 0 
1 0 0 
1 0 0 
1 0 0 
1 0 0 
1 0 0 
1 0 0 
1 0 0 
1 0 0 
1 0 0 
1 0 0 
1 0 0 
1 0 0 
1 0 0 
1 0 0 
1 0 0 
1 0 0 
1 0 0 
1 0 0 
1 0 0 
1 0 0 
1 0 0 
1 0 0 
1 0 0 
1 0 0 
1 0 0 
1 0 -1.19176e-46 
1 0 -3.23818e-44 
1 0 -6.98104e-45 
1 0 -4.28181e-48 
1 0 -2.65536e-44 
1 0 -1.16234e-38 
1 0 -6.01883e-37 
1 0 -4.87472e-35 
1 0 -1.05758e-35 
1 0 -2.11675e-38 
1 0 -1.92261e-39 
1 0 -4.15895e-40 
1 0 -6.05986e-43 
1 0 -5.48207e-44 
1 0 -1.18394e-44 
1 0 -1.27746e-47 
1 0 -1.15235e-48 
1 0 -2.48574e-49 
1 0 -2.00725e-52 
1 0 -1.8068e-53 
1 0 -3.89407e-54 
1 0 -2.36008e-57 
1 0 -2.12093e-58 
1 0 -4.56805e-59 
1 0 -2.06593e-62 
1 0 -1.85423e-63 
1 -9.4042e-97 -3.99154e-64 
1 -1.81169e-92 -1.32495e-67 
1 -2.40572e-90 -1.18797e-68 
1 1.47552e-86 -2.55625e-69 
1 0 0 
1 0 0 
1 0 0 
1 0 0 
1 0 0 
1 0 0 
1 0 0 
1 0 0 
1 0 0 
1 0 0 
1 0 0 
1 0 0 
1 0 0 
1 0 0 
1 0 0 
1 0 0 
1 0 0 
1 0 0 
1 0 0 
1 0 0 
1 0 0 
1 0 0 
1 0 0 
1 0 0 
1 0 0 
1 0 0 
1 0 0 
1 0 0 
1 0 0 
1 0 0 
1 0 0 
1 0 0 
1 0 0 
1 0 0 
1 0 0 
1 0 0 
1 0 0 
1 0 0 
1 0 0 
1 0 0 
1 0 0 
1 0 0 
1 0 0 
1 0 0 
1 0 0 
1 0 0 
1 0 0 
1 0 0 
1 0 0 
1 0 0 
1 0 -2.16766e-49 
1 0 -7.91903e-47 
1 0 -1.70598e-47 
1 0 -7.80209e-51 
1 0 -6.48627e-47 
1 0 -5.05927e-41 
1 0 -3.49377e-39 
1 0 -3.90085e-37 
1 0 -8.44277e-38 
1 0 -1.23752e-40 
1 0 -1.11958e-41 
1 0 -2.41795e-42 
1 0 -2.62018e-45 
1 0 -2.36362e-46 
1 0 -5.09865e-47 
1 0 -4.13035e-50 
1 0 -3.71793e-51 
1 0 -8.01306e-52 
1 0 -4.86834e-55 
1 0 -4.37508e-56 
1 0 -9.42305e-57 
1 0 -4.2698e-60 
1 0 -3.83228e-61 
1 0 -8.24965e-62 
1 0 -2.74258e-65 
1 0 -2.45904e-66 
1 0 -5.29131e-67 
1 0 -1.25011e-70 
1 0 -1.11995e-71 
1 0 -2.40906e-72 
1 0 0 
1 0 0 
1 0 0 
1 0 0 
1 0 0 
1 0 0 
1 0 0 
1 0 0 
1 0 0 
1 0 0 
1 0 0 
1 0 0 
1 0 0 
1 0 0 
1 0 0 
1 0 0 
1 0 0 
1 0 0 
1 0 0 
1 0 0 
1 0 0 
1 0 0 
1 0 0 
1 0 0 
1 0 0 
1 0 0 
1 0 0 
1 0 0 
1 0 0 
1 0 0 
1 0 0 
1 0 0 
1 0 0 
1 0 0 
1 0 0 
1 0 0 
1 0 0 
1 0 0 
1 0 0 
1 0 0 
1 0 0 
1 0 0 
1 0 0 
1 0 0 
1 0 0 
1 0 0 
1 0 0 
1 0 0 
1 0 0 
1 0 0 
1 0 -2.89437e-52 
1 0 -1.44479e-49 
1 0 -3.11068e-50 
1 0 -1.04328e-53 
1 0 -1.18232e-49 
1 0 -1.64921e-43 
1 0 -1.5093e-41 
1 0 -2.28536e-39 
1 0 -4.9378e-40 
1 0 -5.37397e-43 
1 0 -4.8479e-44 
1 0 -1.04577e-44 
1 0 -8.49887e-48 
1 0 -7.65038e-49 
1 0 -1.64886e-49 
1 0 -1.00422e-52 
1 0 -9.02482e-54 
1 0 -1.94378e-54 
1 0 -8.82461e-58 
1 0 -7.9204e-59 
1 0 -1.70501e-59 
1 0 -5.67696e-63 
1 0 -5.09007e-64 
1 0 -1.09527e-64 
1 0 -2.59087e-68 
1 0 -2.32111e-69 
1 0 -4.99282e-70 
1 0 -7.91685e-74 
1 0 -7.08774e-75 
1 0 -1.52419e-75 
1 0 0 
1 0 0 
1 0 0 
1 0 0 
1 0 0 
1 0 0 
1 0 0 
1 0 0 
1 0 0 
1 0 0 
1 0 0 
1 0 0 
1 0 0 
1 0 0 
1 0 0 
1 0 0 
1 0 0 
1 0 0 
1 0 0 
1 0 0 
1 0 0 
1 0 0 
1 0 0 
1 0 0 
1 0 0 
1 0 0 
1 0 0 
1 0 0 
1 0 0 
1 0 0 
1 0 0 
1 0 0 
1 0 0 
1 0 0 
1 0 0 
1 0 0 
1 0 0 
1 0 0 
1 0 0 
1 0 0 
1 0 0 
1 0 0 
1 0 0 
1 0 0 
1 0 0 
1 0 0 
1 0 0 
1 0 0 
1 0 0 
1 0 0 
1 0 -2.74716e-55 
1 0 -1.9339e-52 
1 0 -4.16181e-53 
1 0 -9.91372e-57 
1 0 -1.58144e-52 
1 0 -4.03498e-46 
1 0 -4.89225e-44 
1 0 -9.93956e-42 
1 0 -2.14486e-42 
1 0 -1.74874e-45 
1 0 -1.57418e-46 
1 0 -3.39279e-47 
1 0 -2.07144e-50 
1 0 -1.8616e-51 
1 0 -4.00954e-52 
1 0 -1.82381e-55 
1 0 -1.63694e-56 
1 0 -3.52382e-57 
1 0 -1.17509e-60 
1 0 -1.05361e-61 
1 0 -2.26714e-62 
1 0 -5.36961e-66 
1 0 -4.81052e-67 
1 0 -1.03477e-67 
1 0 -1.64245e-71 
1 0 -1.47044e-72 
1 0 -3.16211e-73 
1 0 -3.00098e-77 
1 0 -2.68521e-78 
1 0 -5.7731e-79 
1 0 0 
1 0 0 
1 0 0 
1 0 0 
1 0 0 
1 0 0 
1 0 0 
1 0 0 
1 0 0 
1 0 0 
1 0 0 
1 0 0 
1 0 0 
1 0 0 
1 0 0 
1 0 0 
1 0 0 
1 0 0 
1 0 0 
1 0 0 
1 0 0 
1 0 0 
1 0 0 
1 0 0 
1 0 0 
1 0 0 
1 0 0 
1 0 0 
1 0 0 
1 0 0 
1 0 0 
1 0 0 
1 0 0 
1 0 0 
1 0 0 
1 0 0 
1 0 0 
1 0 0 
1 0 0 
1 0 0 
1 0 0 
1 0 0 
1 0 0 
1 0 0 
1 0 0 
1 0 0 
1 0 0 
1 0 0 
1 0 0 
1 0 0 
1 0 -1.74824e-58 
1 0 -1.83919e-55 
1 0 -3.95652e-56 
1 0 -6.31496e-60 
1 0 -1.50311e-55 
1 0 -7.36423e-49 
1 0 -1.19176e-46 
1 0 -3.23818e-44 
1 0 -6.98104e-45 
1 0 -4.27277e-48 
1 0 -3.83996e-49 
1 0 -8.2706e-50 
1 0 -3.7693e-53 
1 0 -3.38312e-54 
1 0 -7.2828e-55 
1 0 -2.43233e-58 
1 0 -2.18089e-59 
1 0 -4.6928e-60 
1 0 -1.11285e-63 
1 0 -9.96984e-65 
1 0 -2.14456e-65 
1 0 -3.40746e-69 
1 0 -3.05061e-70 
1 0 -6.56019e-71 
1 0 -6.23111e-75 
1 0 -5.57545e-76 
1 0 -1.1987e-76 
1 0 -5.10666e-81 
1 0 -4.56726e-82 
1 0 -9.81763e-83 
1 0 0 
1 0 0 
1 0 0 
1 0 0 
1 0 0 
1 0 0 
1 0 0 
1 0 0 
1 0 0 
1 0 0 
1 0 0 
1 0 0 
1 0 0 
1 0 0 
1 0 0 
1 0 0 
1 0 0 
1 0 0 
1 0 0 
1 0 0 
1 0 0 
1 0 0 
1 0 0 
1 0 0 
1 0 0 
1 0 0 
1 0 0 
1 0 0 
1 0 0 
1 0 0 
1 0 0 
1 0 0 
1 0 0 
1 0 0 
1 0 0 
1 0 0 
1 0 0 
1 0 0 
1 0 0 
1 0 0 
1 0 0 
1 0 0 
1 0 0 
1 0 0 
1 0 0 
1 0 0 
1 0 0 
1 0 0 
1 0 0 
1 0 0 
1 0 -6.65347e-62 
1 0 -1.17234e-58 
1 0 -2.52118e-59 
1 0 -2.40524e-63 
1 0 -9.57655e-59 
1 0 -9.85999e-52 
1 0 -2.16766e-49 
1 0 -7.91903e-47 
1 0 -1.70598e-47 
1 0 -7.79001e-51 
1 0 -6.99192e-52 
1 0 -1.50515e-52 
1 0 -5.03469e-56 
1 0 -4.51425e-57 
1 0 -9.71369e-58 
1 0 -2.30639e-61 
1 0 -2.06625e-62 
1 0 -4.44462e-63 
1 0 -7.06917e-67 
1 0 -6.32885e-68 
1 0 -1.36099e-68 
1 0 -1.2938e-72 
1 0 -1.15766e-73 
1 0 -2.48894e-74 
1 0 -1.06105e-78 
1 0 -9.48972e-80 
1 0 -2.03988e-80 
1 0 0 
1 0 0 
1 0 0 
1 0 0 
1 0 0 
1 0 0 
1 0 0 
1 0 0 
1 0 0 
1 0 0 
1 0 0 
1 0 0 
1 0 0 
1 0 0 
1 0 0 
1 0 0 
1 0 0 
1 0 0 
1 0 0 
1 0 0 
1 0 0 
1 0 0 
1 0 0 
1 0 0 
1 0 0 
1 0 0 
1 0 0 
1 0 0 
1 0 0 
1 0 0 
1 0 0 
1 0 0 
1 0 0 
1 0 0 
1 0 0 
1 0 0 
1 0 0 
1 0 0 
1 0 0 
1 0 0 
1 0 0 
1 0 0 
1 0 0 
1 0 0 
1 0 0 
1 0 0 
1 0 0 
1 0 0 
1 0 0 
1 0 0 
1 0 0 
1 0 0 
1 0 0 
1 0 -1.13589e-65 
1 0 -4.46766e-62 
1 0 -9.60554e-63 
1 0 -4.1089e-67 
1 0 -3.6481e-62 
1 0 -9.37926e-55 
1 0 -2.89437e-52 
1 0 -1.44479e-49 
1 0 -3.11068e-50 
1 0 -1.04213e-53 
1 0 -9.34404e-55 
1 0 -2.01064e-55 
1 0 -4.77997e-59 
1 0 -4.2823e-60 
1 0 -9.21146e-61 
1 0 -1.46658e-64 
1 0 -1.31299e-65 
1 0 -2.82354e-66 
1 0 -2.68639e-70 
1 0 -2.40372e-71 
1 0 -5.16792e-72 
1 0 -2.20462e-76 
1 0 -1.97175e-77 
1 0 -4.23841e-78 
1 0 0 
1 0 0 
1 0 0 
1 0 0 
1 0 0 
1 0 0 
1 0 0 
1 0 0 
1 0 0 
1 0 0 
1 0 0 
1 0 0 
1 0 0 
1 0 0 
1 0 0 
1 0 0 
1 0 0 
1 0 0 
1 0 0 
1 0 0 
1 0 0 
1 0 0 
1 0 0 
1 0 0 
1 0 0 
1 0 0 
1 0 0 
1 0 0 
1 0 0 
1 0 0 
1 0 0 
1 0 0 
1 0 0 
1 0 0 
1 0 0 
1 0 0 
1 0 0 
1 0 0 
1 0 0 
1 0 0 
1 0 0 
1 0 0 
1 0 0 
1 0 0 
1 0 0 
1 0 0 
1 0 0 
1 0 0 
1 0 0 
1 0 0 
1 0 0 
1 0 0 
1 0 0 
1 0 0 
1 0 0 
1 0 0 
1 0 0 
1 0 -7.63557e-66 
1 0 -1.64132e-66 
1 0 0 
1 0 -6.23288e-66 
1 0 -5.97963e-58 
1 0 -2.74716e-55 
1 0 -1.9339e-52 
1 0 -4.16181e-53 
1 0 -9.90642e-57 
1 0 -8.87502e-58 
1 0 -1.90907e-58 
1 0 -3.04259e-62 
1 0 -2.72396e-63 
1 0 -5.85775e-64 
1 0 -5.5779e-68 
1 0 -4.99098e-69 
1 0 -1.07304e-69 
1 0 -4.58069e-74 
1 0 -4.09685e-75 
1 0 -8.80644e-76 
1 0 0 
1 0 0 
1 0 0 
1 0 0 
1 0 0 
1 0 0 
1 0 0 
1 0 0 
1 0 0 
1 0 0 
1 0 0 
1 0 0 
1 0 0 
1 0 0 
1 0 0 
1 0 0 
1 0 0 
1 0 0 
1 0 0 
1 0 0 
1 0 0 
1 0 0 
1 0 0 
1 0 0 
1 0 0 
1 0 0 
1 0 0 
1 0 0 
1 0 0 
1 0 0 
1 0 0 
1 0 0 
1 0 0 
1 0 0 
1 0 0 
1 0 0 
1 0 0 
1 0 0 
1 0 0 
1 0 0 
1 0 0 
1 0 0 
1 0 0 
1 0 0 
1 0 0 
1 0 0 
1 0 0 
1 0 0 
1 0 0 
1 0 0 
1 0 0 
1 0 0 
1 0 0 
1 0 0 
1 0 0 
1 0 0 
1 0 0 
1 0 0 
1 0 0 
1 0 0 
1 0 0 
1 0 0 
1 0 0 
1 0 0 
1 0 -2.27912e-61 
1 0 -1.74824e-58 
1 0 -1.83919e-55 
1 0 -3.95652e-56 
1 0 -6.31218e-60 
1 0 -5.65115e-61 
1 0 -1.21526e-61 
1 0 -1.15817e-65 
1 0 -1.0363e-66 
1 0 -2.22802e-67 
1 0 -9.51764e-72 
1 0 -8.51231e-73 
1 0 -1.82978e-73 
1 0 0 
1 0 0 
1 0 0 
1 0 0 
1 0 0 
1 0 0 
1 0 0 
1 0 0 
1 0 0 
1 0 0 
1 0 0 
1 0 0 
1 0 0 
1 0 0 
1 0 0 
1 0 0 
1 0 0 
1 0 0 
1 0 0 
1 0 0 
1 0 0 
1 0 0 
1 0 0 
1 0 0 
1 0 0 
1 0 0 
1 0 0 
1 0 0 
1 0 0 
1 0 0 
1 0 0 
1 0 0 
1 0 0 
1 0 0 
1 0 0 
1 0 0 
1 0 0 
1 0 0 
1 0 0 
1 0 0 
1 0 0 
1 0 0 
1 0 0 
1 0 0 
1 0 0 
1 0 0 
1 0 0 
1 0 0 
1 0 0 
1 0 0 
1 0 0 
1 0 0 
1 0 0 
1 0 0 
1 0 0 
1 0 0 
1 0 0 
1 0 0 
1 0 0 
1 0 0 
1 0 0 
1 0 0 
1 0 0 
1 0 0 
1 0 0 
1 0 0 
1 0 0 
1 0 -3.89567e-65 
1 0 -6.65347e-62 
1 0 -1.17234e-58 
1 0 -2.52118e-59 
1 0 -2.40477e-63 
1 0 -2.15173e-64 
1 0 -4.62616e-65 
1 0 -1.97755e-69 
1 0 -1.76866e-70 
1 0 -3.80186e-71 
1 0 0 
1 0 0 
1 0 0 
1 0 0 
1 0 0 
1 0 0 
1 0 0 
1 0 0 
1 0 0 
1 0 0 
1 0 0 
1 0 0 
1 0 0 
1 0 0 
1 0 0 
1 0 0 
1 0 0 
1 0 0 
1 0 0 
1 0 0 
1 0 0 
1 0 0 
1 0 0 
1 0 0 
1 0 0 
1 0 0 
1 0 0 
1 0 0 
1 0 0 
1 0 0 
1 0 0 
1 0 0 
1 0 0 
1 0 0 
1 0 0 
1 0 0 
1 0 0 
1 0 0 
1 0 0 
1 0 0 
1 0 0 
1 0 0 
1 0 0 
1 0 0 
1 0 0 
1 0 0 
1 0 0 
1 0 0 
1 0 0 
1 0 0 
1 0 0 
1 0 0 
1 0 0 
1 0 0 
1 0 0 
1 0 0 
1 0 0 
1 0 0 
1 0 0 
1 0 0 
1 0 0 
1 0 0 
1 0 0 
1 0 0 
1 0 0 
1 0 0 
1 0 0 
1 0 0 
1 0 0 
1 0 0 
1 0 0 
1 0 -1.13589e-65 
1 0 -4.46766e-62 
1 0 -9.60554e-63 
1 0 -4.1089e-67 
1 0 -3.67488e-68 
1 0 -7.89941e-69 
1 0 0 
1 0 0 
1 0 0 
1 0 0 
1 0 0 
1 0 0 
1 0 0 
1 0 0 
1 0 0 
1 0 0 
1 0 0 
1 0 0 
1 0 0 
1 0 0 
1 0 0 
1 0 0 
1 0 0 
1 0 0 
1 0 0 
1 0 0 
1 0 0 
1 0 0 
1 0 0 
1 0 0 
1 0 0 
1 0 0 
1 0 0 
1 0 0 
1 0 0 
1 0 0 
1 0 0 
1 0 0 
1 0 0 
1 0 0 
1 0 0 
1 0 0 
1 0 0 
1 0 0 
1 0 0 
1 0 0 
1 0 0 
1 0 0 
1 0 0 
1 0 0 
1 0 0 
1 0 0 
1 0 0 
1 0 0 
1 0 0 
1 0 0 
1 0 0 
1 0 0 
1 0 0 
1 0 0 
1 0 0 
1 0 0 
1 0 0 
1 0 0 
1 0 0 
1 0 0 
1 0 0 
1 0 0 
1 0 0 
1 0 0 
1 0 0 
1 0 0 
1 0 0 
1 0 0 
1 0 0 
1 0 0 
1 0 0 
1 0 0 
1 0 0 
1 0 0 
1 0 0 
1 0 -7.63557e-66 
1 0 -1.64132e-66 
1 0 0 
1 0 0 
1 0 0 
1 0 0 
1 0 0 
1 0 0 
1 0 0 
1 0 0 
1 0 0 
1 0 0 
1 0 0 
1 0 0 
1 0 0 
1 0 0 
1 0 0 
1 0 0 
1 0 0 
1 0 0 
1 0 0 
1 0 0 
1 0 0 
1 0 0 
1 0 0 
1 0 0 
1 0 0 
1 0 0 
1 0 0 
1 0 0 
1 0 0 
1 0 0 
1 0 0 
1 0 0 
1 0 0 
1 0 0 
1 0 0 
1 0 0 
1 0 0 
1 0 0 
1 0 0 
1 0 0 
1 0 0 
1 0 0 
1 0 0 
1 0 0 
1 0 0 
1 0 0 
1 0 0 
1 0 0 
1 0 0 
1 0 0 
1 0 0 
1 0 0 
1 0 0 
1 0 0 
1 0 0 
1 0 0 
1 0 0 
1 0 0 
1 0 0 
1 0 0 
1 0 0 
1 0 0 
1 0 0 
1 0 0 
1 0 0 
1 0 0 
1 0 0 
1 0 0 
1 0 0 
1 0 0 
1 0 0 
1 0 0 
1 0 0 
1 0 0 
1 0 0 
1 0 0 
1 0 0 
1 0 0 
1 0 0 
1 0 0 
1 0 0 
1 0 0 
1 0 0 
1 0 0 
1 0 0 
1 0 0 
1 0 0 
1 0 0 
1 0 0 
1 0 0 
1 0 0 
1 0 0 
1 0 0 
1 0 0 
1 0 0 
1 0 0 
1 0 0 
1 0 0 
1 0 0 
1 0 0 
1 0 0 
1 0 0 
1 0 0 
1 0 0 
1 0 0 
1 0 0 
1 0 0 
1 0 0 
1 0 0 
1 0 0 
1 0 0 
1 0 0 
1 0 0 
1 0 0 
1 0 0 
1 0 0 
1 0 0 
1 0 0 
1 0 0 
1 0 0 
1 0 0 
1 0 0 
1 0 0 
1 0 0 
1 0 0 
1 0 0 
1 0 0 
1 0 0 
1 0 0 
1 0 0 
1 0 0 
1 0 0 
1 0 0 
1 0 0 
1 0 0 
1 0 0 
1 0 0 
1 0 0 
1 0 0 
1 0 0 
1 0 0 
1 0 0 
1 0 0 
1 0 0 
1 0 0 
1 0 0 
1 0 0 
1 0 0 
1 0 0 
1 0 0 
1 0 0 
1 0 0 
1 0 0 
1 0 0 
1 0 0 
1 0 0 
1 0 0 
1 0 0 
1 0 0 
1 0 0 
1 0 0 
1 0 0 
1 0 0 
1 0 0 
1 0 0 
1 0 0 
1 0 0 
1 0 0 
1 0 0 
1 0 0 
1 0 0 
1 0 0 
1 0 0 
1 0 0 
1 0 0 
1 0 0 
1 0 0 
1 0 0 
1 0 0 
1 0 0 
1 0 0 
1 0 0 
1 0 0 
1 0 0 
1 0 0 
1 0 0 
1 0 0 
1 0 0 
1 0 0 
1 0 0 
1 0 0 
1 0 0 
1 0 0 
1 0 0 
1 0 0 
1 0 0 
1 0 0 
1 0 0 
1 0 0 
1 0 0 
1 0 0 
1 0 0 
1 0 0 
1 0 0 
1 0 0 
1 0 0 
1 0 0 
1 0 0 
1 0 0 
1 0 0 
1 0 0 
1 0 0 
1 0 0 
1 0 0 
1 0 0 
1 0 0 
1 0 0 
1 0 0 
1 0 0 
1 0 0 
1 0 0 
1 0 0 
1 0 0 
1 0 0 
1 0 0 
1 0 0 
1 0 0 
1 0 0 
1 0 0 
1 0 0 
1 0 0 
1 0 0 
1 0 0 
1 0 0 
1 0 0 
1 0 0 
1 0 0 
1 0 0 
1 0 0 
1 0 0 
1 0 0 
1 0 0 
1 0 0 
1 0 0 
1 0 0 
1 0 0 
1 0 0 
1 0 0 
1 0 0 
1 0 0 
1 0 0 
1 0 0 
1 0 0 
1 0 0 
1 0 0 
1 0 0 
1 0 0 
1 0 0 
1 0 0 
1 0 0 
1 0 0 
1 0 0 
1 0 0 
1 0 0 
1 0 0 
1 0 0 
1 0 0 
1 0 0 
1 0 0 
1 0 0 
1 0 0 
1 0 0 
1 0 0 
1 0 0 
1 0 0 
1 0 0 
1 0 0 
1 0 0 
1 0 0 
1 0 0 
1 0 0 
1 0 0 
1 0 0 
1 0 0 
1 0 0 
1 0 0 
1 0 0 
1 0 0 
1 0 0 
1 0 0 
1 0 0 
1 0 0 
1 0 0 
1 0 0 
1 0 0 
1 0 0 
1 0 0 
1 0 0 
1 0 0 
1 0 0 
1 0 0 
1 0 0 
1 0 0 
1 0 0 
1 0 0 
1 0 0 
1 0 0 
1 0 0 
1 0 0 
1 0 0 
1 0 0 
1 0 0 
1 0 0 
1 0 0 
1 0 0 
1 0 0 
1 0 0 
1 0 0 
1 0 0 
1 0 0 
1 0 0 
1 0 0 
1 0 0 
1 0 0 
1 0 0 
1 0 0 
1 0 0 
1 0 0 
1 0 0 
1 0 0 
1 0 0 
1 0 0 
1 0 0 
1 0 0 
1 0 0 
1 0 0 
1 0 0 
1 0 0 
1 0 0 
1 0 0 
1 0 0 
1 0 0 
1 0 0 
1 0 0 
1 0 0 
1 0 0 
1 0 0 
1 0 0 
1 0 0 
1 0 0 
1 0 0 
1 0 0 
1 0 0 
1 0 0 
1 0 0 
1 0 0 
1 0 0 
1 0 0 
1 0 0 
1 0 0 
1 0 0 
1 0 0 
1 0 0 
1 0 0 
1 0 0 
1 0 0 
1 0 0 
1 0 0 
1 0 0 
1 0 0 
1 0 0 
1 0 0 
1 0 0 
1 0 0 
1 0 0 
1 0 0 
1 0 0 
1 0 0 
1 0 0 
1 0 0 
1 0 0 
1 0 0 
1 0 0 
1 0 0 
1 0 0 
1 0 0 
1 0 0 
1 0 0 
1 0 0 
1 0 0 
1 0 0 
1 0 0 
1 0 0 
1 0 0 
1 0 0 
1 0 0 
1 0 0 
1 0 0 
1 0 0 
1 0 0 
1 0 0 
1 0 0 
1 0 0 
1 0 0 
1 0 0 
1 0 0 
1 0 0 
1 0 0 
1 0 0 
1 0 0 
1 0 0 
1 0 0 
1 0 0 
1 0 0 
1 0 0 
1 0 0 
1 0 0 
1 0 0 
1 0 0 
1 0 0 
1 0 0 
1 0 0 
1 0 0 
1 0 0 
1 0 0 
1 0 0 
1 0 0 
1 0 0 
1 0 0 
1 0 0 
1 0 0 
1 0 0 
1 0 0 
1 0 0 
1 0 0 
1 0 0 
1 0 0 
1 0 0 
1 0 0 
1 0 0 
1 0 0 
1 0 0 
1 0 0 
1 0 0 
1 0 0 
1 0 0 
1 0 0 
1 0 0 
1 0 0 
1 0 0 
1 0 0 
1 0 0 
1 0 0 
1 0 0 
1 0 0 
1 0 0 
1 0 0 
1 0 0 
1 0 0 
1 0 0 
1 0 0 
1 0 0 
1 0 0 
1 0 0 
1 0 0 
1 0 0 
1 0 0 
1 0 0 
1 0 0 
1 0 0 
1 0 0 
1 0 0 
1 0 0 
1 0 0 
1 0 0 
1 0 0 
1 0 0 
1 0 0 
1 0 0 
1 0 0 
1 0 0 
1 0 0 
1 0 0 
1 0 0 
1 0 0 
1 0 0 
1 0 0 
1 0 0 
1 0 0 
1 0 0 
1 0 0 
1 0 0 
1 0 0 
1 0 0 
1 0 0 
1 0 0 
1 0 0 
1 0 0 
1 0 0 
1 0 0 
1 0 0 
1 0 0 
1 0 0 
1 0 0 
1 0 0 
1 0 0 
1 0 0 
1 0 0 
1 0 0 
1 0 0 
1 0 0 
1 0 0 
1 0 0 
1 0 0 
1 0 0 
1 0 0 
1 0 0 
1 0 0 
1 0 0 
1 0 0 
1 0 0 
1 0 0 
1 0 0 
1 0 0 
1 0 0 
1 0 0 
1 0 0 
1 0 0 
1 0 0 
1 0 0 
1 0 0 
1 0 0 
1 0 0 
1 0 0 
1 0 0 
1 0 0 
1 0 0 
1 0 0 
1 0 0 
1 0 0 
1 0 0 
1 0 0 
1 0 0 
1 0 0 
1 0 0 
1 0 0 
1 0 0 
1 0 0 
1 0 0 
1 0 0 
1 0 0 
1 0 0 
1 0 0 
1 0 0 
1 0 0 
1 0 0 
1 0 0 
1 0 0 
1 0 0 
1 0 0 
1 0 0 
1 0 0 
1 0 0 
1 0 0 
1 0 0 
1 0 0 
1 0 0 
1 0 0 
1 0 0 
1 0 0 
1 0 0 
1 0 0 
1 0 0 
1 0 0 
1 0 0 
1 0 0 
1 0 0 
1 0 0 
1 0 0 
1 0 0 
1 0 0 
1 0 0 
1 0 0 
1 0 0 
1 0 0 
1 0 0 
1 0 0 
1 0 0 
1 0 0 
1 0 0 
1 0 0 
1 0 0 
1 0 0 
1 0 0 
1 0 0 
1 0 0 
1 0 0 
1 0 0 
1 0 0 
1 0 0 
1 0 0 
1 0 0 
1 0 0 
1 0 0 
1 0 0 
1 0 0 
1 0 0 
1 0 0 
1 0 0 
1 0 0 
1 0 0 
1 0 0 
1 0 0 
1 0 0 
1 0 0 
1 0 0 
1 0 0 
1 0 0 
1 0 0 
1 0 0 
1 0 0 
1 0 0 
1 0 0 
1 0 0 
1 0 0 
1 0 0 
1 0 0 
1 0 0 
1 0 0 
1 0 0 
1 0 0 
1 0 0 
1 0 0 
1 0 0 
1 0 0 
1 0 0 
1 0 0 
1 0 0 
1 0 0 
1 0 0 
1 0 0 
1 0 0 
1 0 0 
1 0 0 
1 0 0 
1 0 0 
1 0 0 
1 0 0 
1 0 0 
1 0 0 
1 0 0 
1 0 0 
1 0 0 
1 0 0 
1 0 0 
1 0 0 
1 0 0 
1 0 0 
1 0 0 
1 0 0 
1 0 0 
1 0 0 
1 0 0 
1 0 0 
1 0 0 
1 0 0 
1 0 0 
1 0 0 
1 0 0 
1 0 0 
1 0 0 
1 0 0 
1 0 0 
1 0 0 
1 0 0 
1 0 0 
1 0 0 
1 0 0 
1 0 0 
1 0 0 
1 0 0 
1 0 0 
1 0 0 
1 0 0 
1 0 0 
1 0 0 
1 0 0 
1 0 0 
1 0 0 
1 0 0 
1 0 0 
1 0 0 
1 0 0 
1 0 0 
1 0 0 
1 0 0 
1 0 0 
1 0 0 
1 0 0 
1 0 0 
1 0 0 
1 0 0 
1 0 0 
1 0 0 
1 0 0 
1 0 0 
1 0 0 
1 0 0 
1 0 0 
1 0 0 
1 0 0 
1 0 0 
1 0 0 
1 0 0 
1 0 0 
1 0 0 
1 0 0 
1 0 0 
1 0 0 
1 0 0 
1 0 0 
1 0 0 
1 0 0 
1 0 0 
1 0 0 
1 0 0 
1 0 0 
1 0 0 
1 0 0 
1 0 0 
1 0 0 
1 0 0 
1 0 0 
1 0 0 
1 0 0 
1 0 0 
1 0 0 
1 0 0 
1 0 0 
1 0 0 
1 0 0 
1 0 0 
1 0 0 
1 0 0 
1 0 0 
1 0 0 
1 0 0 
1 0 0 
1 0 0 
1 0 0 
1 0 0 
1 0 0 
1 0 0 
1 0 0 
1 0 0 
1 0 0 
1 0 0 
1 0 0 
1 0 0 
1 0 0 
1 0 0 
1 0 0 
1 0 0 
1 0 0 
1 0 0 
1 0 0 
1 0 0 
1 0 0 
1 0 0 
1 0 0 
1 0 0 
1 0 0 
1 0 0 
1 0 0 
1 0 0 
1 0 0 
1 0 0 
1 0 0 
1 0 0 
1 0 0 
1 0 0 
1 0 0 
1 0 0 
1 0 0 
1 0 0 
1 0 0 
1 0 0 
1 0 0 
1 0 0 
1 0 0 
1 0 0 
1 0 0 
1 0 0 
1 0 0 
1 0 0 
1 0 0 
1 0 0 
1 0 0 
1 0 0 
1 0 0 
1 0 0 
1 0 0 
1 0 0 
1 0 0 
1 0 0 
1 0 0 
1 0 0 
1 0 0 
1 0 0 
1 0 0 
1 0 0 
1 0 0 
1 0 0 
1 0 0 
1 0 0 
1 0 0 
1 0 0 
1 0 0 
1 0 0 
1 0 0 
1 0 0 
1 0 0 
1 0 0 
1 0 0 
1 0 0 
1 0 0 
1 0 0 
1 0 0 
1 0 0 
1 0 0 
1 0 0 
1 0 0 
1 0 0 
1 0 0 
1 0 0 
1 0 0 
1 0 0 
1 0 0 
1 0 0 
1 0 0 
1 0 0 
1 0 0 
1 0 0 
1 0 0 
1 0 0 
1 0 0 
1 0 0 
1 0 0 
1 0 0 
1 0 0 
1 0 0 
1 0 0 
1 0 0 
1 0 0 
1 0 0 
1 0 0 
1 0 0 
1 0 0 
1 0 0 
1 0 0 
1 0 0 
1 0 0 
1 0 0 
1 0 0 
1 0 0 
1 0 0 
1 0 0 
1 0 0 
1 0 0 
1 0 0 
1 0 0 
1 0 0 
1 0 0 
1 0 0 
1 0 0 
1 0 0 
1 0 0 
1 0 0 
1 0 0 
1 0 0 
1 0 0 
1 0 0 
1 0 0 
1 0 0 
1 0 0 
1 0 0 
1 0 0 
1 0 0 
1 0 0 
1 0 0 
1 0 0 
1 0 0 
1 0 0 
1 0 0 
1 0 0 
1 0 0 
1 0 0 
1 0 0 
1 0 0 
1 0 0 
1 0 0 
1 0 0 
1 0 0 
1 0 0 
1 0 0 
1 0 0 
1 0 0 
1 0 0 
1 0 0 
1 0 0 
1 0 0 
1 0 0 
1 0 0 
1 0 0 
1 0 0 
1 0 0 
1 0 0 
1 0 0 
1 0 0 
1 0 0 
1 0 0 
1 0 0 
1 0 0 
1 0 0 
1 0 0 
1 0 0 
1 0 0 
1 0 0 
1 0 0 
1 0 0 
1 0 0 
1 0 0 
1 0 0 
1 0 0 
1 0 0 
1 0 0 
1 0 0 
1 0 0 
1 0 0 
1 0 0 
1 0 0 
1 0 0 
1 0 0 
1 0 0 
1 0 0 
1 0 0 
1 0 0 
1 0 0 
1 0 0 
1 0 0 
1 0 0 
1 0 0 
1 0 0 
1 0 0 
1 0 0 
1 0 0 
1 0 0 
1 0 0 
1 0 0 
1 0 0 
1 0 0 
1 0 0 
1 0 0 
1 0 0 
1 0 0 
1 0 0 
1 0 0 
1 0 0 
1 0 0 
1 0 0 
1 0 0 
1 0 0 
1 0 0 
1 0 0 
1 0 0 
1 0 0 
1 0 0 
1 0 0 
1 0 0 
1 0 0 
1 0 0 
1 0 0 
1 0 0 
1 0 0 
1 0 0 
1 0 0 
1 0 0 
1 0 0 
1 0 0 
1 0 0 
1 0 0 
1 0 0 
1 0 0 
1 0 0 
1 0 0 
1 0 0 
1 0 0 
1 0 0 
1 0 0 
1 0 0 
1 0 0 
1 0 0 
1 0 0 
1 0 0 
1 0 0 
1 0 0 
1 0 0 
1 0 0 
1 0 0 
1 0 0 
1 0 0 
1 0 0 
1 0 0 
1 0 0 
1 0 0 
1 0 0 
1 0 0 
1 0 0 
1 0 0 
1 0 0 
1 0 0 
1 0 0 
1 0 0 
1 0 0 
1 0 0 
1 0 0 
1 0 0 
1 0 0 
1 0 0 
1 0 0 
1 0 0 
1 0 0 
1 0 0 
1 0 0 
1 0 0 
1 0 0 
1 0 0 
1 0 0 
1 0 0 
1 0 0 
1 0 0 
1 0 0 
1 0 0 
1 0 0 
1 0 0 
1 0 0 
1 0 0 
1 0 0 
1 0 0 
1 0 0 
1 0 0 
1 0 0 
1 0 0 
1 0 0 
1 0 0 
1 0 0 
1 0 0 
1 0 0 
1 0 0 
1 0 0 
1 0 0 
1 0 0 
1 0 0 
1 0 0 
1 0 0 
1 0 0 
1 0 0 
1 0 0 
1 0 0 
1 0 0 
1 0 0 
1 0 0 
1 0 0 
1 0 0 
1 0 0 
1 0 0 
1 0 0 
1 0 0 
1 0 0 
1 0 0 
1 0 0 
1 0 0 
1 0 0 
1 0 0 
1 0 0 
1 0 0 
1 0 0 
1 0 0 
1 0 0 
1 0 0 
1 0 0 
1 0 0 
1 0 0 
1 0 0 
1 0 0 
1 0 0 
1 0 0 
1 0 0 
1 0 0 
1 0 0 
1 0 0 
1 0 0 
1 0 0 
1 0 0 
1 0 0 
1 0 0 
1 0 0 
1 0 0 
1 0 0 
1 0 0 
1 0 0 
1 0 0 
1 0 0 
1 0 0 
1 0 0 
1 0 0 
1 0 0 
1 0 0 
1 0 0 
1 0 0 
1 0 0 
1 0 0 
1 0 0 
1 0 0 
1 0 0 
1 0 0 
1 0 0 
1 0 0 
1 0 0 
1 0 0 
1 0 0 
1 0 0 
1 0 0 
1 0 0 
1 0 0 
1 0 0 
1 0 0 
1 0 0 
1 0 0 
1 0 0 
1 0 0 
1 0 0 
1 0 0 
1 0 0 
1 0 0 
1 0 0 
1 0 0 
1 0 0 
1 0 0 
1 0 0 
1 0 0 
1 0 0 
1 0 0 
1 0 0 
1 0 0 
1 0 0 
1 0 0 
1 0 0 
1 0 0 
1 0 0 
1 0 0 
1 0 0 
1 0 0 
1 0 0 
1 0 0 
1 0 0 
1 0 0 
1 0 0 
1 0 0 
1 0 0 
1 0 0 
1 0 0 
1 0 0 
1 0 0 
1 0 0 
1 0 0 
1 0 0 
1 0 0 
1 0 0 
1 0 0 
1 0 0 
1 0 0 
1 0 0 
1 0 0 
1 0 0 
1 0 0 
1 0 0 
1 0 0 
1 0 0 
1 0 0 
1 0 0 
1 0 0 
1 0 0 
1 0 0 
1 0 0 
1 0 0 
1 0 0 
1 0 0 
1 0 0 
1 0 0 
1 0 0 
1 0 0 
1 0 0 
1 0 0 
1 0 0 
1 0 0 
1 0 0 
1 0 0 
1 0 0 
1 0 0 
1 0 0 
1 0 0 
1 0 0 
1 0 0 
1 0 0 
1 0 0 
1 0 0 
1 0 0 
1 0 0 
1 0 0 
1 0 0 
1 0 0 
1 0 0 
1 0 0 
1 0 0 
1 0 0 
1 0 0 
1 0 0 
1 0 0 
1 0 0 
1 0 0 
1 0 0 
1 0 0 
1 0 0 
1 0 0 
1 0 0 
1 0 0 
1 0 0 
1 0 0 
1 0 0 
1 0 0 
1 0 0 
1 0 0 
1 0 0 
1 0 0 
1 0 0 
1 0 0 
1 0 0 
1 0 0 
1 0 0 
1 0 0 
1 0 0 
1 0 0 
1 0 0 
1 0 0 
1 0 0 
1 0 0 
1 0 0 
1 0 0 
1 0 0 
1 0 0 
1 0 0 
1 0 0 
1 0 0 
1 0 0 
1 0 0 
1 0 0 
1 0 0 
1 0 0 
1 0 0 
1 0 0 
1 0 0 
1 0 0 
1 0 0 
1 0 0 
1 0 0 
1 0 0 
1 0 0 
1 0 0 
1 0 0 
1 0 0 
1 0 0 
1 0 0 
1 0 0 
1 0 0 
1 0 0 
1 0 0 
1 0 0 
1 0 0 
1 0 0 
1 0 0 
1 0 0 
1 0 0 
1 0 0 
1 0 0 
1 0 0 
1 0 0 
1 0 0 
1 0 0 
1 0 0 
1 0 0 
1 0 0 
1 0 0 
1 0 0 
1 0 0 
1 0 0 
1 0 0 
1 0 0 
1 0 0 
1 0 0 
1 0 0 
1 0 0 
1 0 0 
1 0 0 
1 0 0 
1 0 0 
1 0 0 
1 0 0 
1 0 0 
1 0 0 
1 0 0 
1 0 0 
1 0 0 
1 0 0 
1 0 0 
1 0 0 
1 0 0 
1 0 0 
1 0 0 
1 0 0 
1 0 0 
1 0 0 
1 0 0 
1 0 0 
1 0 0 
1 0 0 
1 0 0 
1 0 0 
1 0 0 
1 0 0 
1 0 0 
1 0 0 
1 0 0 
1 0 0 
1 0 0 
1 0 0 
1 0 0 
1 0 0 
1 0 0 
1 0 0 
1 0 0 
1 0 0 
1 0 0 
1 0 0 
1 0 0 
1 0 0 
1 0 0 
1 0 0 
1 0 0 
1 0 0 
1 0 0 
1 0 0 
1 0 0 
1 0 0 
1 0 0 
1 0 0 
1 0 0 
1 0 0 
1 0 0 
1 0 0 
1 0 0 
1 0 0 
1 0 0 
1 0 0 
1 0 0 
1 0 0 
1 0 0 
1 0 0 
1 0 0 
1 0 0 
1 0 0 
1 0 0 
1 0 0 
1 0 0 
1 0 0 
1 0 0 
1 0 0 
1 0 0 
1 0 0 
1 0 0 
1 0 0 
1 0 0 
1 0 0 
1 0 0 
1 0 0 
1 0 0 
1 0 0 
1 0 0 
1 0 0 
1 0 0 
1 0 0 
1 0 0 
1 0 0 
1 0 0 
1 0 0 
1 0 0 
1 0 0 
1 0 0 
1 0 0 
1 0 0 
1 0 0 
1 0 0 
1 0 0 
1 0 0 
1 0 0 
1 0 0 
1 0 0 
1 0 0 
1 0 0 
1 0 0 
1 0 0 
1 0 0 
1 0 0 
1 0 0 
1 0 0 
1 0 0 
1 0 0 
1 0 0 
1 0 0 
1 0 0 
1 0 0 
1 0 0 
1 0 0 
1 0 0 
1 0 0 
1 0 0 
1 0 0 
1 0 0 
1 0 0 
1 0 0 
1 0 0 
1 0 0 
1 0 0 
1 0 0 
1 0 0 
1 0 0 
1 0 0 
1 0 0 
1 0 0 
1 0 0 
1 0 0 
1 0 0 
1 0 0 
1 0 0 
1 0 0 
1 0 0 
1 0 0 
1 0 0 
1 0 0 
1 0 0 
1 0 0 
1 0 0 
1 0 0 
1 0 0 
1 0 0 
1 0 0 
1 0 0 
1 0 0 
1 0 0 
1 0 0 
1 0 0 
1 0 0 
1 0 0 
1 0 0 
1 0 0 
1 0 0 
1 0 0 
1 0 0 
1 0 0 
1 0 0 
1 0 0 
1 0 0 
1 0 0 
1 0 0 
1 0 0 
1 0 0 
1 0 0 
1 0 0 
1 0 0 
1 0 0 
1 0 0 
1 0 0 
1 0 0 
1 0 0 
1 0 0 
1 0 0 
1 0 0 
1 0 0 
1 0 0 
1 0 0 
1 0 0 
1 0 0 
1 0 0 
1 0 0 
1 0 0 
1 0 0 
1 0 0 
1 0 0 
1 0 0 
1 0 0 
1 0 0 
1 0 0 
1 0 0 
1 0 0 
1 0 0 
1 0 0 
1 0 0 
1 0 0 
1 0 0 
1 0 0 
1 0 0 
1 0 0 
1 0 0 
1 0 0 
1 0 0 
1 0 0 
1 0 0 
1 0 0 
1 0 0 
1 0 0 
1 0 0 
1 0 0 
1 0 0 
1 0 0 
1 0 0 
1 0 0 
1 0 0 
1 0 0 
1 0 0 
1 0 0 
1 0 0 
1 0 0 
1 0 0 
1 0 0 
1 0 0 
1 0 0 
1 0 0 
1 0 0 
1 0 0 
1 0 0 
1 0 0 
1 0 0 
1 0 0 
1 0 0 
1 0 0 
1 0 0 
1 0 0 
1 0 0 
1 0 0 
1 0 0 
1 0 0 
1 0 0 
1 0 0 
1 0 0 
1 0 0 
1 0 0 
1 0 0 
1 0 0 
1 0 0 
1 0 0 
1 0 0 
1 0 0 
1 0 0 
1 0 0 
1 0 0 
1 0 0 
1 0 0 
1 0 0 
1 0 0 
1 0 0 
1 0 0 
1 0 0 
1 0 0 
1 0 0 
1 0 0 
1 0 0 
1 0 0 
1 0 0 
1 0 0 
1 0 0 
1 0 0 
1 0 0 
1 0 0 
1 0 0 
1 0 0 
1 0 0 
1 0 0 
1 0 0 
1 0 0 
1 0 0 
1 0 0 
1 0 0 
1 0 0 
1 0 0 
1 0 0 
1 0 0 
1 0 0 
1 0 0 
1 0 0 
1 0 0 
1 0 0 
1 0 0 
1 0 0 
1 0 0 
1 0 0 
1 0 0 
1 0 0 
1 0 0 
1 0 0 
1 0 0 
1 0 0 
1 0 0 
1 0 0 
1 0 0 
1 0 0 
1 0 0 
1 0 0 
1 0 0 
1 0 0 
1 0 0 
1 0 0 
1 0 0 
1 0 0 
1 0 0 
1 0 0 
1 0 0 
1 0 0 
1 0 0 
1 0 0 
1 0 0 
1 0 0 
1 0 0 
1 0 0 
1 0 0 
1 0 0 
1 0 0 
1 0 0 
1 0 0 
1 0 0 
1 0 0 
1 0 0 
1 0 0 
1 0 0 
1 0 0 
1 0 0 
1 0 0 
1 0 0 
1 0 0 
1 0 0 
1 0 0 
1 0 0 
1 0 0 
1 0 0 
1 0 0 
1 0 0 
1 0 0 
1 0 0 
1 0 0 
1 0 0 
1 0 0 
1 0 0 
1 0 0 
1 0 0 
1 0 0 
1 0 0 
1 0 0 
1 0 0 
1 0 0 
1 0 0 
1 0 0 
1 0 0 
1 0 0 
1 0 0 
1 0 0 
1 0 0 
1 0 0 
1 0 0 
1 0 0 
1 0 0 
1 0 0 
1 0 0 
1 0 0 
1 0 0 
1 0 0 
1 0 0 
1 0 0 
1 0 0 
1 0 0 
1 0 0 
1 0 0 
1 0 0 
1 0 0 
1 0 0 
1 0 0 
1 0 0 
1 0 0 
1 0 0 
1 0 0 
1 0 0 
1 0 0 
1 0 0 
1 0 0 
1 0 0 
1 0 0 
1 0 0 
1 0 0 
1 0 0 
1 0 0 
1 0 0 
1 0 0 
1 0 0 
1 0 0 
1 0 0 
1 0 0 
1 0 0 
1 0 0 
1 0 0 
1 0 0 
1 0 0 
1 0 0 
1 0 0 
1 0 0 
1 0 0 
1 0 0 
1 0 0 
1 0 0 
1 0 0 
1 0 0 
1 0 0 
1 0 0 
1 0 0 
1 0 0 
1 0 0 
1 0 0 
1 0 0 
1 0 0 
1 0 0 
1 0 0 
1 0 0 
1 0 0 
1 0 0 
1 0 0 
1 0 0 
1 0 0 
1 0 0 
1 0 0 
1 0 0 
1 0 0 
1 0 0 
1 0 0 
1 0 0 
1 0 0 
1 0 0 
1 0 0 
1 0 0 
1 0 0 
1 0 0 
1 0 0 
1 0 0 
1 0 0 
1 0 0 
1 0 0 
1 0 0 
1 0 0 
1 0 0 
1 0 0 
1 0 0 
1 0 0 
1 0 0 
1 0 0 
1 0 0 
1 0 0 
1 0 0 
1 0 0 
1 0 0 
1 0 0 
1 0 0 
1 0 0 
1 0 0 
1 0 0 
1 0 0 
1 0 0 
1 0 0 
1 0 0 
1 0 0 
1 0 0 
1 0 0 
1 0 0 
1 0 0 
1 0 0 
1 0 0 
1 0 0 
1 0 0 
1 0 0 
1 0 0 
1 0 0 
1 0 0 
1 0 0 
1 0 0 
1 0 0 
1 0 0 
1 0 0 
1 0 0 
1 0 0 
1 0 0 
1 0 0 
1 0 0 
1 0 0 
1 0 0 
1 0 0 
1 0 0 
1 0 0 
1 0 0 
1 0 0 
1 0 0 
1 0 0 
1 0 0 
1 0 0 
1 0 0 
1 0 0 
1 0 0 
1 0 0 
1 0 0 
1 0 0 
1 0 0 
1 0 0 
1 0 0 
1 0 0 
1 0 0 
1 0 0 
1 0 0 
1 0 0 
1 0 0 
1 0 0 
1 0 0 
1 0 0 
1 0 0 
1 0 0 
1 0 0 
1 0 0 
1 0 0 
1 0 0 
1 0 0 
1 0 0 
1 0 0 
1 0 0 
1 0 0 
1 0 0 
1 0 0 
1 0 0 
1 0 0 
1 0 0 
1 0 0 
1 0 0 
1 0 0 
1 0 0 
1 0 0 
1 0 0 
1 0 0 
1 0 0 
1 0 0 
1 0 0 
1 0 0 
1 0 0 
1 0 0 
1 0 0 
1 0 0 
1 0 0 
1 0 0 
1 0 0 
1 0 0 
1 0 0 
1 0 0 
1 0 0 
1 0 0 
1 0 0 
1 0 0 
1 0 0 
1 0 0 
1 0 0 
1 0 0 
1 0 0 
1 0 0 
1 0 0 
1 0 0 
1 0 0 
1 0 0 
1 0 0 
1 0 0 
1 0 0 
1 0 0 
1 0 0 
1 0 0 
1 0 0 
1 0 0 
1 0 0 
1 0 0 
1 0 0 
1 0 0 
1 0 0 
1 0 0 
1 0 0 
1 0 0 
1 0 0 
1 0 0 
1 0 0 
1 0 0 
1 0 0 
1 0 0 
1 0 0 
1 0 0 
1 0 0 
1 0 0 
1 0 0 
1 0 0 
1 0 0 
1 0 0 
1 0 0 
1 0 0 
1 0 0 
1 0 0 
1 0 0 
1 0 0 
1 0 0 
1 0 0 
1 0 0 
1 0 0 
1 0 0 
1 0 0 
1 0 0 
1 0 0 
1 0 0 
1 0 0 
1 0 0 
1 0 0 
1 0 0 
1 0 0 
1 0 0 
1 0 0 
1 0 0 
1 0 0 
1 0 0 
1 0 0 
1 0 0 
1 0 0 
1 0 0 
1 0 0 
1 0 0 
1 0 0 
1 0 0 
1 0 0 
1 0 0 
1 0 0 
1 0 0 
1 0 0 
1 0 0 
1 0 0 
1 0 0 
1 0 0 
1 0 0 
1 0 0 
1 0 0 
1 0 0 
1 0 0 
1 0 0 
1 0 0 
1 0 0 
1 0 0 
1 0 0 
1 0 0 
1 0 0 
1 0 0 
1 0 0 
1 0 0 
1 0 0 
1 0 0 
1 0 0 
1 0 0 
1 0 0 
1 0 0 
1 0 0 
1 0 0 
1 0 0 
1 0 0 
1 0 0 
1 0 0 
1 0 0 
1 0 0 
1 0 0 
1 0 0 
1 0 0 
1 0 0 
1 0 0 
1 0 0 
1 0 0 
1 0 0 
1 0 0 
1 0 0 
1 0 0 
1 0 0 
1 0 0 
1 0 0 
1 0 0 
1 0 0 
1 0 0 
1 0 0 
1 0 0 
1 0 0 
1 0 0 
1 0 0 
1 0 0 
1 0 0 
1 0 0 
1 0 0 
1 0 0 
1 0 0 
1 0 0 
1 0 0 
1 0 0 
1 0 0 
1 0 0 
1 0 0 
1 0 0 
1 0 0 
1 0 0 
1 0 0 
1 0 0 
1 0 0 
1 0 0 
1 0 0 
1 0 0 
1 0 0 
1 0 0 
1 0 0 
1 0 0 
1 0 0 
1 0 0 
1 0 0 
1 0 0 
1 0 0 
1 0 0 
1 0 0 
1 0 0 
1 0 0 
1 0 0 
1 0 0 
1 0 0 
1 0 0 
1 0 0 
1 0 0 
1 0 0 
1 0 0 
1 0 0 
1 0 0 
1 0 0 
1 0 0 
1 0 0 
1 0 0 
1 0 0 
1 0 0 
1 0 0 
1 0 0 
1 0 0 
1 0 0 
1 0 0 
1 0 0 
1 0 0 
1 0 0 
1 0 0 
1 0 0 
1 0 0 
1 0 0 
1 0 0 
1 0 0 
1 0 0 
1 0 0 
1 0 0 
1 0 0 
1 0 0 
1 0 0 
1 0 0 
1 0 0 
1 0 0 
1 0 0 
1 0 0 
1 0 0 
1 0 0 
1 0 0 
1 0 0 
1 0 0 
1 0 0 
1 0 0 
1 0 0 
1 0 0 
1 0 0 
1 0 0 
1 0 0 
1 0 0 
1 0 0 
1 0 0 
1 0 0 
1 0 0 
1 0 0 
1 0 0 
1 0 0 
1 0 0 
1 0 0 
1 0 0 
1 0 0 
1 0 0 
1 0 0 
1 0 0 
1 0 0 
1 0 0 
1 0 0 
1 0 0 
1 0 0 
1 0 0 
1 0 0 
1 0 0 
1 0 0 
1 0 0 
1 0 0 
1 0 0 
1 0 0 
1 0 0 
1 0 0 
1 0 0 
1 0 0 
1 0 0 
1 0 0 
1 0 0 
1 0 0 
1 0 0 
1 0 0 
1 0 0 
1 0 0 
1 0 0 
1 0 0 
1 0 0 
1 0 0 
1 0 0 
1 0 0 
1 0 0 
1 0 0 
1 0 0 
1 0 0 
1 0 0 
1 0 0 
1 0 0 
1 0 0 
1 0 0 
1 0 0 
1 0 0 
1 0 0 
1 0 0 
1 0 0 
1 0 0 
1 0 0 
1 0 0 
1 0 0 
1 0 0 
1 0 0 
1 0 0 
1 0 0 
1 0 0 
1 0 0 
1 0 0 
1 0 0 
1 0 0 
1 0 0 
1 0 0 
1 0 0 
1 0 0 
1 0 0 
1 0 0 
1 0 0 
1 0 0 
1 0 0 
1 0 0 
1 0 0 
1 0 0 
1 0 0 
1 0 0 
1 0 0 
1 0 0 
1 0 0 
1 0 0 
1 0 0 
1 0 0 
1 0 0 
1 0 0 
1 0 0 
1 0 0 
1 0 0 
1 0 0 
1 0 0 
1 0 0 
1 0 0 
1 0 0 
1 0 0 
1 0 0 
1 0 0 
1 0 0 
1 0 0 
1 0 0 
1 0 0 
1 0 0 
1 0 0 
1 0 0 
1 0 0 
1 0 0 
1 0 0 
1 0 0 
1 0 0 
1 0 0 
1 0 0 
1 0 0 
1 0 0 
1 0 0 
1 0 0 
1 0 0 
1 0 0 
1 0 0 
1 0 0 
1 0 0 
1 0 0 
1 0 0 
1 0 0 
1 0 0 
1 0 0 
1 0 0 
1 0 0 
1 0 0 
1 0 0 
1 0 0 
1 0 0 
1 0 0 
1 0 0 
1 0 0 
1 0 0 
1 0 0 
1 0 0 
1 0 0 
1 0 0 
1 0 0 
1 0 0 
1 0 0 
1 0 0 
1 0 0 
1 0 0 
1 0 0 
1 0 0 
1 0 0 
1 0 0 
1 0 0 
1 0 0 
1 0 0 
1 0 0 
1 0 0 
1 0 0 
1 0 0 
1 0 0 
1 0 0 
1 0 0 
1 0 0 
1 0 0 
1 0 0 
1 0 0 
1 0 0 
1 0 0 
1 0 0 
1 0 0 
1 0 0 
1 0 0 
1 0 0 
1 0 0 
1 0 0 
1 0 0 
1 0 0 
1 0 0 
1 0 0 
1 0 0 
1 0 0 
1 0 0 
1 0 0 
1 0 0 
1 0 0 
1 0 0 
1 0 0 
1 0 0 
1 0 0 
1 0 0 
1 0 0 
1 0 0 
1 0 0 
1 0 0 
1 0 0 
1 0 0 
1 0 0 
1 0 0 
1 0 0 
1 0 0 
1 0 0 
1 0 0 
1 0 0 
1 0 0 
1 0 0 
1 0 0 
1 0 0 
1 0 0 
1 0 0 
1 0 0 
1 0 0 
1 0 0 
1 0 0 
1 0 0 
1 0 0 
1 0 0 
1 0 0 
1 0 0 
1 0 0 
1 0 0 
1 0 0 
1 0 0 
1 0 0 
1 0 0 
1 0 0 
1 0 0 
1 0 0 
1 0 0 
1 0 0 
1 0 0 
1 0 0 
1 0 0 
1 0 0 
1 0 0 
1 0 0 
1 0 0 
1 0 0 
1 0 0 
1 0 0 
1 0 0 
1 0 0 
1 0 0 
1 0 0 
1 0 0 
1 0 0 
1 0 0 
1 0 0 
1 0 0 
1 0 0 
1 0 0 
1 0 0 
1 0 0 
1 0 0 
1 0 0 
1 0 0 
1 0 0 
1 0 0 
1 0 0 
1 0 0 
1 0 0 
1 0 0 
1 0 0 
1 0 0 
1 0 0 
1 0 0 
1 0 0 
1 0 0 
1 0 0 
1 0 0 
1 0 0 
1 0 0 
1 0 0 
1 0 0 
1 0 0 
1 0 0 
1 0 0 
1 0 0 
1 0 0 
1 0 0 
1 0 0 
1 0 0 
1 0 0 
1 0 0 
1 0 0 
1 0 0 
1 0 0 
1 0 0 
1 0 0 
1 0 0 
1 0 0 
1 0 0 
1 0 0 
1 0 0 
1 0 0 
1 0 0 
1 0 0 
1 0 0 
1 0 0 
1 0 0 
1 0 0 
1 0 0 
1 0 0 
1 0 0 
1 0 0 
1 0 0 
1 0 0 
1 0 0 
1 0 0 
1 0 0 
1 0 0 
1 0 0 
1 0 0 
1 0 0 
1 0 0 
1 0 0 
1 0 0 
1 0 0 
1 0 0 
1 0 0 
1 0 0 
1 0 0 
1 0 0 
1 0 0 
1 0 0 
1 0 0 
1 0 0 
1 0 0 
1 0 0 
1 0 0 
1 0 0 
1 0 0 
1 0 0 
1 0 0 
1 0 0 
1 0 0 
1 0 0 
1 0 0 
1 0 0 
1 0 0 
1 0 0 
1 0 0 
1 0 0 
1 0 0 
1 0 0 
1 0 0 
1 0 0 
1 0 0 
1 0 0 
1 0 0 
1 0 0 
1 0 0 
1 0 0 
1 0 0 
1 0 0 
1 0 0 
1 0 0 
1 0 0 
1 0 0 
1 0 0 
1 0 0 
1 0 0 
1 0 0 
1 0 0 
1 0 0 
1 0 0 
1 0 0 
1 0 0 
1 0 0 
1 0 0 
1 0 0 
1 0 0 
1 0 0 
1 0 0 
1 0 0 
1 0 0 
1 0 0 
1 0 0 
1 0 0 
1 0 0 
1 0 0 
1 0 0 
1 0 0 
1 0 0 
1 0 0 
1 0 0 
1 0 0 
1 0 0 
1 0 0 
1 0 0 
1 0 0 
1 0 0 
1 0 0 
1 0 0 
1 0 0 
1 0 0 
1 0 0 
1 0 0 
1 0 0 
1 0 0 
1 0 0 
1 0 0 
1 0 0 
1 0 0 
1 0 0 
1 0 0 
1 0 0 
1 0 0 
1 0 0 
1 0 0 
1 0 0 
1 0 0 
1 0 0 
1 0 0 
1 0 0 
1 0 0 
1 0 0 
1 0 0 
1 0 0 
1 0 0 
1 0 0 
1 0 0 
1 0 0 
1 0 0 
1 0 0 
1 0 0 
1 0 0 
1 0 0 
1 0 0 
1 0 0 
1 0 0 
1 0 0 
1 0 0 
1 0 0 
1 0 0 
1 0 0 
1 0 0 
1 0 0 
1 0 0 
1 0 0 
1 0 0 
1 0 0 
1 0 0 
1 0 0 
1 0 0 
1 0 0 
1 0 0 
1 0 0 
1 0 0 
1 0 0 
1 0 0 
1 0 0 
1 0 0 
1 0 0 
1 0 0 
1 0 0 
1 0 0 
1 0 0 
1 0 0 
1 0 0 
1 0 0 
1 0 0 
1 0 0 
1 0 0 
1 0 0 
1 0 0 
1 0 0 
1 0 0 
1 0 0 
1 0 0 
1 0 0 
1 0 0 
1 0 0 
1 0 0 
1 0 0 
1 0 0 
1 0 0 
1 0 0 
1 0 0 
1 0 0 
1 0 0 
1 0 0 
1 0 0 
1 0 0 
1 0 0 
1 0 0 
1 0 0 
1 0 0 
1 0 0 
1 0 0 
1 0 0 
1 0 0 
1 0 0 
1 0 0 
1 0 0 
1 0 0 
1 0 0 
1 0 0 
1 0 0 
1 0 0 
1 0 0 
1 0 0 
1 0 0 
1 0 0 
1 0 0 
1 0 0 
1 0 0 
1 0 0 
1 0 0 
1 0 0 
1 0 0 
1 0 0 
1 0 0 
1 0 0 
1 0 0 
1 0 0 
1 0 0 
1 0 0 
1 0 0 
1 0 0 
1 0 0 
1 0 0 
1 0 0 
1 0 0 
1 0 0 
1 0 0 
1 0 0 
1 0 0 
1 0 0 
1 0 0 
1 0 0 
1 0 0 
1 0 0 
1 0 0 
1 0 0 
1 0 0 
1 0 0 
1 0 0 
1 0 0 
1 0 0 
1 0 0 
1 0 0 
1 0 0 
1 0 0 
1 0 0 
1 0 0 
1 0 0 
1 0 0 
1 0 0 
1 0 0 
1 0 0 
1 0 0 
1 0 0 
1 0 0 
1 0 0 
1 0 0 
1 0 0 
1 0 0 
1 0 0 
1 0 0 
1 0 0 
1 0 0 
1 0 0 
1 0 0 
1 0 0 
1 0 0 
1 0 0 
1 0 0 
1 0 0 
1 0 0 
1 0 0 
1 0 0 
1 0 0 
1 0 0 
1 0 0 
1 0 0 
1 0 0 
1 0 0 
1 0 0 
1 0 0 
1 0 0 
1 0 0 
1 0 0 
1 0 0 
1 0 0 
1 0 0 
1 0 0 
1 0 0 
1 0 0 
1 0 0 
1 0 0 
1 0 0 
1 0 0 
1 0 0 
1 0 0 
1 0 0 
1 0 0 
1 0 0 
1 0 0 
1 0 0 
1 0 0 
1 0 0 
1 0 0 
1 0 0 
1 0 0 
1 0 0 
1 0 0 
1 0 0 
1 0 0 
1 0 0 
1 0 0 
1 0 0 
1 0 0 
1 0 0 
1 0 0 
1 0 0 
1 0 0 
1 0 0 
1 0 0 
1 0 0 
1 0 0 
1 0 0 
1 0 0 
1 0 0 
1 0 0 
1 0 0 
1 0 0 
1 0 0 
1 0 0 
1 0 0 
1 0 0 
1 0 0 
1 0 0 
1 0 0 
1 0 0 
1 0 0 
1 0 0 
1 0 0 
1 0 0 
1 0 0 
1 0 0 
1 0 0 
1 0 0 
1 0 0 
1 0 0 
1 0 0 
1 0 0 
1 0 0 
1 0 0 
1 0 0 
1 0 0 
1 0 0 
1 0 0 
1 0 0 
1 0 0 
1 0 0 
1 0 0 
1 0 0 
1 0 0 
1 0 0 
1 0 0 
1 0 0 
1 0 0 
1 0 0 
1 0 0 
1 0 0 
1 0 0 
1 0 0 
1 0 0 
1 0 0 
1 0 0 
1 0 0 
1 0 0 
1 0 0 
1 0 0 
1 0 0 
1 0 0 
1 0 0 
1 0 0 
1 0 0 
1 0 0 
1 0 0 
1 0 0 
1 0 0 
1 0 0 
1 0 0 
1 0 0 
1 0 0 
1 0 0 
1 0 0 
1 0 0 
1 0 0 
1 0 0 
1 0 0 
1 0 0 
1 0 0 
1 0 0 
1 0 0 
1 0 0 
1 0 0 
1 0 0 
1 0 0 
1 0 0 
1 0 0 
1 0 0 
1 0 0 
1 0 0 
1 0 0 
1 0 0 
1 0 0 
1 0 0 
1 0 0 
1 0 0 
1 0 0 
1 0 0 
1 0 0 
1 0 0 
1 0 0 
1 0 0 
1 0 0 
1 0 0 
1 0 0 
1 0 0 
1 0 0 
1 0 0 
1 0 0 
1 0 0 
1 0 0 
1 0 0 
1 0 0 
1 0 0 
1 0 0 
1 0 0 
1 0 0 
1 0 0 
1 0 0 
1 0 0 
1 0 0 
1 0 0 
1 0 0 
1 0 0 
1 0 0 
1 0 0 
1 0 0 
1 0 0 
1 0 0 
1 0 0 
1 0 0 
1 0 0 
1 0 0 
1 0 0 
1 0 0 
1 0 0 
1 0 0 
1 0 0 
1 0 0 
1 0 0 
1 0 0 
1 0 0 
1 0 0 
1 0 0 
1 0 0 
1 0 0 
1 0 0 
1 0 0 
1 0 0 
1 0 0 
1 0 0 
1 0 0 
1 0 0 
1 0 0 
1 0 0 
1 0 0 
1 0 0 
1 0 0 
1 0 0 
1 0 0 
1 0 0 
1 0 0 
1 0 0 
1 0 0 
1 0 0 
1 0 0 
1 0 0 
1 0 0 
1 0 0 
1 0 0 
1 0 0 
1 0 0 
1 0 0 
1 0 0 
1 0 0 
1 0 0 
1 0 0 
1 0 0 
1 0 0 
1 0 0 
1 0 0 
1 0 0 
1 0 0 
1 0 0 
1 0 0 
1 0 0 
1 0 0 
1 0 0 
1 0 0 
1 0 0 
1 0 0 
1 0 0 
1 0 0 
1 0 0 
1 0 0 
1 0 0 
1 0 0 
1 0 0 
1 0 0 
1 0 0 
1 0 0 
1 0 0 
1 0 0 
1 0 0 
1 0 0 
1 0 0 
1 0 0 
1 0 0 
1 0 0 
1 0 0 
1 0 0 
1 0 0 
1 0 0 
1 0 0 
1 0 0 
1 0 0 
1 0 0 
1 0 0 
1 0 0 
1 0 0 
1 0 0 
1 0 0 
1 0 0 
1 0 0 
1 0 0 
1 0 0 
1 0 0 
1 0 0 
1 0 0 
1 0 0 
1 0 0 
1 0 0 
1 0 0 
1 0 0 
1 0 0 
1 0 0 
1 0 0 
1 0 0 
1 0 0 
1 0 0 
1 0 0 
1 0 0 
1 0 0 
1 0 0 
1 0 0 
1 0 0 
1 0 0 
1 0 0 
1 0 0 
1 0 0 
1 0 0 
1 0 0 
1 0 0 
1 0 0 
1 0 0 
1 0 0 
1 0 0 
1 0 0 
1 0 0 
1 0 0 
1 0 0 
1 0 0 
1 0 0 
1 0 0 
1 0 0 
1 0 0 
1 0 0 
1 0 0 
1 0 0 
1 0 0 
1 0 0 
1 0 0 
1 0 0 
1 0 0 
1 0 0 
1 0 0 
1 0 0 
1 0 0 
1 0 0 
1 0 0 
1 0 0 
1 0 0 
1 0 0 
1 0 0 
1 0 0 
1 0 0 
1 0 0 
1 0 0 
1 0 0 
1 0 0 
1 0 0 
1 0 0 
1 0 0 
1 0 0 
1 0 0 
1 0 0 
1 0 0 
1 0 0 
1 0 0 
1 0 0 
1 0 0 
1 0 0 
1 0 0 
1 0 0 
1 0 0 
1 0 0 
1 0 0 
1 0 0 
1 0 0 
1 0 0 
1 0 0 
1 0 0 
1 0 0 
1 0 0 
1 0 0 
1 0 0 
1 0 0 
1 0 0 
1 0 0 
1 0 0 
1 0 0 
1 0 0 
1 0 0 
1 0 0 
1 0 0 
1 0 0 
1 0 0 
1 0 0 
1 0 0 
1 0 0 
1 0 0 
1 0 0 
1 0 0 
1 0 0 
1 0 0 
1 0 0 
1 0 0 
1 0 0 
1 0 0 
1 0 0 
1 0 0 
1 0 0 
1 0 0 
1 0 0 
1 0 0 
1 0 0 
1 0 0 
1 0 0 
1 0 0 
1 0 0 
1 0 0 
1 0 0 
1 0 0 
1 0 0 
1 0 0 
1 0 0 
1 0 0 
1 0 0 
1 0 0 
1 0 0 
1 0 0 
1 0 0 
1 0 0 
1 0 0 
1 0 0 
1 0 0 
1 0 0 
1 0 0 
1 0 0 
1 0 0 
