2 0 0 
2 0 0 
2 0 0 
2 0 0 
2 0 0 
2 0 0 
2 0 0 
2 0 0 
2 0 0 
2 0 0 
2 0 0 
2 0 0 
2 0 0 
2 0 0 
2 0 0 
2 0 0 
2 0 0 
2 0 0 
2 0 0 
2 0 0 
2 0 0 
2 0 0 
2 0 0 
2 0 0 
2 0 0 
2 0 0 
2 0 0 
2 0 0 
2 0 0 
2 0 0 
2 0 0 
2 0 0 
2 0 0 
2 0 0 
2 0 0 
2 0 0 
2 0 0 
2 0 0 
2 0 0 
2 0 0 
2 0 0 
2 0 0 
2 0 0 
2 0 0 
2 0 0 
2 0 0 
2 0 0 
2 0 0 
2 0 0 
2 0 0 
2 0 0 
2 0 0 
2 0 0 
2 0 0 
2 0 0 
2 0 0 
2 0 0 
2 0 0 
2 0 0 
2 0 0 
2 0 0 
2 0 0 
2 0 0 
2 0 0 
2 0 0 
2 0 0 
2 0 0 
2 0 0 
2 0 0 
2 0 0 
2 0 0 
2 0 0 
2 0 0 
2 0 0 
2 0 0 
2 0 0 
2 0 0 
2 0 0 
2 0 0 
2 0 0 
2 0 0 
2 0 0 
2 0 0 
2 0 0 
2 0 0 
2 0 0 
2 0 0 
2 0 0 
2 0 0 
2 0 0 
2 0 0 
2 0 0 
2 0 0 
2 0 0 
2 0 0 
2 0 0 
2 0 0 
2 0 0 
2 0 0 
2 0 0 
2 0 0 
2 0 0 
2 0 0 
2 0 0 
2 0 0 
2 0 0 
2 0 0 
2 0 0 
2 0 0 
2 0 0 
2 0 0 
2 0 0 
2 0 0 
2 0 0 
2 0 0 
2 0 0 
2 0 0 
2 0 0 
2 0 0 
2 0 0 
2 0 0 
2 0 0 
2 0 0 
2 0 0 
2 0 0 
2 0 0 
2 0 0 
2 0 0 
2 0 0 
2 0 0 
2 0 0 
2 0 0 
2 0 0 
2 0 0 
2 0 0 
2 0 0 
2 0 0 
2 0 0 
2 0 0 
2 0 0 
2 0 0 
2 0 0 
2 0 0 
2 0 0 
2 0 0 
2 0 0 
2 0 0 
2 0 0 
2 0 0 
2 0 0 
2 0 0 
2 0 0 
2 0 0 
2 0 0 
2 0 0 
2 0 0 
2 0 0 
2 0 0 
2 0 0 
2 0 0 
2 0 0 
2 0 0 
2 0 0 
2 0 0 
2 0 0 
2 0 0 
2 0 0 
2 0 0 
2 0 0 
2 0 0 
2 0 0 
2 0 0 
2 0 0 
2 0 0 
2 0 0 
2 0 0 
2 0 0 
2 0 0 
2 0 0 
2 0 0 
2 0 0 
2 0 0 
2 0 0 
2 0 0 
2 0 0 
2 0 0 
2 0 0 
2 0 0 
2 0 0 
2 0 0 
2 0 0 
2 0 0 
2 0 0 
2 0 0 
2 0 0 
2 0 0 
2 0 0 
2 0 0 
2 0 0 
2 0 0 
2 0 0 
2 0 0 
2 0 0 
2 0 0 
2 0 0 
2 0 0 
2 0 0 
2 0 0 
2 0 0 
2 0 0 
2 0 0 
2 0 0 
2 0 0 
2 0 0 
2 0 0 
2 0 0 
2 0 0 
2 0 0 
2 0 0 
2 0 0 
2 0 0 
2 0 0 
2 0 0 
2 0 0 
2 0 0 
2 0 0 
2 0 0 
2 0 0 
2 0 0 
2 0 0 
2 0 0 
2 0 0 
2 0 0 
2 0 0 
2 0 0 
2 0 0 
2 0 0 
2 0 0 
2 0 0 
2 0 0 
2 0 0 
2 0 0 
2 0 0 
2 0 0 
2 0 0 
2 0 0 
2 0 0 
2 0 0 
2 0 0 
2 0 0 
2 0 0 
2 0 0 
2 0 0 
2 0 0 
2 0 0 
2 0 0 
2 0 0 
2 0 0 
2 0 0 
2 0 0 
2 0 0 
2 0 0 
2 0 0 
2 0 0 
2 0 0 
2 0 0 
2 0 0 
2 0 0 
2 0 0 
2 0 0 
2 0 0 
2 0 0 
2 0 0 
2 0 0 
2 0 0 
2 0 0 
2 0 0 
2 0 0 
2 0 0 
2 0 0 
2 0 0 
2 0 0 
2 0 0 
2 0 0 
2 0 0 
2 0 0 
2 0 0 
2 0 0 
2 0 0 
2 0 0 
2 0 0 
2 0 0 
2 0 0 
2 0 0 
2 0 0 
2 0 0 
2 0 0 
2 0 0 
2 0 0 
2 0 0 
2 0 0 
2 0 0 
2 0 0 
2 0 0 
2 0 0 
2 0 0 
2 0 0 
2 0 0 
2 0 0 
2 0 0 
2 0 0 
2 0 0 
2 0 0 
2 0 0 
2 0 0 
2 0 0 
2 0 0 
2 0 0 
2 0 0 
2 0 0 
2 0 0 
2 0 0 
2 0 0 
2 0 0 
2 0 0 
2 0 0 
2 0 0 
2 0 0 
2 0 0 
2 0 0 
2 0 0 
2 0 0 
2 0 0 
2 0 0 
2 0 0 
2 0 0 
2 0 0 
2 0 0 
2 0 0 
2 0 0 
2 0 0 
2 0 0 
2 0 0 
2 0 0 
2 0 0 
2 0 0 
2 0 0 
2 0 0 
2 0 0 
2 0 0 
2 0 0 
2 0 0 
2 0 0 
2 0 0 
2 0 0 
2 0 0 
2 0 0 
2 0 0 
2 0 0 
2 0 0 
2 0 0 
2 0 0 
2 0 0 
2 0 0 
2 0 0 
2 0 0 
2 0 0 
2 0 0 
2 0 0 
2 0 0 
2 0 0 
2 0 0 
2 0 0 
2 0 0 
2 0 0 
2 0 0 
2 0 0 
2 0 0 
2 0 0 
2 0 0 
2 0 0 
2 0 0 
2 0 0 
2 0 0 
2 0 0 
2 0 0 
2 0 0 
2 0 0 
2 0 0 
2 0 0 
2 0 0 
2 0 0 
2 0 0 
2 0 0 
2 0 0 
2 0 0 
2 0 0 
2 0 0 
2 0 0 
2 0 0 
2 0 0 
2 0 0 
2 0 0 
2 0 0 
2 0 0 
2 0 0 
2 0 0 
2 0 0 
2 0 0 
2 0 0 
2 0 0 
2 0 0 
2 0 0 
2 0 0 
2 0 0 
2 0 0 
2 0 0 
2 0 0 
2 0 0 
2 0 0 
2 0 0 
2 0 0 
2 0 0 
2 0 0 
2 0 0 
2 0 0 
2 0 0 
2 0 0 
2 0 0 
2 0 0 
2 0 0 
2 0 0 
2 0 0 
2 0 0 
2 0 0 
2 0 0 
2 0 0 
2 0 0 
2 0 0 
2 0 0 
2 0 0 
2 0 0 
2 0 0 
2 0 0 
2 0 0 
2 0 0 
2 0 0 
2 0 0 
2 0 0 
2 0 0 
2 0 0 
2 0 0 
2 0 0 
2 0 0 
2 0 0 
2 0 0 
2 0 0 
2 0 0 
2 0 0 
2 0 0 
2 0 0 
2 0 0 
2 0 0 
2 0 0 
2 0 0 
2 0 0 
2 0 0 
2 0 0 
2 0 0 
2 0 0 
2 0 0 
2 0 0 
2 0 0 
2 0 0 
2 0 0 
2 0 0 
2 0 0 
2 0 0 
2 0 0 
2 0 0 
2 0 0 
2 0 0 
2 0 0 
2 0 0 
2 0 0 
2 0 0 
2 0 0 
2 0 0 
2 0 0 
2 0 0 
2 0 0 
2 0 0 
2 0 0 
2 0 0 
2 0 0 
2 0 0 
2 0 0 
2 0 0 
2 0 0 
2 0 0 
2 0 0 
2 0 0 
2 0 0 
2 0 0 
2 0 0 
2 0 0 
2 0 0 
2 0 0 
2 0 0 
2 0 0 
2 0 0 
2 0 0 
2 0 0 
2 0 0 
2 0 0 
2 0 0 
2 0 0 
2 0 0 
2 0 0 
2 0 0 
2 0 0 
2 0 0 
2 0 0 
2 0 0 
2 0 0 
2 0 0 
2 0 0 
2 0 0 
2 0 0 
2 0 0 
2 0 0 
2 0 0 
2 0 0 
2 0 0 
2 0 0 
2 0 0 
2 0 0 
2 0 0 
2 0 0 
2 0 0 
2 0 0 
2 0 0 
2 0 0 
2 0 0 
2 0 0 
2 0 0 
2 0 0 
2 0 0 
2 0 0 
2 0 0 
2 0 0 
2 0 0 
2 0 0 
2 0 0 
2 0 0 
2 0 0 
2 0 0 
2 0 0 
2 0 0 
2 0 0 
2 0 0 
2 0 0 
2 0 0 
2 0 0 
2 0 0 
2 0 0 
2 0 0 
2 0 0 
2 0 0 
2 0 0 
2 0 0 
2 0 0 
2 0 0 
2 0 0 
2 0 0 
2 0 0 
2 0 0 
2 0 0 
2 0 0 
2 0 0 
2 0 -6.42775e-31 
2 0 0 
2 0 0 
2 0 0 
2 0 0 
2 0 0 
2 0 0 
2 0 0 
2 0 0 
2 0 0 
2 0 0 
2 0 0 
2 0 0 
2 0 0 
2 0 0 
2 0 0 
2 0 0 
2 0 0 
2 0 0 
2 0 6.42775e-31 
2 0 -7.08088e-28 
2 0 -2.097e-47 
2 0 0 
2 0 0 
2 0 0 
2 0 0 
2 0 0 
2 0 0 
2 0 0 
2 0 0 
2 0 0 
2 0 0 
2 0 0 
2 0 0 
2 0 0 
2 0 0 
2 0 0 
2 0 0 
2 0 5.2425e-48 
2 0 7.08088e-28 
2 0 -7.28777e-25 
2 0 -1.1238e-43 
2 0 0 
2 0 0 
2 0 0 
2 0 0 
2 0 0 
2 0 0 
2 0 0 
2 0 0 
2 0 0 
2 0 0 
2 0 0 
2 0 0 
2 0 0 
2 0 0 
2 0 0 
2 0 0 
2 0 4.99196e-44 
2 0 7.28777e-25 
2 2.22989e-17 1.66584e-20 
2 2.22989e-17 -2.87989e-40 
2 2.22989e-17 1.99019e-45 
2 2.22989e-17 0 
2 2.22989e-17 0 
2 2.22989e-17 0 
2 2.22989e-17 0 
2 2.22989e-17 0 
2 2.22989e-17 0 
2 2.22989e-17 0 
2 2.22989e-17 0 
2 2.22989e-17 0 
2 2.22989e-17 0 
2 2.22989e-17 0 
2 2.22989e-17 0 
2 2.22989e-17 0 
2 2.22989e-17 0 
2 2.22989e-17 0 
2 2.22989e-17 1.18453e-40 
2 2.22989e-17 -1.66584e-20 
2 4.56256e-15 2.89814e-20 
2 4.56256e-15 -2.85627e-37 
2 4.56256e-15 6.1908e-42 
2 4.56256e-15 0 
2 4.56256e-15 0 
2 4.56256e-15 0 
2 4.56256e-15 0 
2 4.56256e-15 0 
2 4.56256e-15 0 
2 4.56256e-15 0 
2 4.56256e-15 0 
2 4.56256e-15 0 
2 4.56256e-15 0 
2 4.56256e-15 0 
2 4.56256e-15 0 
2 4.56256e-15 0 
2 4.56256e-15 0 
2 4.56256e-15 0 
2 4.56256e-15 1.02415e-37 
2 4.56256e-15 -2.89814e-20 
2 5.85061e-13 -3.32828e-16 
2 5.85061e-13 -1.44808e-34 
2 5.85061e-13 8.1836e-39 
2 5.85061e-13 1.6756e-41 
2 5.85061e-13 0 
2 5.85061e-13 0 
2 5.85061e-13 0 
2 5.85061e-13 0 
2 5.85061e-13 0 
2 5.85061e-13 0 
2 5.85061e-13 0 
2 5.85061e-13 0 
2 5.85061e-13 0 
2 5.85061e-13 0 
2 5.85061e-13 0 
2 5.85061e-13 0 
2 5.85061e-13 0 
2 5.85061e-13 -1.41194e-46 
2 5.85061e-13 8.9724e-35 
2 5.85061e-13 3.32828e-16 
2 4.7677e-11 -7.8994e-19 
2 4.7677e-11 -4.3311e-32 
2 4.7677e-11 6.13146e-36 
2 4.7677e-11 3.63009e-38 
2 4.7677e-11 0 
2 4.7677e-11 0 
2 4.7677e-11 0 
2 4.7677e-11 0 
2 4.7677e-11 0 
2 4.7677e-11 0 
2 4.7677e-11 0 
2 4.7677e-11 0 
2 4.7677e-11 0 
2 4.7677e-11 0 
2 4.7677e-11 0 
2 4.7677e-11 0 
2 4.7677e-11 0 
2 4.7677e-11 -6.05934e-38 
2 4.7677e-11 9.09499e-33 
2 4.7677e-11 7.89925e-19 
2 2.66561e-09 -3.45341e-18 
2 2.66561e-09 -2.05521e-30 
2 2.66561e-09 2.90154e-33 
2 2.66561e-09 3.44284e-35 
2 2.66561e-09 0 
2 2.66561e-09 0 
2 2.66561e-09 0 
2 2.66561e-09 0 
2 2.66561e-09 0 
2 2.66561e-09 0 
2 2.66561e-09 0 
2 2.66561e-09 0 
2 2.66561e-09 0 
2 2.66561e-09 0 
2 2.66561e-09 0 
2 2.66561e-09 0 
2 2.66561e-09 0 
2 2.66561e-09 -1.09846e-34 
2 2.66561e-09 -9.63446e-31 
2 2.66561e-09 3.45344e-18 
2 1.0063e-07 -5.02408e-18 
2 1.0063e-07 3.5319e-28 
2 1.0063e-07 9.0848e-31 
2 1.0063e-07 1.871e-32 
2 1.0063e-07 0 
2 1.0063e-07 0 
2 1.0063e-07 0 
2 1.0063e-07 0 
2 1.0063e-07 0 
2 1.0063e-07 0 
2 1.0063e-07 0 
2 1.0063e-07 0 
2 1.0063e-07 0 
2 1.0063e-07 0 
2 1.0063e-07 0 
2 1.0063e-07 0 
2 1.0063e-07 -1.34203e-34 
2 1.0063e-07 -8.58052e-32 
2 1.0063e-07 -3.56452e-28 
2 1.0063e-07 5.02485e-18 
2 2.5472e-06 -3.5496e-18 
2 2.5472e-06 5.99166e-26 
2 2.5472e-06 1.90846e-28 
2 2.5472e-06 6.39549e-30 
2 2.5472e-06 0 
2 2.5472e-06 0 
2 2.5472e-06 0 
2 2.5472e-06 0 
2 2.5472e-06 0 
2 2.5472e-06 0 
2 2.5472e-06 0 
2 2.5472e-06 0 
2 2.5472e-06 0 
2 2.5472e-06 0 
2 2.5472e-06 0 
2 2.5472e-06 0 
2 2.5472e-06 -3.61472e-31 
2 2.5472e-06 -3.77324e-29 
2 2.5472e-06 -5.57118e-26 
2 2.5472e-06 3.54794e-18 
1.99999 4.44043e-05 -2.00415e-18 
1.99999 4.44043e-05 5.59947e-24 
1.99999 4.44043e-05 2.74843e-26 
1.99999 4.44043e-05 1.4179e-27 
1.99999 4.44043e-05 0 
1.99999 4.44043e-05 0 
1.99999 4.44043e-05 0 
1.99999 4.44043e-05 0 
1.99999 4.44043e-05 0 
1.99999 4.44043e-05 0 
1.99999 4.44043e-05 0 
1.99999 4.44043e-05 0 
1.99999 4.44043e-05 0 
1.99999 4.44043e-05 0 
1.99999 4.44043e-05 0 
1.99999 4.44043e-05 0 
1.99999 4.44043e-05 -1.07208e-27 
1.99999 4.44043e-05 -1.02928e-26 
1.99999 4.44043e-05 -5.1775e-24 
1.99999 4.44043e-05 1.99994e-18 
1.99988 0.000549886 -3.70435e-18 
1.99988 0.000549886 3.00166e-22 
1.99988 0.000549886 3.15563e-24 
1.99988 0.000549886 2.03603e-25 
1.99988 0.000549886 6.33972e-29 
1.99988 0.000549886 0 
1.99988 0.000549886 0 
1.99988 0.000549886 0 
1.99988 0.000549886 0 
1.99988 0.000549886 0 
1.99988 0.000549886 0 
1.99988 0.000549886 0 
1.99988 0.000549886 0 
1.99988 0.000549886 0 
1.99988 0.000549886 0 
1.99988 0.000549886 -3.89587e-28 
1.99988 0.000549886 -7.83128e-25 
1.99988 0.000549886 -2.20421e-24 
1.99988 0.000549886 -2.7433e-22 
1.99988 0.000549886 3.72281e-18 
1.99888 0.00494583 -1.78933e-17 
1.99888 0.00494583 9.69226e-21 
1.99888 0.00494583 3.78307e-22 
1.99888 0.00494583 2.13448e-23 
1.99888 0.00494583 6.87795e-26 
1.99888 0.00494583 0 
1.99888 0.00494583 0 
1.99888 0.00494583 0 
1.99888 0.00494583 0 
1.99888 0.00494583 0 
1.99888 0.00494583 0 
1.99888 0.00494583 0 
1.99888 0.00494583 0 
1.99888 0.00494583 0 
1.99888 0.00494583 0 
1.99888 0.00494583 -6.84284e-25 
1.99888 0.00494583 -2.25184e-22 
1.99888 0.00494583 -5.32411e-22 
1.99888 0.00494583 -7.58802e-21 
1.99888 0.00494583 1.79688e-17 
1.99262 0.0325687 -1.13267e-16 
1.99262 0.0325687 3.28727e-19 
1.99262 0.0325687 3.75233e-20 
1.99262 0.0325687 3.91263e-21 
1.99262 0.0325687 2.88899e-23 
1.99262 0.0325687 0 
1.99262 0.0325687 0 
1.99262 0.0325687 0 
1.99262 0.0325687 0 
1.99262 0.0325687 0 
1.99262 0.0325687 0 
1.99262 0.0325687 0 
1.99262 0.0325687 0 
1.99262 0.0325687 0 
1.99262 0.0325687 0 
1.99262 0.0325687 -3.90021e-22 
1.99262 0.0325687 -2.75153e-20 
1.99262 0.0325687 -1.05843e-19 
1.99262 0.0325687 -1.64338e-19 
1.99262 0.0325687 1.1129e-16 
1.96411 0.156413 -5.48683e-16 
1.96411 0.156413 2.41516e-18 
1.96411 0.156413 1.63176e-18 
1.96411 0.156413 1.36377e-18 
1.96411 0.156413 8.04294e-21 
1.96411 0.156413 1.3284e-31 
1.96411 0.156413 0 
1.96411 0.156413 0 
1.96411 0.156413 0 
1.96411 0.156413 0 
1.96411 0.156413 0 
1.96411 0.156413 0 
1.96411 0.156413 0 
1.96411 0.156413 0 
1.96411 0.156413 0 
1.96411 0.156413 -9.27527e-20 
1.96411 0.156413 -1.54041e-18 
1.96411 0.156413 -9.48174e-18 
1.96411 0.156413 -6.3175e-18 
1.96411 0.156413 5.08506e-16 
1.86912 0.547176 -7.27112e-16 
1.86912 0.547176 -5.82924e-17 
1.86912 0.547176 1.23547e-17 
1.86912 0.547176 1.06661e-16 
1.86912 0.547176 2.55694e-18 
1.86912 0.547176 1.77092e-28 
1.86912 0.547176 0 
1.86912 0.547176 0 
1.86912 0.547176 0 
1.86912 0.547176 0 
1.86912 0.547176 0 
1.86912 0.547176 0 
1.86912 0.547176 0 
1.86912 0.547176 0 
1.86912 0.547176 0 
1.86912 0.547176 -8.36587e-18 
1.86912 0.547176 -9.52673e-17 
1.86912 0.547176 -8.75944e-17 
1.86912 0.547176 -4.31628e-17 
1.86912 0.547176 9.23088e-16 
1.70974 1.1535 -5.07142e-16 
1.70974 1.1535 1.68813e-16 
1.70974 1.1535 8.60084e-17 
1.70974 1.1535 -3.43148e-17 
1.70974 1.1535 2.15053e-16 
1.70974 1.1535 9.90741e-26 
1.70974 1.1535 0 
1.70974 1.1535 0 
1.70974 1.1535 0 
1.70974 1.1535 0 
1.70974 1.1535 0 
1.70974 1.1535 0 
1.70974 1.1535 0 
1.70974 1.1535 0 
1.70974 1.1535 0 
1.70974 1.1535 -8.03008e-17 
1.70974 1.1535 -2.88323e-16 
1.70974 1.1535 -1.55928e-16 
1.70974 1.1535 7.98237e-17 
1.70974 1.1535 6.19976e-17 
1.58149 1.47867 9.04889e-16 
1.58149 1.47867 -2.91518e-16 
1.58149 1.47867 1.85002e-16 
1.58149 1.47867 4.85731e-16 
1.58149 1.47867 1.23593e-16 
1.58149 1.47867 3.23876e-21 
1.58149 1.47867 0 
1.58149 1.47867 0 
1.58149 1.47867 0 
1.58149 1.47867 0 
1.58149 1.47867 0 
1.58149 1.47867 0 
1.58149 1.47867 0 
1.58149 1.47867 0 
1.58149 1.47867 0 
1.58149 1.47867 -1.75981e-16 
1.58149 1.47867 -4.60636e-16 
1.58149 1.47867 -2.1051e-17 
1.58149 1.47867 8.48431e-17 
1.58149 1.47867 -1.02385e-15 
1.52335 1.81107 -3.23153e-16 
1.52335 1.81107 -7.75582e-17 
1.52335 1.81107 4.23633e-16 
1.52335 1.81107 2.05206e-16 
1.52335 1.81107 1.13512e-16 
1.52335 1.81107 2.0886e-18 
1.52335 1.81107 0 
1.52335 1.81107 0 
1.52335 1.81107 0 
1.52335 1.81107 0 
1.52335 1.81107 0 
1.52335 1.81107 0 
1.52335 1.81107 0 
1.52335 1.81107 0 
1.52335 1.81107 0 
1.52335 1.81107 -1.27152e-16 
1.52335 1.81107 1.59709e-16 
1.52335 1.81107 2.19136e-18 
1.52335 1.81107 -2.02074e-16 
1.52335 1.81107 1.99542e-16 
1.47501 1.91094 -1.90239e-16 
1.47501 1.91094 -1.29378e-16 
1.47501 1.91094 2.72593e-17 
1.47501 1.91094 4.10473e-16 
1.47501 1.91094 2.52376e-16 
1.47501 1.91094 1.72789e-16 
1.47501 1.91094 0 
1.47501 1.91094 0 
1.47501 1.91094 0 
1.47501 1.91094 0 
1.47501 1.91094 0 
1.47501 1.91094 0 
1.47501 1.91094 0 
1.47501 1.91094 0 
1.47501 1.91094 -3.04821e-21 
1.47501 1.91094 1.63384e-17 
1.47501 1.91094 -6.68066e-17 
1.47501 1.91094 4.51889e-17 
1.47501 1.91094 9.93928e-17 
1.47501 1.91094 -2.27165e-16 
1.44137 1.85624 -1.43522e-16 
1.44137 1.85624 3.20184e-16 
1.44137 1.85624 3.85763e-16 
1.44137 1.85624 4.45572e-16 
1.44137 1.85624 8.25787e-17 
1.44137 1.85624 -1.54186e-17 
1.44137 1.85624 3.03547e-21 
1.44137 1.85624 0 
1.44137 1.85624 0 
1.44137 1.85624 0 
1.44137 1.85624 0 
1.44137 1.85624 0 
1.44137 1.85624 0 
1.44137 1.85624 0 
1.44137 1.85624 -7.60944e-18 
1.44137 1.85624 2.68559e-17 
1.44137 1.85624 -6.97305e-17 
1.44137 1.85624 -1.65878e-16 
1.44137 1.85624 -1.34105e-16 
1.44137 1.85624 8.06041e-17 
1.42966 1.83001 2.79584e-18 
1.42966 1.83001 1.82516e-16 
1.42966 1.83001 7.42277e-16 
1.42966 1.83001 5.81317e-16 
1.42966 1.83001 5.87926e-17 
1.42966 1.83001 -5.93717e-17 
1.42966 1.83001 2.04244e-18 
1.42966 1.83001 0 
1.42966 1.83001 0 
1.42966 1.83001 0 
1.42966 1.83001 0 
1.42966 1.83001 0 
1.42966 1.83001 0 
1.42966 1.83001 0 
1.42966 1.83001 -1.72187e-16 
1.42966 1.83001 -1.81273e-16 
1.42966 1.83001 -9.99667e-17 
1.42966 1.83001 -1.28411e-16 
1.42966 1.83001 -2.05483e-16 
1.42966 1.83001 -2.22182e-16 
1.44638 1.88482 -5.22866e-17 
1.44638 1.88482 8.08001e-17 
1.44638 1.88482 2.99639e-16 
1.44638 1.88482 2.67682e-16 
1.44638 1.88482 -8.5921e-17 
1.44638 1.88482 9.50648e-19 
1.44638 1.88482 1.72113e-16 
1.44638 1.88482 0 
1.44638 1.88482 0 
1.44638 1.88482 0 
1.44638 1.88482 0 
1.44638 1.88482 0 
1.44638 1.88482 0 
1.44638 1.88482 0 
1.44638 1.88482 -9.03541e-18 
1.44638 1.88482 -1.75897e-16 
1.44638 1.88482 -6.59962e-17 
1.44638 1.88482 -2.81778e-16 
1.44638 1.88482 -3.14765e-16 
1.44638 1.88482 1.99724e-16 
1.47123 1.98897 -2.10163e-16 
1.47123 1.98897 -1.621e-17 
1.47123 1.98897 2.49299e-17 
1.47123 1.98897 4.94369e-17 
1.47123 1.98897 9.11382e-17 
1.47123 1.98897 5.4963e-17 
1.47123 1.98897 3.52711e-18 
1.47123 1.98897 0 
1.47123 1.98897 0 
1.47123 1.98897 0 
1.47123 1.98897 0 
1.47123 1.98897 0 
1.47123 1.98897 0 
1.47123 1.98897 0 
1.47123 1.98897 -8.87005e-21 
1.47123 1.98897 -3.44806e-18 
1.47123 1.98897 -5.53421e-17 
1.47123 1.98897 -1.13083e-16 
1.47123 1.98897 -2.95998e-16 
1.47123 1.98897 7.93404e-17 
1.47311 1.98513 2.36652e-16 
1.47311 1.98513 -2.14364e-17 
1.47311 1.98513 7.75703e-17 
1.47311 1.98513 -2.60824e-16 
1.47311 1.98513 -2.00067e-16 
1.47311 1.98513 2.34753e-17 
1.47311 1.98513 9.06918e-21 
1.47311 1.98513 0 
1.47311 1.98513 0 
1.47311 1.98513 0 
1.47311 1.98513 0 
1.47311 1.98513 0 
1.47311 1.98513 0 
1.47311 1.98513 0 
1.47311 1.98513 0 
1.47311 1.98513 3.56833e-17 
1.47311 1.98513 2.36481e-17 
1.47311 1.98513 6.43017e-17 
1.47311 1.98513 -1.77199e-16 
1.47311 1.98513 -1.01003e-16 
1.42615 1.7631 4.12008e-16 
1.42615 1.7631 3.97527e-16 
1.42615 1.7631 -1.36676e-16 
1.42615 1.7631 -3.42542e-16 
1.42615 1.7631 -2.00986e-16 
1.42615 1.7631 -1.70926e-16 
1.42615 1.7631 0 
1.42615 1.7631 0 
1.42615 1.7631 0 
1.42615 1.7631 0 
1.42615 1.7631 0 
1.42615 1.7631 0 
1.42615 1.7631 0 
1.42615 1.7631 0 
1.42615 1.7631 0 
1.42615 1.7631 2.681e-16 
1.42615 1.7631 1.38589e-16 
1.42615 1.7631 -4.05447e-17 
1.42615 1.7631 -1.78719e-16 
1.42615 1.7631 -2.83425e-16 
1.17552 0.653419 2.60063e-16 
1.17552 0.653419 -1.54969e-16 
1.17552 0.653419 -7.30636e-17 
1.17552 0.653419 -1.46731e-16 
1.17552 0.653419 -8.22941e-17 
1.17552 0.653419 -3.0215e-18 
1.17552 0.653419 0 
1.17552 0.653419 0 
1.17552 0.653419 0 
1.17552 0.653419 0 
1.17552 0.653419 0 
1.17552 0.653419 0 
1.17552 0.653419 0 
1.17552 0.653419 0 
1.17552 0.653419 0 
1.17552 0.653419 4.88234e-17 
1.17552 0.653419 7.69942e-17 
1.17552 0.653419 8.42097e-17 
1.17552 0.653419 -9.70408e-17 
1.17552 0.653419 -5.7009e-17 
1.02027 0.0652953 -1.03442e-16 
1.02027 0.0652953 -5.64244e-17 
1.02027 0.0652953 -6.23694e-18 
1.02027 0.0652953 -8.13891e-18 
1.02027 0.0652953 -2.52277e-18 
1.02027 0.0652953 -4.06211e-21 
1.02027 0.0652953 0 
1.02027 0.0652953 0 
1.02027 0.0652953 0 
1.02027 0.0652953 0 
1.02027 0.0652953 0 
1.02027 0.0652953 0 
1.02027 0.0652953 0 
1.02027 0.0652953 0 
1.02027 0.0652953 0 
1.02027 0.0652953 3.16491e-19 
1.02027 0.0652953 4.95631e-18 
1.02027 0.0652953 1.73289e-17 
1.02027 0.0652953 -6.59633e-18 
1.02027 0.0652953 6.86997e-17 
1.00195 0.00611797 -7.46295e-18 
1.00195 0.00611797 -4.8692e-18 
1.00195 0.00611797 -2.58767e-19 
1.00195 0.00611797 -1.36137e-19 
1.00195 0.00611797 -1.82048e-20 
1.00195 0.00611797 1.18068e-24 
1.00195 0.00611797 0 
1.00195 0.00611797 0 
1.00195 0.00611797 0 
1.00195 0.00611797 0 
1.00195 0.00611797 0 
1.00195 0.00611797 0 
1.00195 0.00611797 0 
1.00195 0.00611797 0 
1.00195 0.00611797 0 
1.00195 0.00611797 5.66102e-22 
1.00195 0.00611797 1.4051e-19 
1.00195 0.00611797 3.50251e-19 
1.00195 0.00611797 -5.5203e-20 
1.00195 0.00611797 -2.94934e-19 
1.00016 0.000501945 -1.75914e-19 
1.00016 0.000501945 -2.43936e-19 
1.00016 0.000501945 -2.34768e-21 
1.00016 0.000501945 -1.13107e-21 
1.00016 0.000501945 -5.67884e-23 
1.00016 0.000501945 4.4324e-28 
1.00016 0.000501945 0 
1.00016 0.000501945 0 
1.00016 0.000501945 0 
1.00016 0.000501945 0 
1.00016 0.000501945 0 
1.00016 0.000501945 0 
1.00016 0.000501945 0 
1.00016 0.000501945 0 
1.00016 0.000501945 0 
1.00016 0.000501945 3.15818e-25 
1.00016 0.000501945 1.38928e-21 
1.00016 0.000501945 2.68328e-21 
1.00016 0.000501945 2.19325e-20 
1.00016 0.000501945 -4.77181e-20 
1.00001 3.36933e-05 2.48638e-20 
1.00001 3.36933e-05 -6.1262e-21 
1.00001 3.36933e-05 1.31731e-24 
1.00001 3.36933e-05 -5.19657e-24 
1.00001 3.36933e-05 -8.57149e-26 
1.00001 3.36933e-05 2.16959e-31 
1.00001 3.36933e-05 0 
1.00001 3.36933e-05 0 
1.00001 3.36933e-05 0 
1.00001 3.36933e-05 0 
1.00001 3.36933e-05 0 
1.00001 3.36933e-05 0 
1.00001 3.36933e-05 0 
1.00001 3.36933e-05 0 
1.00001 3.36933e-05 0 
1.00001 3.36933e-05 0 
1.00001 3.36933e-05 6.5669e-24 
1.00001 3.36933e-05 -4.09115e-24 
1.00001 3.36933e-05 6.66272e-22 
1.00001 3.36933e-05 -1.717e-21 
1 1.75792e-06 1.25487e-21 
1 1.75792e-06 -6.5078e-23 
1 1.75792e-06 1.12126e-25 
1 1.75792e-06 -1.3546e-26 
1 1.75792e-06 -6.01422e-29 
1 1.75792e-06 0 
1 1.75792e-06 0 
1 1.75792e-06 0 
1 1.75792e-06 0 
1 1.75792e-06 0 
1 1.75792e-06 0 
1 1.75792e-06 0 
1 1.75792e-06 0 
1 1.75792e-06 0 
1 1.75792e-06 0 
1 1.75792e-06 0 
1 1.75792e-06 1.63823e-26 
1 1.75792e-06 -1.4531e-25 
1 1.75792e-06 1.28617e-23 
1 1.75792e-06 8.2153e-23 
1 6.77867e-08 1.36324e-23 
1 6.77867e-08 -4.00906e-25 
1 6.77867e-08 5.19311e-28 
1 6.77867e-08 -1.94093e-29 
1 6.77867e-08 -1.64705e-32 
1 6.77867e-08 0 
1 6.77867e-08 0 
1 6.77867e-08 0 
1 6.77867e-08 0 
1 6.77867e-08 0 
1 6.77867e-08 0 
1 6.77867e-08 0 
1 6.77867e-08 0 
1 6.77867e-08 0 
1 6.77867e-08 0 
1 6.77867e-08 0 
1 6.77867e-08 2.09193e-29 
1 6.77867e-08 -5.92188e-28 
1 6.77867e-08 1.59239e-25 
1 6.77867e-08 1.94877e-23 
1 1.84115e-09 8.12131e-26 
1 1.84115e-09 -1.77238e-27 
1 1.84115e-09 1.68286e-30 
1 1.84115e-09 -1.34354e-32 
1 1.84115e-09 0 
1 1.84115e-09 0 
1 1.84115e-09 0 
1 1.84115e-09 0 
1 1.84115e-09 0 
1 1.84115e-09 0 
1 1.84115e-09 0 
1 1.84115e-09 0 
1 1.84115e-09 0 
1 1.84115e-09 0 
1 1.84115e-09 0 
1 1.84115e-09 0 
1 1.84115e-09 1.08171e-32 
1 1.84115e-09 -1.78549e-30 
1 1.84115e-09 1.17704e-27 
1 1.84115e-09 1.56441e-25 
1 3.39596e-11 -5.9035e-28 
1 3.39596e-11 -6.25883e-30 
1 3.39596e-11 4.50615e-33 
1 3.39596e-11 -2.66631e-36 
1 3.39596e-11 0 
1 3.39596e-11 0 
1 3.39596e-11 0 
1 3.39596e-11 0 
1 3.39596e-11 0 
1 3.39596e-11 0 
1 3.39596e-11 0 
1 3.39596e-11 0 
1 3.39596e-11 0 
1 3.39596e-11 0 
1 3.39596e-11 0 
1 3.39596e-11 0 
1 3.39596e-11 0 
1 3.39596e-11 -4.5926e-33 
1 3.39596e-11 5.50383e-30 
1 3.39596e-11 6.77602e-28 
1 4.25702e-13 -9.71587e-30 
1 4.25702e-13 -1.72722e-32 
1 4.25702e-13 9.3861e-36 
1 4.25702e-13 1.30008e-39 
1 4.25702e-13 0 
1 4.25702e-13 0 
1 4.25702e-13 0 
1 4.25702e-13 0 
1 4.25702e-13 0 
1 4.25702e-13 0 
1 4.25702e-13 0 
1 4.25702e-13 0 
1 4.25702e-13 0 
1 4.25702e-13 0 
1 4.25702e-13 0 
1 4.25702e-13 0 
1 4.25702e-13 0 
1 4.25702e-13 -9.43557e-36 
1 4.25702e-13 1.6879e-32 
1 4.25702e-13 2.55232e-30 
1 3.63684e-15 -3.67548e-32 
1 3.63684e-15 -3.43684e-35 
1 3.63684e-15 1.35299e-38 
1 3.63684e-15 0 
1 3.63684e-15 0 
1 3.63684e-15 0 
1 3.63684e-15 0 
1 3.63684e-15 0 
1 3.63684e-15 0 
1 3.63684e-15 0 
1 3.63684e-15 0 
1 3.63684e-15 0 
1 3.63684e-15 0 
1 3.63684e-15 0 
1 3.63684e-15 0 
1 3.63684e-15 0 
1 3.63684e-15 0 
1 3.63684e-15 -1.35552e-38 
1 3.63684e-15 3.43575e-35 
1 3.63684e-15 8.62224e-33 
1 1.39368e-17 -1.04283e-34 
1 1.39368e-17 -4.59145e-38 
1 1.39368e-17 1.23117e-41 
1 1.39368e-17 0 
1 1.39368e-17 0 
1 1.39368e-17 0 
1 1.39368e-17 0 
1 1.39368e-17 0 
1 1.39368e-17 0 
1 1.39368e-17 0 
1 1.39368e-17 0 
1 1.39368e-17 0 
1 1.39368e-17 0 
1 1.39368e-17 0 
1 1.39368e-17 0 
1 1.39368e-17 0 
1 1.39368e-17 0 
1 1.39368e-17 -1.2316e-41 
1 1.39368e-17 4.59052e-38 
1 1.39368e-17 2.29293e-35 
1 0 -2.00274e-37 
1 0 -3.87316e-41 
1 0 6.32235e-45 
1 0 0 
1 0 0 
1 0 0 
1 0 0 
1 0 0 
1 0 0 
1 0 0 
1 0 0 
1 0 0 
1 0 0 
1 0 0 
1 0 0 
1 0 0 
1 0 0 
1 0 -6.32235e-45 
1 0 3.87275e-41 
1 0 4.49495e-38 
1 0 -2.43947e-40 
1 0 -1.89199e-44 
1 0 1.36482e-48 
1 0 0 
1 0 0 
1 0 0 
1 0 0 
1 0 0 
1 0 0 
1 0 0 
1 0 0 
1 0 0 
1 0 0 
1 0 0 
1 0 0 
1 0 0 
1 0 0 
1 0 -1.36482e-48 
1 0 1.89195e-44 
1 0 6.16467e-41 
1 0 -1.71813e-43 
1 0 -4.23349e-48 
1 0 0 
1 0 0 
1 0 0 
1 0 0 
1 0 0 
1 0 0 
1 0 0 
1 0 0 
1 0 0 
1 0 0 
1 0 0 
1 0 0 
1 0 0 
1 0 0 
1 0 0 
1 0 0 
1 0 4.23349e-48 
1 0 5.52177e-44 
1 0 -5.84586e-47 
1 0 0 
1 0 0 
1 0 0 
1 0 0 
1 0 0 
1 0 0 
1 0 0 
1 0 0 
1 0 0 
1 0 0 
1 0 0 
1 0 0 
1 0 0 
1 0 0 
1 0 0 
1 0 0 
1 0 0 
1 0 0 
1 0 2.85863e-47 
1 0 -6.3457e-51 
1 0 0 
1 0 0 
1 0 0 
1 0 0 
1 0 0 
1 0 0 
1 0 0 
1 0 0 
1 0 0 
1 0 0 
1 0 0 
1 0 0 
1 0 0 
1 0 0 
1 0 0 
1 0 0 
1 0 0 
1 0 0 
1 0 6.3457e-51 
1 0 0 
1 0 0 
1 0 0 
1 0 0 
1 0 0 
1 0 0 
1 0 0 
1 0 0 
1 0 0 
1 0 0 
1 0 0 
1 0 0 
1 0 0 
1 0 0 
1 0 0 
1 0 0 
1 0 0 
1 0 0 
1 0 0 
1 0 0 
1 0 0 
1 0 0 
1 0 0 
1 0 0 
1 0 0 
1 0 0 
1 0 0 
1 0 0 
1 0 0 
1 0 0 
1 0 0 
1 0 0 
1 0 0 
1 0 0 
1 0 0 
1 0 0 
1 0 0 
1 0 0 
1 0 0 
1 0 0 
1 0 0 
1 0 0 
1 0 0 
1 0 0 
1 0 0 
1 0 0 
1 0 0 
1 0 0 
1 0 0 
1 0 0 
1 0 0 
1 0 0 
1 0 0 
1 0 0 
1 0 0 
1 0 0 
1 0 0 
1 0 0 
1 0 0 
1 0 0 
1 0 0 
1 0 0 
1 0 0 
1 0 0 
1 0 0 
1 0 0 
1 0 0 
1 0 0 
1 0 0 
1 0 0 
1 0 0 
1 0 0 
1 0 0 
1 0 0 
1 0 0 
1 0 0 
1 0 0 
1 0 0 
1 0 0 
1 0 0 
1 0 0 
1 0 0 
1 0 0 
1 0 0 
1 0 0 
1 0 0 
1 0 0 
1 0 0 
1 0 0 
1 0 0 
1 0 0 
1 0 0 
1 0 0 
1 0 0 
1 0 0 
1 0 0 
1 0 0 
1 0 0 
1 0 0 
1 0 0 
1 0 0 
1 0 0 
1 0 0 
1 0 0 
1 0 0 
1 0 0 
1 0 0 
1 0 0 
1 0 0 
1 0 0 
1 0 0 
1 0 0 
1 0 0 
1 0 0 
1 0 0 
1 0 0 
1 0 0 
1 0 0 
1 0 0 
1 0 0 
1 0 0 
1 0 0 
1 0 0 
1 0 0 
1 0 0 
1 0 0 
1 0 0 
1 0 0 
1 0 0 
1 0 0 
1 0 0 
1 0 0 
1 0 0 
1 0 0 
1 0 0 
1 0 0 
1 0 0 
1 0 0 
1 0 0 
1 0 0 
1 0 0 
1 0 0 
1 0 0 
1 0 0 
1 0 0 
1 0 0 
1 0 0 
1 0 0 
1 0 0 
1 0 0 
1 0 0 
1 0 0 
1 0 0 
1 0 0 
1 0 0 
1 0 0 
1 0 0 
1 0 0 
1 0 0 
1 0 0 
1 0 0 
1 0 0 
1 0 0 
1 0 0 
1 0 0 
1 0 0 
1 0 0 
1 0 0 
1 0 0 
1 0 0 
1 0 0 
1 0 0 
1 0 0 
1 0 0 
1 0 0 
1 0 0 
1 0 0 
1 0 0 
1 0 0 
1 0 0 
1 0 0 
1 0 0 
1 0 0 
1 0 0 
1 0 0 
1 0 0 
1 0 0 
1 0 0 
1 0 0 
1 0 0 
1 0 0 
1 0 0 
1 0 0 
1 0 0 
1 0 0 
1 0 0 
1 0 0 
1 0 0 
1 0 0 
1 0 0 
1 0 0 
1 0 0 
1 0 0 
1 0 0 
1 0 0 
1 0 0 
1 0 0 
1 0 0 
1 0 0 
1 0 0 
1 0 0 
1 0 0 
1 0 0 
1 0 0 
1 0 0 
1 0 0 
1 0 0 
1 0 0 
1 0 0 
1 0 0 
1 0 0 
1 0 0 
1 0 0 
1 0 0 
1 0 0 
1 0 0 
1 0 0 
1 0 0 
1 0 0 
1 0 0 
1 0 0 
1 0 0 
1 0 0 
1 0 0 
1 0 0 
1 0 0 
1 0 0 
1 0 0 
1 0 0 
1 0 0 
1 0 0 
1 0 0 
1 0 0 
1 0 0 
1 0 0 
1 0 0 
1 0 0 
1 0 0 
1 0 0 
1 0 0 
1 0 0 
1 0 0 
1 0 0 
1 0 0 
1 0 0 
1 0 0 
1 0 0 
1 0 0 
1 0 0 
1 0 0 
1 0 0 
1 0 0 
1 0 0 
1 0 0 
1 0 0 
1 0 0 
1 0 0 
1 0 0 
1 0 0 
1 0 0 
1 0 0 
1 0 0 
1 0 0 
1 0 0 
1 0 0 
1 0 0 
1 0 0 
1 0 0 
1 0 0 
1 0 0 
1 0 0 
1 0 0 
1 0 0 
1 0 0 
1 0 0 
1 0 0 
1 0 0 
1 0 0 
1 0 0 
1 0 0 
1 0 0 
1 0 0 
1 0 0 
1 0 0 
1 0 0 
1 0 0 
1 0 0 
1 0 0 
1 0 0 
1 0 0 
1 0 0 
1 0 0 
1 0 0 
1 0 0 
1 0 0 
1 0 0 
1 0 0 
1 0 0 
1 0 0 
1 0 0 
1 0 0 
1 0 0 
1 0 0 
1 0 0 
1 0 0 
1 0 0 
1 0 0 
1 0 0 
1 0 0 
1 0 0 
1 0 0 
1 0 0 
1 0 0 
1 0 0 
1 0 0 
1 0 0 
1 0 0 
1 0 0 
1 0 0 
1 0 0 
1 0 0 
1 0 0 
1 0 0 
1 0 0 
1 0 0 
1 0 0 
1 0 0 
1 0 0 
1 0 0 
1 0 0 
1 0 0 
1 0 0 
1 0 0 
1 0 0 
1 0 0 
1 0 0 
1 0 0 
1 0 0 
1 0 0 
1 0 0 
1 0 0 
1 0 0 
1 0 0 
1 0 0 
1 0 0 
1 0 0 
1 0 0 
1 0 0 
1 0 0 
1 0 0 
1 0 0 
1 0 0 
1 0 0 
1 0 0 
1 0 0 
1 0 0 
1 0 0 
1 0 0 
1 0 0 
1 0 0 
1 0 0 
1 0 0 
1 0 0 
1 0 0 
1 0 0 
1 0 0 
1 0 0 
1 0 0 
1 0 0 
1 0 0 
1 0 0 
1 0 0 
1 0 0 
1 0 0 
1 0 0 
1 0 0 
1 0 0 
1 0 0 
1 0 0 
1 0 0 
1 0 0 
1 0 0 
1 0 0 
1 0 0 
1 0 0 
1 0 0 
1 0 0 
1 0 0 
1 0 0 
1 0 0 
1 0 0 
1 0 0 
1 0 0 
1 0 0 
1 0 0 
1 0 0 
1 0 0 
1 0 0 
1 0 0 
1 0 0 
1 0 0 
1 0 0 
1 0 0 
1 0 0 
1 0 0 
1 0 0 
1 0 0 
1 0 0 
1 0 0 
1 0 0 
1 0 0 
1 0 0 
1 0 0 
1 0 0 
1 0 0 
1 0 0 
1 0 0 
1 0 0 
1 0 0 
1 0 0 
1 0 0 
1 0 0 
1 0 0 
1 0 0 
1 0 0 
1 0 0 
1 0 0 
1 0 0 
1 0 0 
1 0 0 
1 0 0 
1 0 0 
1 0 0 
1 0 0 
1 0 0 
1 0 0 
1 0 0 
1 0 0 
1 0 0 
1 0 0 
1 0 0 
1 0 0 
1 0 0 
1 0 0 
1 0 0 
1 0 0 
1 0 0 
1 0 0 
1 0 0 
1 0 0 
1 0 0 
1 0 0 
1 0 0 
1 0 0 
1 0 0 
1 0 0 
1 0 0 
1 0 0 
1 0 0 
1 0 0 
1 0 0 
1 0 0 
1 0 0 
1 0 0 
1 0 0 
1 0 0 
1 0 0 
1 0 0 
1 0 0 
1 0 0 
1 0 0 
1 0 0 
1 0 0 
1 0 0 
1 0 0 
1 0 0 
1 0 0 
1 0 0 
1 0 0 
1 0 0 
1 0 0 
1 0 0 
1 0 0 
1 0 0 
1 0 0 
1 0 0 
1 0 0 
1 0 0 
1 0 0 
1 0 0 
1 0 0 
1 0 0 
1 0 0 
1 0 0 
1 0 0 
1 0 0 
1 0 0 
1 0 0 
1 0 0 
1 0 0 
1 0 0 
1 0 0 
1 0 0 
1 0 0 
1 0 0 
1 0 0 
1 0 0 
1 0 0 
1 0 0 
1 0 0 
1 0 0 
1 0 0 
1 0 0 
1 0 0 
1 0 0 
1 0 0 
1 0 0 
1 0 0 
1 0 0 
1 0 0 
1 0 0 
1 0 0 
1 0 0 
1 0 0 
1 0 0 
1 0 0 
1 0 0 
1 0 0 
1 0 0 
1 0 0 
1 0 0 
1 0 0 
1 0 0 
1 0 0 
1 0 0 
1 0 0 
1 0 0 
1 0 0 
1 0 0 
1 0 0 
1 0 0 
1 0 0 
1 0 0 
1 0 0 
1 0 0 
1 0 0 
1 0 0 
1 0 0 
1 0 0 
1 0 0 
1 0 0 
1 0 0 
1 0 0 
1 0 0 
1 0 0 
1 0 0 
1 0 0 
1 0 0 
1 0 0 
1 0 0 
1 0 0 
1 0 0 
1 0 0 
1 0 0 
1 0 0 
1 0 0 
1 0 0 
1 0 0 
1 0 0 
1 0 0 
1 0 0 
1 0 0 
1 0 0 
1 0 0 
1 0 0 
1 0 0 
1 0 0 
1 0 0 
1 0 0 
1 0 0 
1 0 0 
1 0 0 
1 0 0 
1 0 0 
1 0 0 
1 0 0 
1 0 0 
1 0 0 
1 0 0 
1 0 0 
1 0 0 
1 0 0 
1 0 0 
1 0 0 
1 0 0 
1 0 0 
1 0 0 
1 0 0 
1 0 0 
1 0 0 
1 0 0 
1 0 0 
1 0 0 
1 0 0 
1 0 0 
1 0 0 
1 0 0 
1 0 0 
1 0 0 
1 0 0 
1 0 0 
1 0 0 
1 0 0 
1 0 0 
1 0 0 
1 0 0 
1 0 0 
1 0 0 
1 0 0 
1 0 0 
1 0 0 
1 0 0 
1 0 0 
1 0 0 
1 0 0 
1 0 0 
1 0 0 
1 0 0 
1 0 0 
1 0 0 
1 0 0 
1 0 0 
1 0 0 
1 0 0 
1 0 0 
1 0 0 
1 0 0 
1 0 0 
1 0 0 
1 0 0 
1 0 0 
1 0 0 
1 0 0 
1 0 0 
1 0 0 
1 0 0 
1 0 0 
1 0 0 
1 0 0 
1 0 0 
1 0 0 
1 0 0 
1 0 0 
1 0 0 
1 0 0 
1 0 0 
1 0 0 
1 0 0 
1 0 0 
1 0 0 
1 0 0 
1 0 0 
1 0 0 
1 0 0 
1 0 0 
1 0 0 
1 0 0 
1 0 0 
1 0 0 
1 0 0 
1 0 0 
1 0 0 
1 0 0 
1 0 0 
1 0 0 
1 0 0 
1 0 0 
1 0 0 
1 0 0 
1 0 0 
1 0 0 
1 0 0 
1 0 0 
1 0 0 
1 0 0 
1 0 0 
1 0 0 
1 0 0 
1 0 0 
1 0 0 
1 0 0 
1 0 0 
1 0 0 
1 0 0 
1 0 0 
1 0 0 
1 0 0 
1 0 0 
1 0 0 
1 0 0 
1 0 0 
1 0 0 
1 0 0 
1 0 0 
1 0 0 
1 0 0 
1 0 0 
1 0 0 
1 0 0 
1 0 0 
1 2.16522e-77 0 
1 6.66107e-82 0 
1 1.9423e-77 0 
1 3.66195e-74 0 
1 4.01628e-71 0 
1 2.83844e-68 0 
1 1.35715e-65 0 
1 4.47922e-63 0 
1 1.02074e-60 0 
1 1.57919e-58 0 
1 1.60461e-56 0 
1 1.02595e-54 0 
1 4.05432e-53 0 
1 1.06711e-51 0 
1 2.0445e-50 0 
1 2.8682e-49 0 
1 2.41425e-48 0 
1 5.36285e-48 0 
1 -6.05854e-48 0 
1 -5.08599e-47 0 
1 3.60643e-63 0 
1 1.70762e-60 0 
1 1.86816e-57 0 
1 1.30428e-54 0 
1 6.11633e-52 0 
1 1.96772e-49 0 
1 4.35027e-47 0 
1 6.52951e-45 0 
1 6.53986e-43 0 
1 4.375e-41 0 
1 2.04906e-39 0 
1 6.76222e-38 0 
1 1.60779e-36 0 
1 2.80232e-35 0 
1 3.58656e-34 0 
1 2.82444e-33 0 
1 5.59972e-33 0 
1 -2.07503e-32 0 
1 -2.83081e-31 0 
1 -9.51348e-31 0 
1 -1.26834e-53 1.52409e-53 
1 -5.69689e-50 0 
1 -1.09302e-46 0 
1 -1.19711e-43 0 
1 -8.36452e-41 0 
1 -3.92392e-38 0 
1 -1.26146e-35 0 
1 -2.77966e-33 0 
1 -4.13345e-31 0 
1 -4.0455e-29 0 
1 -2.57241e-27 0 
1 -1.11071e-25 0 
1 -3.41733e-24 0 
1 -7.77269e-23 0 
1 -1.33876e-21 0 
1 -1.76997e-20 0 
1 -1.80518e-19 0 
1 -1.42235e-18 0 
1 -8.59235e-18 0 
1 -4.03451e-17 0 
1 -1.26897e-16 0 
1 -2.50948e-16 -6.13719e-17 
1 0 0 
1 0 0 
1 0 0 
1 0 0 
1 -5.71799e-55 0 
1 -2.56845e-51 0 
1 -4.92829e-48 0 
1 -5.39819e-45 0 
1 -3.7724e-42 0 
1 -1.77004e-39 0 
1 -5.69189e-37 0 
1 -1.25473e-34 0 
1 -1.867e-32 0 
1 -1.82916e-30 0 
1 -1.16508e-28 0 
1 -5.04283e-27 0 
1 -1.55668e-25 0 
1 -3.55636e-24 0 
1 -6.16183e-23 0 
1 -8.21193e-22 0 
1 -8.46716e-21 0 
1 -6.75466e-20 0 
1 -4.14837e-19 -1.57864e-17 
1 -1.95835e-18 -1.85798e-17 
1 0 0 
1 0 0 
1 0 0 
1 0 0 
1 0 0 
1 0 0 
1 0 0 
1 0 0 
1 0 0 
1 7.26696e-56 0 
1 3.2622e-52 0 
1 6.25421e-49 0 
1 6.84302e-46 0 
1 4.77512e-43 0 
1 2.23608e-40 0 
1 7.17054e-38 0 
1 1.57422e-35 0 
1 2.32757e-33 0 
1 2.25696e-31 0 
1 1.41361e-29 0 
1 5.97441e-28 0 
1 1.78625e-26 0 
1 3.91165e-25 0 
1 6.4021e-24 0 
1 7.88518e-23 -3.06019e-18 
1 7.26916e-22 -5.25831e-18 
1 4.94427e-21 -1.3631e-18 
1 2.31053e-20 -9.17297e-20 
1 0 0 
1 0 0 
1 0 0 
1 0 0 
1 0 0 
1 0 0 
1 0 0 
1 0 0 
1 0 0 
1 0 0 
1 -1.21369e-54 0 
1 -5.45403e-51 0 
1 -1.0471e-47 0 
1 -1.1478e-44 0 
1 -8.02898e-42 0 
1 -3.77223e-39 0 
1 -1.21526e-36 0 
1 -2.68607e-34 0 
1 -4.01296e-32 0 
1 -3.95668e-30 0 
1 -2.54493e-28 0 
1 -1.11555e-26 0 
1 -3.49583e-25 0 
1 -8.12559e-24 0 
1 -1.43569e-22 0 
1 -1.95672e-21 -4.55735e-19 
1 -2.07371e-20 -1.1173e-18 
1 -1.714e-19 -2.78057e-19 
1 -1.11133e-18 -1.35203e-20 
1 -5.52795e-18 -1.16076e-18 
1 0 0 
1 0 0 
1 0 0 
1 0 0 
1 0 0 
1 0 0 
1 0 0 
1 0 0 
1 0 0 
1 0 0 
1 0 0 
1 0 0 
1 -1.26834e-53 0 
1 -5.69689e-50 0 
1 -1.09302e-46 0 
1 -1.19711e-43 0 
1 -8.36452e-41 0 
1 -3.92392e-38 0 
1 -1.26146e-35 0 
1 -2.77966e-33 0 
1 -4.13345e-31 0 
1 -4.0455e-29 0 
1 -2.57241e-27 0 
1 -1.11071e-25 0 
1 -3.41733e-24 0 
1 -7.77269e-23 0 
1 -1.33875e-21 0 
1 -1.77034e-20 -5.26025e-20 
1 -1.81012e-19 -1.82156e-19 
1 -1.43349e-18 -4.39122e-20 
1 -8.85101e-18 -1.57247e-21 
1 -4.13922e-17 -1.7853e-19 
1 -1.39749e-16 -2.35508e-17 
1 -2.1316e-16 -6.7097e-17 
1 0 0 
1 0 0 
1 0 0 
1 0 0 
1 0 0 
1 0 0 
1 0 0 
1 0 0 
1 0 0 
1 0 0 
1 0 0 
1 0 0 
1 0 0 
1 0 0 
1 0 0 
1 0 0 
1 -5.71799e-55 0 
1 -2.56845e-51 0 
1 -4.92829e-48 0 
1 -5.39819e-45 0 
1 -3.7724e-42 0 
1 -1.77004e-39 0 
1 -5.69189e-37 0 
1 -1.25473e-34 0 
1 -1.867e-32 0 
1 -1.82916e-30 0 
1 -1.16508e-28 0 
1 -5.04284e-27 0 
1 -1.55669e-25 -4.73366e-21 
1 -3.55641e-24 -2.28409e-20 
1 -6.16222e-23 -5.37335e-21 
1 -8.21617e-22 -1.43998e-22 
1 -8.49817e-21 -2.15562e-20 
1 -6.83934e-20 -5.15625e-18 
1 -4.27727e-19 -1.66731e-17 
1 -2.05308e-18 -2.02971e-17 
1 0 0 
1 0 0 
1 0 0 
1 0 0 
1 0 0 
1 0 0 
1 0 0 
1 0 0 
1 0 0 
1 0 0 
1 0 0 
1 0 0 
1 0 0 
1 0 0 
1 0 0 
1 0 0 
1 0 0 
1 0 0 
1 0 0 
1 0 0 
1 0 0 
1 0 0 
1 -2.91635e-56 0 
1 -1.31094e-52 0 
1 -2.51786e-49 0 
1 -2.76146e-46 0 
1 -1.93303e-43 0 
1 -9.09047e-41 0 
1 -2.93242e-38 0 
1 -6.49375e-36 0 
1 -9.72931e-34 -3.32079e-22 
1 -9.63578e-32 -2.21488e-21 
1 -6.24028e-30 -5.11211e-22 
1 -2.75989e-28 -1.03315e-23 
1 -8.74489e-27 -2.03102e-21 
1 -2.06055e-25 -8.52682e-19 
1 -3.70362e-24 -3.15925e-18 
1 -5.15979e-23 -5.51241e-18 
1 -5.62712e-22 -1.42536e-18 
1 -4.82917e-21 -7.46259e-20 
1 0 0 
1 0 0 
1 0 0 
1 0 0 
1 0 0 
1 0 0 
1 0 0 
1 0 0 
1 0 0 
1 0 0 
1 0 0 
1 0 0 
1 0 0 
1 0 0 
1 0 0 
1 0 0 
1 0 0 
1 0 0 
1 0 0 
1 0 0 
1 0 0 
1 0 0 
1 0 0 
1 0 0 
1 0 0 
1 -3.83219e-57 0 
1 -1.72286e-53 0 
1 -3.30963e-50 0 
1 -3.63071e-47 0 
1 -2.54232e-44 0 
1 -1.19609e-41 0 
1 -3.86072e-39 -1.80423e-23 
1 -8.55697e-37 -1.66129e-22 
1 -1.28379e-34 -3.77678e-23 
1 -1.27418e-32 -5.75424e-25 
1 -8.27977e-31 -1.48859e-22 
1 -3.67885e-29 -1.08523e-19 
1 -1.17254e-27 -4.62564e-19 
1 -2.78313e-26 -1.1519e-18 
1 -5.04805e-25 -2.86013e-19 
1 -7.11348e-24 -1.14823e-20 
1 -7.87069e-23 -1.36829e-21 
1 0 0 
1 0 0 
1 0 0 
1 0 0 
1 0 0 
1 0 0 
1 0 0 
1 0 0 
1 0 0 
1 0 0 
1 0 0 
1 0 0 
1 0 0 
1 0 0 
1 0 0 
1 0 0 
1 0 0 
1 0 0 
1 0 0 
1 0 0 
1 0 0 
1 0 0 
1 0 0 
1 0 0 
1 0 0 
1 0 0 
1 0 0 
1 0 0 
1 0 0 
1 0 0 
1 0 0 
1 -1.4036e-58 0 
1 -6.31498e-55 0 
1 -1.21433e-51 -7.48125e-25 
1 -1.3339e-48 -9.58362e-24 
1 -9.35662e-46 -2.15211e-24 
1 -4.41239e-43 -2.44728e-26 
1 -1.42888e-40 -8.41794e-24 
1 -3.18202e-38 -1.06792e-20 
1 -4.80829e-36 -5.294e-20 
1 -4.8264e-34 -1.84425e-19 
1 -3.19116e-32 -4.4421e-20 
1 -1.45071e-30 -1.38371e-21 
1 -4.75488e-29 -1.55691e-22 
1 -1.16662e-27 -3.67095e-23 
1 -2.20004e-26 -8.26036e-25 
1 0 0 
1 0 0 
1 0 0 
1 0 0 
1 0 0 
1 0 0 
1 0 0 
1 0 0 
1 0 0 
1 0 0 
1 0 0 
1 0 0 
1 0 0 
1 0 0 
1 0 0 
1 0 0 
1 0 0 
1 0 0 
1 0 0 
1 0 0 
1 0 0 
1 0 0 
1 0 0 
1 0 0 
1 0 0 
1 0 0 
1 0 0 
1 0 0 
1 0 0 
1 0 0 
1 0 0 
1 0 0 
1 0 0 
1 0 0 
1 -1.84438e-59 -2.31017e-26 
1 -8.29926e-56 -4.19274e-25 
1 -1.59619e-52 -9.31943e-26 
1 -1.75378e-49 -7.74435e-28 
1 -1.23058e-46 -3.61927e-25 
1 -5.80565e-44 -8.11728e-22 
1 -1.8812e-41 -4.7473e-21 
1 -4.19295e-39 -2.29236e-20 
1 -6.34432e-37 -5.3916e-21 
1 -6.38162e-35 -1.30528e-22 
1 -4.23327e-33 -1.40064e-23 
1 -1.93299e-31 -3.24039e-24 
1 -6.37111e-30 -5.72359e-26 
1 -1.57394e-28 -5.86612e-27 
1 0 0 
1 0 0 
1 0 0 
1 0 0 
1 0 0 
1 0 0 
1 0 0 
1 0 0 
1 0 0 
1 0 0 
1 0 0 
1 0 0 
1 0 0 
1 0 0 
1 0 0 
1 0 0 
1 0 0 
1 0 0 
1 0 0 
1 0 0 
1 0 0 
1 0 0 
1 0 0 
1 0 0 
1 0 0 
1 0 0 
1 0 0 
1 0 0 
1 0 0 
1 0 0 
1 0 0 
1 0 0 
1 0 0 
1 0 0 
1 0 0 
1 0 0 
1 0 -5.12372e-28 
1 0 -1.35753e-26 
1 0 -2.99141e-27 
1 0 -1.75592e-29 
1 -6.75529e-61 -1.15436e-26 
1 -3.04201e-57 -4.73335e-23 
1 -5.85657e-54 -3.32619e-22 
1 -6.44325e-51 -2.21599e-21 
1 -4.52891e-48 -5.11463e-22 
1 -2.14166e-45 -9.59633e-24 
1 -6.96215e-43 -9.89966e-25 
1 -1.55907e-40 -2.25438e-25 
1 -2.37576e-38 -3.09301e-27 
1 -2.4162e-36 -3.07448e-28 
1 -1.62991e-34 -6.89765e-29 
1 -7.60781e-33 -6.95072e-31 
1 0 0 
1 0 0 
1 0 0 
1 0 0 
1 0 0 
1 0 0 
1 0 0 
1 0 0 
1 0 0 
1 0 0 
1 0 0 
1 0 0 
1 0 0 
1 0 0 
1 0 0 
1 0 0 
1 0 0 
1 0 0 
1 0 0 
1 0 0 
1 0 0 
1 0 0 
1 0 0 
1 0 0 
1 0 0 
1 0 0 
1 0 0 
1 0 0 
1 0 0 
1 0 0 
1 0 0 
1 0 0 
1 0 0 
1 0 0 
1 0 0 
1 0 0 
1 0 0 
1 0 -7.79107e-30 
1 0 -3.13493e-28 
1 0 -6.8577e-29 
1 0 -2.718e-31 
1 0 -2.63247e-28 
1 0 -2.08876e-24 
1 -8.8767e-62 -1.80596e-23 
1 -3.99786e-58 -1.66139e-22 
1 -7.69821e-55 -3.77702e-23 
1 -8.47143e-52 -5.44841e-25 
1 -5.95639e-49 -5.43897e-26 
1 -2.81791e-46 -1.22231e-26 
1 -9.16598e-44 -1.28131e-28 
1 -2.05436e-41 -1.24097e-29 
1 -3.1346e-39 -2.75508e-30 
1 -3.19451e-37 -2.08067e-32 
1 -2.16177e-35 -1.96858e-33 
1 0 0 
1 0 0 
1 0 0 
1 0 0 
1 0 0 
1 0 0 
1 0 0 
1 0 0 
1 0 0 
1 0 0 
1 0 0 
1 0 0 
1 0 0 
1 0 0 
1 0 0 
1 0 0 
1 0 0 
1 0 0 
1 0 0 
1 0 0 
1 0 0 
1 0 0 
1 0 0 
1 0 0 
1 0 0 
1 0 0 
1 0 0 
1 0 0 
1 0 0 
1 0 0 
1 0 0 
1 0 0 
1 0 0 
1 0 0 
1 0 0 
1 0 0 
1 0 0 
1 0 0 
1 0 0 
1 0 -7.78675e-32 
1 0 -4.91991e-30 
1 0 -1.07e-30 
1 0 -2.74903e-33 
1 0 -4.09164e-30 
1 0 -6.8102e-26 
1 0 -7.48524e-25 
1 0 -9.58372e-24 
1 0 -2.15214e-24 
1 0 -2.35246e-26 
1 -3.25122e-63 -2.28457e-27 
1 -1.46537e-59 -5.07745e-28 
1 -2.82454e-56 -3.96377e-30 
1 -3.11232e-53 -3.75585e-31 
1 -2.19212e-50 -8.26499e-32 
1 -1.03948e-47 -4.50681e-34 
1 -3.39212e-45 -4.19142e-35 
1 -7.63812e-43 -9.15419e-36 
1 -1.1736e-40 -3.37191e-38 
1 0 0 
1 0 0 
1 0 0 
1 0 0 
1 0 0 
1 0 0 
1 0 0 
1 0 0 
1 0 0 
1 0 0 
1 0 0 
1 0 0 
1 0 0 
1 0 0 
1 0 0 
1 0 0 
1 0 0 
1 0 0 
1 0 0 
1 0 0 
1 0 0 
1 0 0 
1 0 0 
1 0 0 
1 0 0 
1 0 0 
1 0 0 
1 0 0 
1 0 0 
1 0 0 
1 0 0 
1 0 0 
1 0 0 
1 0 0 
1 0 0 
1 0 0 
1 0 0 
1 0 0 
1 0 0 
1 0 0 
1 0 -5.16308e-34 
1 0 -5.02039e-32 
1 0 -1.08766e-32 
1 0 -1.83686e-35 
1 0 -4.14913e-32 
1 0 -1.5813e-27 
1 0 -2.31079e-26 
1 0 -4.19275e-25 
1 0 -9.31947e-26 
1 0 -7.53313e-28 
1 0 -7.1494e-29 
1 0 -1.57428e-29 
1 -4.27222e-64 -8.81928e-32 
1 -1.92582e-60 -8.20858e-33 
1 -3.71273e-57 -1.79334e-33 
1 -4.092e-54 -6.73743e-36 
1 -2.88305e-51 -6.1844e-37 
1 -1.3677e-48 -1.34355e-37 
1 -4.46584e-46 -3.29104e-40 
1 -1.00645e-43 -2.99455e-41 
1 0 0 
1 0 0 
1 0 0 
1 0 0 
1 0 0 
1 0 0 
1 0 0 
1 0 0 
1 0 0 
1 0 0 
1 0 0 
1 0 0 
1 0 0 
1 0 0 
1 0 0 
1 0 0 
1 0 0 
1 0 0 
1 0 0 
1 0 0 
1 0 0 
1 0 0 
1 0 0 
1 0 0 
1 0 0 
1 0 0 
1 0 0 
1 0 0 
1 0 0 
1 0 0 
1 0 0 
1 0 0 
1 0 0 
1 0 0 
1 0 0 
1 0 0 
1 0 0 
1 0 0 
1 0 0 
1 0 0 
1 0 0 
1 0 0 
1 0 -2.32133e-36 
1 0 -3.37342e-34 
1 0 -7.29033e-35 
1 0 -8.3011e-38 
1 0 -2.77692e-34 
1 0 -2.49166e-29 
1 0 -5.12436e-28 
1 0 -1.35753e-26 
1 0 -2.99142e-27 
1 0 -1.72368e-29 
1 0 -1.60565e-30 
1 0 -3.50908e-31 
1 0 -1.34552e-33 
1 0 -1.2355e-34 
1 0 -2.68446e-35 
1 0 -6.66156e-38 
1 -1.56476e-65 -6.0623e-39 
1 -7.05887e-62 -1.31241e-39 
1 -1.36223e-58 -2.14947e-42 
1 -1.50336e-55 -1.94518e-43 
1 -1.06103e-52 -4.20147e-44 
1 -5.04516e-50 -4.66181e-47 
1 0 0 
1 0 0 
1 0 0 
1 0 0 
1 0 0 
1 0 0 
1 0 0 
1 0 0 
1 0 0 
1 0 0 
1 0 0 
1 0 0 
1 0 0 
1 0 0 
1 0 0 
1 0 0 
1 0 0 
1 0 0 
1 0 0 
1 0 0 
1 0 0 
1 0 0 
1 0 0 
1 0 0 
1 0 0 
1 0 0 
1 0 0 
1 0 0 
1 0 0 
1 0 0 
1 0 0 
1 0 0 
1 0 0 
1 0 0 
1 0 0 
1 0 0 
1 0 0 
1 0 0 
1 0 0 
1 0 0 
1 0 0 
1 0 0 
1 0 0 
1 0 -7.17421e-39 
1 0 -1.53013e-36 
1 0 -3.30133e-37 
1 0 -2.57469e-40 
1 0 -1.25627e-36 
1 0 -2.549e-31 
1 0 -7.7915e-30 
1 0 -3.13493e-28 
1 0 -6.8577e-29 
1 0 -2.68567e-31 
1 0 -2.46694e-32 
1 0 -5.36089e-33 
1 0 -1.3481e-35 
1 0 -1.22701e-36 
1 0 -2.65649e-37 
1 0 -4.38726e-40 
1 0 -3.97054e-41 
1 0 -8.57634e-42 
1 -2.05615e-66 -9.56838e-45 
1 -9.27688e-63 -8.6275e-46 
1 -1.79059e-59 -1.86072e-46 
1 -1.97657e-56 -1.42547e-49 
1 -1.39546e-53 -1.28203e-50 
1 0 0 
1 0 0 
1 0 0 
1 0 0 
1 0 0 
1 0 0 
1 0 0 
1 0 0 
1 0 0 
1 0 0 
1 0 0 
1 0 0 
1 0 0 
1 0 0 
1 0 0 
1 0 0 
1 0 0 
1 0 0 
1 0 0 
1 0 0 
1 0 0 
1 0 0 
1 0 0 
1 0 0 
1 0 0 
1 0 0 
1 0 0 
1 0 0 
1 0 0 
1 0 0 
1 0 0 
1 0 0 
1 0 0 
1 0 0 
1 0 0 
1 0 0 
1 0 0 
1 0 0 
1 0 0 
1 0 0 
1 0 0 
1 0 0 
1 0 0 
1 0 0 
1 0 0 
1 0 -1.5222e-41 
1 0 -4.75796e-39 
1 0 -1.02537e-39 
1 0 -5.47701e-43 
1 0 -3.89935e-39 
1 0 -1.7155e-33 
1 0 -7.78695e-32 
1 0 -4.91991e-30 
1 0 -1.07e-30 
1 0 -2.72755e-33 
1 0 -2.48292e-34 
1 0 -5.37587e-35 
1 0 -8.95387e-38 
1 0 -8.10393e-39 
1 0 -1.75049e-39 
1 0 -1.96382e-42 
1 0 -1.77077e-43 
1 0 -3.81912e-44 
1 0 -2.93695e-47 
1 0 -2.64146e-48 
1 0 -5.69102e-49 
1 0 -3.00139e-52 
1 -7.53095e-68 -2.69447e-53 
1 -3.40034e-64 -5.80087e-54 
1 -6.56979e-61 -2.05595e-57 
1 0 0 
1 0 0 
1 0 0 
1 0 0 
1 0 0 
1 0 0 
1 0 0 
1 0 0 
1 0 0 
1 0 0 
1 0 0 
1 0 0 
1 0 0 
1 0 0 
1 0 0 
1 0 0 
1 0 0 
1 0 0 
1 0 0 
1 0 0 
1 0 0 
1 0 0 
1 0 0 
1 0 0 
1 0 0 
1 0 0 
1 0 0 
1 0 0 
1 0 0 
1 0 0 
1 0 0 
1 0 0 
1 0 0 
1 0 0 
1 0 0 
1 0 0 
1 0 0 
1 0 0 
1 0 0 
1 0 0 
1 0 0 
1 0 0 
1 0 0 
1 0 0 
1 0 0 
1 0 0 
1 0 -2.17101e-44 
1 0 -1.01399e-41 
1 0 -2.1834e-42 
1 0 -7.82651e-46 
1 0 -8.29926e-42 
1 0 -7.78927e-36 
1 0 -5.16314e-34 
1 0 -5.02039e-32 
1 0 -1.08766e-32 
1 0 -1.8272e-35 
1 0 -1.65386e-36 
1 0 -3.57253e-37 
1 0 -4.03038e-40 
1 0 -3.63429e-41 
1 0 -7.83837e-42 
1 0 -6.05097e-45 
1 0 -5.44226e-46 
1 0 -1.17254e-46 
1 0 -6.20091e-50 
1 0 -5.56685e-51 
1 0 -1.19848e-51 
1 0 -4.25634e-55 
1 0 -3.81592e-56 
1 0 -8.21067e-57 
1 -9.89595e-69 -1.8613e-60 
1 -4.46878e-65 -1.66698e-61 
1 0 0 
1 0 0 
1 0 0 
1 0 0 
1 0 0 
1 0 0 
1 0 0 
1 0 0 
1 0 0 
1 0 0 
1 0 0 
1 0 0 
1 0 0 
1 0 0 
1 0 0 
1 0 0 
1 0 0 
1 0 0 
1 0 0 
1 0 0 
1 0 0 
1 0 0 
1 0 0 
1 0 0 
1 0 0 
1 0 0 
1 0 0 
1 0 0 
1 0 0 
1 0 0 
1 0 0 
1 0 0 
1 0 0 
1 0 0 
1 0 0 
1 0 0 
1 0 0 
1 0 0 
1 0 0 
1 0 0 
1 0 0 
1 0 0 
1 0 0 
1 0 0 
1 0 0 
1 0 0 
1 0 0 
1 0 0 
1 0 -1.97704e-47 
1 0 -1.45093e-44 
1 0 -3.12231e-45 
1 0 -7.13767e-49 
1 0 -1.18641e-44 
1 0 -2.42379e-38 
1 0 -2.32134e-36 
1 0 -3.37342e-34 
1 0 -7.29033e-35 
1 0 -8.27119e-38 
1 0 -7.45857e-39 
1 0 -1.60867e-39 
1 0 -1.24665e-42 
1 0 -1.12126e-43 
1 0 -2.41577e-44 
1 0 -1.2811e-47 
1 0 -1.15012e-48 
1 0 -2.47608e-49 
1 0 -8.81168e-53 
1 0 -7.89993e-54 
1 0 -1.69982e-54 
1 0 -3.85935e-58 
1 0 -3.45645e-59 
1 0 -7.43406e-60 
1 0 -9.63848e-64 
1 0 -8.62546e-65 
1 0 -1.85455e-65 
1 0 -1.02779e-69 
1 0 0 
1 0 0 
1 0 0 
1 0 0 
1 0 0 
1 0 0 
1 0 0 
1 0 0 
1 0 0 
1 0 0 
1 0 0 
1 0 0 
1 0 0 
1 0 0 
1 0 0 
1 0 0 
1 0 0 
1 0 0 
1 0 0 
1 0 0 
1 0 0 
1 0 0 
1 0 0 
1 0 0 
1 0 0 
1 0 0 
1 0 0 
1 0 0 
1 0 0 
1 0 0 
1 0 0 
1 0 0 
1 0 0 
1 0 0 
1 0 0 
1 0 0 
1 0 0 
1 0 0 
1 0 0 
1 0 0 
1 0 0 
1 0 0 
1 0 0 
1 0 0 
1 0 0 
1 0 0 
1 0 0 
1 0 0 
1 0 0 
1 0 -1.02838e-50 
1 0 -1.32458e-47 
1 0 -2.84908e-48 
1 0 -3.7169e-52 
1 0 -1.08231e-47 
1 0 -5.16805e-41 
1 0 -7.17423e-39 
1 0 -1.53013e-36 
1 0 -3.30133e-37 
1 0 -2.56834e-40 
1 0 -2.31004e-41 
1 0 -4.97707e-42 
1 0 -2.64671e-45 
1 0 -2.37612e-46 
1 0 -5.11555e-47 
1 0 -1.82422e-50 
1 0 -1.63548e-51 
1 0 -3.51904e-52 
1 0 -8.00223e-56 
1 0 -7.16684e-57 
1 0 -1.54143e-57 
1 0 -2.00088e-61 
1 0 -1.79059e-62 
1 0 -3.84992e-63 
1 0 -2.13551e-67 
1 0 -1.90994e-68 
1 0 -4.10555e-69 
1 0 0 
1 0 0 
1 0 0 
1 0 0 
1 0 0 
1 0 0 
1 0 0 
1 0 0 
1 0 0 
1 0 0 
1 0 0 
1 0 0 
1 0 0 
1 0 0 
1 0 0 
1 0 0 
1 0 0 
1 0 0 
1 0 0 
1 0 0 
1 0 0 
1 0 0 
1 0 0 
1 0 0 
1 0 0 
1 0 0 
1 0 0 
1 0 0 
1 0 0 
1 0 0 
1 0 0 
1 0 0 
1 0 0 
1 0 0 
1 0 0 
1 0 0 
1 0 0 
1 0 0 
1 0 0 
1 0 0 
1 0 0 
1 0 0 
1 0 0 
1 0 0 
1 0 0 
1 0 0 
1 0 0 
1 0 0 
1 0 0 
1 0 0 
1 0 0 
1 0 0 
1 0 -2.28614e-54 
1 0 -6.90309e-51 
1 0 -1.48427e-51 
1 0 -8.26974e-56 
1 0 -5.63731e-51 
1 0 -7.39777e-44 
1 0 -1.52221e-41 
1 0 -4.75796e-39 
1 0 -1.02537e-39 
1 0 -5.46795e-43 
1 0 -4.90896e-44 
1 0 -1.05685e-44 
1 0 -3.77655e-48 
1 0 -3.38581e-49 
1 0 -7.28524e-50 
1 0 -1.65923e-53 
1 0 -1.48602e-54 
1 0 -3.1961e-55 
1 0 -4.15369e-59 
1 0 -3.71713e-60 
1 0 -7.99216e-61 
1 0 -4.43711e-65 
1 0 -3.96843e-66 
1 0 -8.5304e-67 
1 0 0 
1 0 0 
1 0 0 
1 0 0 
1 0 0 
1 0 0 
1 0 0 
1 0 0 
1 0 0 
1 0 0 
1 0 0 
1 0 0 
1 0 0 
1 0 0 
1 0 0 
1 0 0 
1 0 0 
1 0 0 
1 0 0 
1 0 0 
1 0 0 
1 0 0 
1 0 0 
1 0 0 
1 0 0 
1 0 0 
1 0 0 
1 0 0 
1 0 0 
1 0 0 
1 0 0 
1 0 0 
1 0 0 
1 0 0 
1 0 0 
1 0 0 
1 0 0 
1 0 0 
1 0 0 
1 0 0 
1 0 0 
1 0 0 
1 0 0 
1 0 0 
1 0 0 
1 0 0 
1 0 0 
1 0 0 
1 0 0 
1 0 0 
1 0 0 
1 0 0 
1 0 0 
1 0 0 
1 0 0 
1 0 0 
1 0 0 
1 0 -1.53677e-54 
1 0 -3.30338e-55 
1 0 0 
1 0 -1.25446e-54 
1 0 -6.75549e-47 
1 0 -2.17101e-44 
1 0 -1.01399e-41 
1 0 -2.1834e-42 
1 0 -7.81826e-46 
1 0 -7.00938e-47 
1 0 -1.50821e-47 
1 0 -3.44034e-51 
1 0 -3.0812e-52 
1 0 -6.62699e-53 
1 0 -8.62276e-57 
1 0 -7.7165e-58 
1 0 -1.65912e-58 
1 0 -9.2193e-63 
1 0 -8.24549e-64 
1 0 -1.77242e-64 
1 0 0 
1 0 0 
1 0 0 
1 0 0 
1 0 0 
1 0 0 
1 0 0 
1 0 0 
1 0 0 
1 0 0 
1 0 0 
1 0 0 
1 0 0 
1 0 0 
1 0 0 
1 0 0 
1 0 0 
1 0 0 
1 0 0 
1 0 0 
1 0 0 
1 0 0 
1 0 0 
1 0 0 
1 0 0 
1 0 0 
1 0 0 
1 0 0 
1 0 0 
1 0 0 
1 0 0 
1 0 0 
1 0 0 
1 0 0 
1 0 0 
1 0 0 
1 0 0 
1 0 0 
1 0 0 
1 0 0 
1 0 0 
1 0 0 
1 0 0 
1 0 0 
1 0 0 
1 0 0 
1 0 0 
1 0 0 
1 0 0 
1 0 0 
1 0 0 
1 0 0 
1 0 0 
1 0 0 
1 0 0 
1 0 0 
1 0 0 
1 0 0 
1 0 0 
1 0 0 
1 0 0 
1 0 0 
1 0 0 
1 0 0 
1 0 -3.52139e-50 
1 0 -1.97704e-47 
1 0 -1.45093e-44 
1 0 -3.12231e-45 
1 0 -7.13338e-49 
1 0 -6.38872e-50 
1 0 -1.37408e-50 
1 0 -1.79002e-54 
1 0 -1.60189e-55 
1 0 -3.4442e-56 
1 0 -1.91556e-60 
1 0 -1.71322e-61 
1 0 -3.68269e-62 
1 0 0 
1 0 0 
1 0 0 
1 0 0 
1 0 0 
1 0 0 
1 0 0 
1 0 0 
1 0 0 
1 0 0 
1 0 0 
1 0 0 
1 0 0 
1 0 0 
1 0 0 
1 0 0 
1 0 0 
1 0 0 
1 0 0 
1 0 0 
1 0 0 
1 0 0 
1 0 0 
1 0 0 
1 0 0 
1 0 0 
1 0 0 
1 0 0 
1 0 0 
1 0 0 
1 0 0 
1 0 0 
1 0 0 
1 0 0 
1 0 0 
1 0 0 
1 0 0 
1 0 0 
1 0 0 
1 0 0 
1 0 0 
1 0 0 
1 0 0 
1 0 0 
1 0 0 
1 0 0 
1 0 0 
1 0 0 
1 0 0 
1 0 0 
1 0 0 
1 0 0 
1 0 0 
1 0 0 
1 0 0 
1 0 0 
1 0 0 
1 0 0 
1 0 0 
1 0 0 
1 0 0 
1 0 0 
1 0 0 
1 0 0 
1 0 0 
1 0 0 
1 0 0 
1 0 -7.84059e-54 
1 0 -1.02838e-50 
1 0 -1.32458e-47 
1 0 -2.84908e-48 
1 0 -3.71595e-52 
1 0 -3.3254e-53 
1 0 -7.14991e-54 
1 0 -3.9801e-58 
1 0 -3.55969e-59 
1 0 -7.65179e-60 
1 0 0 
1 0 0 
1 0 0 
1 0 0 
1 0 0 
1 0 0 
1 0 0 
1 0 0 
1 0 0 
1 0 0 
1 0 0 
1 0 0 
1 0 0 
1 0 0 
1 0 0 
1 0 0 
1 0 0 
1 0 0 
1 0 0 
1 0 0 
1 0 0 
1 0 0 
1 0 0 
1 0 0 
1 0 0 
1 0 0 
1 0 0 
1 0 0 
1 0 0 
1 0 0 
1 0 0 
1 0 0 
1 0 0 
1 0 0 
1 0 0 
1 0 0 
1 0 0 
1 0 0 
1 0 0 
1 0 0 
1 0 0 
1 0 0 
1 0 0 
1 0 0 
1 0 0 
1 0 0 
1 0 0 
1 0 0 
1 0 0 
1 0 0 
1 0 0 
1 0 0 
1 0 0 
1 0 0 
1 0 0 
1 0 0 
1 0 0 
1 0 0 
1 0 0 
1 0 0 
1 0 0 
1 0 0 
1 0 0 
1 0 0 
1 0 0 
1 0 0 
1 0 0 
1 0 0 
1 0 0 
1 0 0 
1 0 0 
1 0 -2.28614e-54 
1 0 -6.90309e-51 
1 0 -1.48427e-51 
1 0 -8.26974e-56 
1 0 -7.39623e-57 
1 0 -1.58987e-57 
1 0 0 
1 0 0 
1 0 0 
1 0 0 
1 0 0 
1 0 0 
1 0 0 
1 0 0 
1 0 0 
1 0 0 
1 0 0 
1 0 0 
1 0 0 
1 0 0 
1 0 0 
1 0 0 
1 0 0 
1 0 0 
1 0 0 
1 0 0 
1 0 0 
1 0 0 
1 0 0 
1 0 0 
1 0 0 
1 0 0 
1 0 0 
1 0 0 
1 0 0 
1 0 0 
1 0 0 
1 0 0 
1 0 0 
1 0 0 
1 0 0 
1 0 0 
1 0 0 
1 0 0 
1 0 0 
1 0 0 
1 0 0 
1 0 0 
1 0 0 
1 0 0 
1 0 0 
1 0 0 
1 0 0 
1 0 0 
1 0 0 
1 0 0 
1 0 0 
1 0 0 
1 0 0 
1 0 0 
1 0 0 
1 0 0 
1 0 0 
1 0 0 
1 0 0 
1 0 0 
1 0 0 
1 0 0 
1 0 0 
1 0 0 
1 0 0 
1 0 0 
1 0 0 
1 0 0 
1 0 0 
1 0 0 
1 0 0 
1 0 0 
1 0 0 
1 0 0 
1 0 0 
1 0 -1.53677e-54 
1 0 -3.30338e-55 
1 0 0 
1 0 0 
1 0 0 
1 0 0 
1 0 0 
1 0 0 
1 0 0 
1 0 0 
1 0 0 
1 0 0 
1 0 0 
1 0 0 
1 0 0 
1 0 0 
1 0 0 
1 0 0 
1 0 0 
1 0 0 
1 0 0 
1 0 0 
1 0 0 
1 0 0 
1 0 0 
1 0 0 
1 0 0 
1 0 0 
1 0 0 
1 0 0 
1 0 0 
1 0 0 
1 0 0 
1 0 0 
1 0 0 
1 0 0 
1 0 0 
1 0 0 
1 0 0 
1 0 0 
1 0 0 
1 0 0 
1 0 0 
1 0 0 
1 0 0 
1 0 0 
1 0 0 
1 0 0 
1 0 0 
1 0 0 
1 0 0 
1 0 0 
1 0 0 
1 0 0 
1 0 0 
1 0 0 
1 0 0 
1 0 0 
1 0 0 
1 0 0 
1 0 0 
1 0 0 
1 0 0 
1 0 0 
1 0 0 
1 0 0 
1 0 0 
1 0 0 
1 0 0 
1 0 0 
1 0 0 
1 0 0 
1 0 0 
1 0 0 
1 0 0 
1 0 0 
1 0 0 
1 0 0 
1 0 0 
1 0 0 
1 0 0 
1 0 0 
1 0 0 
1 0 0 
1 0 0 
1 0 0 
1 0 0 
1 0 0 
1 0 0 
1 0 0 
1 0 0 
1 0 0 
1 0 0 
1 0 0 
1 0 0 
1 0 0 
1 0 0 
1 0 0 
1 0 0 
1 0 0 
1 0 0 
1 0 0 
1 0 0 
1 0 0 
1 0 0 
1 0 0 
1 0 0 
1 0 0 
1 0 0 
1 0 0 
1 0 0 
1 0 0 
1 0 0 
1 0 0 
1 0 0 
1 0 0 
1 0 0 
1 0 0 
1 0 0 
1 0 0 
1 0 0 
1 0 0 
1 0 0 
1 0 0 
1 0 0 
1 0 0 
1 0 0 
1 0 0 
1 0 0 
1 0 0 
1 0 0 
1 0 0 
1 0 0 
1 0 0 
1 0 0 
1 0 0 
1 0 0 
1 0 0 
1 0 0 
1 0 0 
1 0 0 
1 0 0 
1 0 0 
1 0 0 
1 0 0 
1 0 0 
1 0 0 
1 0 0 
1 0 0 
1 0 0 
1 0 0 
1 0 0 
1 0 0 
1 0 0 
1 0 0 
1 0 0 
1 0 0 
1 0 0 
1 0 0 
1 0 0 
1 0 0 
1 0 0 
1 0 0 
1 0 0 
1 0 0 
1 0 0 
1 0 0 
1 0 0 
1 0 0 
1 0 0 
1 0 0 
1 0 0 
1 0 0 
1 0 0 
1 0 0 
1 0 0 
1 0 0 
1 0 0 
1 0 0 
1 0 0 
1 0 0 
1 0 0 
1 0 0 
1 0 0 
1 0 0 
1 0 0 
1 0 0 
1 0 0 
1 0 0 
1 0 0 
1 0 0 
1 0 0 
1 0 0 
1 0 0 
1 0 0 
1 0 0 
1 0 0 
1 0 0 
1 0 0 
1 0 0 
1 0 0 
1 0 0 
1 0 0 
1 0 0 
1 0 0 
1 0 0 
1 0 0 
1 0 0 
1 0 0 
1 0 0 
1 0 0 
1 0 0 
1 0 0 
1 0 0 
1 0 0 
1 0 0 
1 0 0 
1 0 0 
1 0 0 
1 0 0 
1 0 0 
1 0 0 
1 0 0 
1 0 0 
1 0 0 
1 0 0 
1 0 0 
1 0 0 
1 0 0 
1 0 0 
1 0 0 
1 0 0 
1 0 0 
1 0 0 
1 0 0 
1 0 0 
1 0 0 
1 0 0 
1 0 0 
1 0 0 
1 0 0 
1 0 0 
1 0 0 
1 0 0 
1 0 0 
1 0 0 
1 0 0 
1 0 0 
1 0 0 
1 0 0 
1 0 0 
1 0 0 
1 0 0 
1 0 0 
1 0 0 
1 0 0 
1 0 0 
1 0 0 
1 0 0 
1 0 0 
1 0 0 
1 0 0 
1 0 0 
1 0 0 
1 0 0 
1 0 0 
1 0 0 
1 0 0 
1 0 0 
1 0 0 
1 0 0 
1 0 0 
1 0 0 
1 0 0 
1 0 0 
1 0 0 
1 0 0 
1 0 0 
1 0 0 
1 0 0 
1 0 0 
1 0 0 
1 0 0 
1 0 0 
1 0 0 
1 0 0 
1 0 0 
1 0 0 
1 0 0 
1 0 0 
1 0 0 
1 0 0 
1 0 0 
1 0 0 
1 0 0 
1 0 0 
1 0 0 
1 0 0 
1 0 0 
1 0 0 
1 0 0 
1 0 0 
1 0 0 
1 0 0 
1 0 0 
1 0 0 
1 0 0 
1 0 0 
1 0 0 
1 0 0 
1 0 0 
1 0 0 
1 0 0 
1 0 0 
1 0 0 
1 0 0 
1 0 0 
1 0 0 
1 0 0 
1 0 0 
1 0 0 
1 0 0 
1 0 0 
1 0 0 
1 0 0 
1 0 0 
1 0 0 
1 0 0 
1 0 0 
1 0 0 
1 0 0 
1 0 0 
1 0 0 
1 0 0 
1 0 0 
1 0 0 
1 0 0 
1 0 0 
1 0 0 
1 0 0 
1 0 0 
1 0 0 
1 0 0 
1 0 0 
1 0 0 
1 0 0 
1 0 0 
1 0 0 
1 0 0 
1 0 0 
1 0 0 
1 0 0 
1 0 0 
1 0 0 
1 0 0 
1 0 0 
1 0 0 
1 0 0 
1 0 0 
1 0 0 
1 0 0 
1 0 0 
1 0 0 
1 0 0 
1 0 0 
1 0 0 
1 0 0 
1 0 0 
1 0 0 
1 0 0 
1 0 0 
1 0 0 
1 0 0 
1 0 0 
1 0 0 
1 0 0 
1 0 0 
1 0 0 
1 0 0 
1 0 0 
1 0 0 
1 0 0 
1 0 0 
1 0 0 
1 0 0 
1 0 0 
1 0 0 
1 0 0 
1 0 0 
1 0 0 
1 0 0 
1 0 0 
1 0 0 
1 0 0 
1 0 0 
1 0 0 
1 0 0 
1 0 0 
1 0 0 
1 0 0 
1 0 0 
1 0 0 
1 0 0 
1 0 0 
1 0 0 
1 0 0 
1 0 0 
1 0 0 
1 0 0 
1 0 0 
1 0 0 
1 0 0 
1 0 0 
1 0 0 
1 0 0 
1 0 0 
1 0 0 
1 0 0 
1 0 0 
1 0 0 
1 0 0 
1 0 0 
1 0 0 
1 0 0 
1 0 0 
1 0 0 
1 0 0 
1 0 0 
1 0 0 
1 0 0 
1 0 0 
1 0 0 
1 0 0 
1 0 0 
1 0 0 
1 0 0 
1 0 0 
1 0 0 
1 0 0 
1 0 0 
1 0 0 
1 0 0 
1 0 0 
1 0 0 
1 0 0 
1 0 0 
1 0 0 
1 0 0 
1 0 0 
1 0 0 
1 0 0 
1 0 0 
1 0 0 
1 0 0 
1 0 0 
1 0 0 
1 0 0 
1 0 0 
1 0 0 
1 0 0 
1 0 0 
1 0 0 
1 0 0 
1 0 0 
1 0 0 
1 0 0 
1 0 0 
1 0 0 
1 0 0 
1 0 0 
1 0 0 
1 0 0 
1 0 0 
1 0 0 
1 0 0 
1 0 0 
1 0 0 
1 0 0 
1 0 0 
1 0 0 
1 0 0 
1 0 0 
1 0 0 
1 0 0 
1 0 0 
1 0 0 
1 0 0 
1 0 0 
1 0 0 
1 0 0 
1 0 0 
1 0 0 
1 0 0 
1 0 0 
1 0 0 
1 0 0 
1 0 0 
1 0 0 
1 0 0 
1 0 0 
1 0 0 
1 0 0 
1 0 0 
1 0 0 
1 0 0 
1 0 0 
1 0 0 
1 0 0 
1 0 0 
1 0 0 
1 0 0 
1 0 0 
1 0 0 
1 0 0 
1 0 0 
1 0 0 
1 0 0 
1 0 0 
1 0 0 
1 0 0 
1 0 0 
1 0 0 
1 0 0 
1 0 0 
1 0 0 
1 0 0 
1 0 0 
1 0 0 
1 0 0 
1 0 0 
1 0 0 
1 0 0 
1 0 0 
1 0 0 
1 0 0 
1 0 0 
1 0 0 
1 0 0 
1 0 0 
1 0 0 
1 0 0 
1 0 0 
1 0 0 
1 0 0 
1 0 0 
1 0 0 
1 0 0 
1 0 0 
1 0 0 
1 0 0 
1 0 0 
1 0 0 
1 0 0 
1 0 0 
1 0 0 
1 0 0 
1 0 0 
1 0 0 
1 0 0 
1 0 0 
1 0 0 
1 0 0 
1 0 0 
1 0 0 
1 0 0 
1 0 0 
1 0 0 
1 0 0 
1 0 0 
1 0 0 
1 0 0 
1 0 0 
1 0 0 
1 0 0 
1 0 0 
1 0 0 
1 0 0 
1 0 0 
1 0 0 
1 0 0 
1 0 0 
1 0 0 
1 0 0 
1 0 0 
1 0 0 
1 0 0 
1 0 0 
1 0 0 
1 0 0 
1 0 0 
1 0 0 
1 0 0 
1 0 0 
1 0 0 
1 0 0 
1 0 0 
1 0 0 
1 0 0 
1 0 0 
1 0 0 
1 0 0 
1 0 0 
1 0 0 
1 0 0 
1 0 0 
1 0 0 
1 0 0 
1 0 0 
1 0 0 
1 0 0 
1 0 0 
1 0 0 
1 0 0 
1 0 0 
1 0 0 
1 0 0 
1 0 0 
1 0 0 
1 0 0 
1 0 0 
1 0 0 
1 0 0 
1 0 0 
1 0 0 
1 0 0 
1 0 0 
1 0 0 
1 0 0 
1 0 0 
1 0 0 
1 0 0 
1 0 0 
1 0 0 
1 0 0 
1 0 0 
1 0 0 
1 0 0 
1 0 0 
1 0 0 
1 0 0 
1 0 0 
1 0 0 
1 0 0 
1 0 0 
1 0 0 
1 0 0 
1 0 0 
1 0 0 
1 0 0 
1 0 0 
1 0 0 
1 0 0 
1 0 0 
1 0 0 
1 0 0 
1 0 0 
1 0 0 
1 0 0 
1 0 0 
1 0 0 
1 0 0 
1 0 0 
1 0 0 
1 0 0 
1 0 0 
1 0 0 
1 0 0 
1 0 0 
1 0 0 
1 0 0 
1 0 0 
1 0 0 
1 0 0 
1 0 0 
1 0 0 
1 0 0 
1 0 0 
1 0 0 
1 0 0 
1 0 0 
1 0 0 
1 0 0 
1 0 0 
1 0 0 
1 0 0 
1 0 0 
1 0 0 
1 0 0 
1 0 0 
1 0 0 
1 0 0 
1 0 0 
1 0 0 
1 0 0 
1 0 0 
1 0 0 
1 0 0 
1 0 0 
1 0 0 
1 0 0 
1 0 0 
1 0 0 
1 0 0 
1 0 0 
1 0 0 
1 0 0 
1 0 0 
1 0 0 
1 0 0 
1 0 0 
1 0 0 
1 0 0 
1 0 0 
1 0 0 
1 0 0 
1 0 0 
1 0 0 
1 0 0 
1 0 0 
1 0 0 
1 0 0 
1 0 0 
1 0 0 
1 0 0 
1 0 0 
1 0 0 
1 0 0 
1 0 0 
1 0 0 
1 0 0 
1 0 0 
1 0 0 
1 0 0 
1 0 0 
1 0 0 
1 0 0 
1 0 0 
1 0 0 
1 0 0 
1 0 0 
1 0 0 
1 0 0 
1 0 0 
1 0 0 
1 0 0 
1 0 0 
1 0 0 
1 0 0 
1 0 0 
1 0 0 
1 0 0 
1 0 0 
1 0 0 
1 0 0 
1 0 0 
1 0 0 
1 0 0 
1 0 0 
1 0 0 
1 0 0 
1 0 0 
1 0 0 
1 0 0 
1 0 0 
1 0 0 
1 0 0 
1 0 0 
1 0 0 
1 0 0 
1 0 0 
1 0 0 
1 0 0 
1 0 0 
1 0 0 
1 0 0 
1 0 0 
1 0 0 
1 0 0 
1 0 0 
1 0 0 
1 0 0 
1 0 0 
1 0 0 
1 0 0 
1 0 0 
1 0 0 
1 0 0 
1 0 0 
1 0 0 
1 0 0 
1 0 0 
1 0 0 
1 0 0 
1 0 0 
1 0 0 
1 0 0 
1 0 0 
1 0 0 
1 0 0 
1 0 0 
1 0 0 
1 0 0 
1 0 0 
1 0 0 
1 0 0 
1 0 0 
1 0 0 
1 0 0 
1 0 0 
1 0 0 
1 0 0 
1 0 0 
1 0 0 
1 0 0 
1 0 0 
1 0 0 
1 0 0 
1 0 0 
1 0 0 
1 0 0 
1 0 0 
1 0 0 
1 0 0 
1 0 0 
1 0 0 
1 0 0 
1 0 0 
1 0 0 
1 0 0 
1 0 0 
1 0 0 
1 0 0 
1 0 0 
1 0 0 
1 0 0 
1 0 0 
1 0 0 
1 0 0 
1 0 0 
1 0 0 
1 0 0 
1 0 0 
1 0 0 
1 0 0 
1 0 0 
1 0 0 
1 0 0 
1 0 0 
1 0 0 
1 0 0 
1 0 0 
1 0 0 
1 0 0 
1 0 0 
1 0 0 
1 0 0 
1 0 0 
1 0 0 
1 0 0 
1 0 0 
1 0 0 
1 0 0 
1 0 0 
1 0 0 
1 0 0 
1 0 0 
1 0 0 
1 0 0 
1 0 0 
1 0 0 
1 0 0 
1 0 0 
1 0 0 
1 0 0 
1 0 0 
1 0 0 
1 0 0 
1 0 0 
1 0 0 
1 0 0 
1 0 0 
1 0 0 
1 0 0 
1 0 0 
1 0 0 
1 0 0 
1 0 0 
1 0 0 
1 0 0 
1 0 0 
1 0 0 
1 0 0 
1 0 0 
1 0 0 
1 0 0 
1 0 0 
1 0 0 
1 0 0 
1 0 0 
1 0 0 
1 0 0 
1 0 0 
1 0 0 
1 0 0 
1 0 0 
1 0 0 
1 0 0 
1 0 0 
1 0 0 
1 0 0 
1 0 0 
1 0 0 
1 0 0 
1 0 0 
1 0 0 
1 0 0 
1 0 0 
1 0 0 
1 0 0 
1 0 0 
1 0 0 
1 0 0 
1 0 0 
1 0 0 
1 0 0 
1 0 0 
1 0 0 
1 0 0 
1 0 0 
1 0 0 
1 0 0 
1 0 0 
1 0 0 
1 0 0 
1 0 0 
1 0 0 
1 0 0 
1 0 0 
1 0 0 
1 0 0 
1 0 0 
1 0 0 
1 0 0 
1 0 0 
1 0 0 
1 0 0 
1 0 0 
1 0 0 
1 0 0 
1 0 0 
1 0 0 
1 0 0 
1 0 0 
1 0 0 
1 0 0 
1 0 0 
1 0 0 
1 0 0 
1 0 0 
1 0 0 
1 0 0 
1 0 0 
1 0 0 
1 0 0 
1 0 0 
1 0 0 
1 0 0 
1 0 0 
1 0 0 
1 0 0 
1 0 0 
1 0 0 
1 0 0 
1 0 0 
1 0 0 
1 0 0 
1 0 0 
1 0 0 
1 0 0 
1 0 0 
1 0 0 
1 0 0 
1 0 0 
1 0 0 
1 0 0 
1 0 0 
1 0 0 
1 0 0 
1 0 0 
1 0 0 
1 0 0 
1 0 0 
1 0 0 
1 0 0 
1 0 0 
1 0 0 
1 0 0 
1 0 0 
1 0 0 
1 0 0 
1 0 0 
1 0 0 
1 0 0 
1 0 0 
1 0 0 
1 0 0 
1 0 0 
1 0 0 
1 0 0 
1 0 0 
1 0 0 
1 0 0 
1 0 0 
1 0 0 
1 0 0 
1 0 0 
1 0 0 
1 0 0 
1 0 0 
1 0 0 
1 0 0 
1 0 0 
1 0 0 
1 0 0 
1 0 0 
1 0 0 
1 0 0 
1 0 0 
1 0 0 
1 0 0 
1 0 0 
1 0 0 
1 0 0 
1 0 0 
1 0 0 
1 0 0 
1 0 0 
1 0 0 
1 0 0 
1 0 0 
1 0 0 
1 0 0 
1 0 0 
1 0 0 
1 0 0 
1 0 0 
1 0 0 
1 0 0 
1 0 0 
1 0 0 
1 0 0 
1 0 0 
1 0 0 
1 0 0 
1 0 0 
1 0 0 
1 0 0 
1 0 0 
1 0 0 
1 0 0 
1 0 0 
1 0 0 
1 0 0 
1 0 0 
1 0 0 
1 0 0 
1 0 0 
1 0 0 
1 0 0 
1 0 0 
1 0 0 
1 0 0 
1 0 0 
1 0 0 
1 0 0 
1 0 0 
1 0 0 
1 0 0 
1 0 0 
1 0 0 
1 0 0 
1 0 0 
1 0 0 
1 0 0 
1 0 0 
1 0 0 
1 0 0 
1 0 0 
1 0 0 
1 0 0 
1 0 0 
1 0 0 
1 0 0 
1 0 0 
1 0 0 
1 0 0 
1 0 0 
1 0 0 
1 0 0 
1 0 0 
1 0 0 
1 0 0 
1 0 0 
1 0 0 
1 0 0 
1 0 0 
1 0 0 
1 0 0 
1 0 0 
1 0 0 
1 0 0 
1 0 0 
1 0 0 
1 0 0 
1 0 0 
1 0 0 
1 0 0 
1 0 0 
1 0 0 
1 0 0 
1 0 0 
1 0 0 
1 0 0 
1 0 0 
1 0 0 
1 0 0 
1 0 0 
1 0 0 
1 0 0 
1 0 0 
1 0 0 
1 0 0 
1 0 0 
1 0 0 
1 0 0 
1 0 0 
1 0 0 
1 0 0 
1 0 0 
1 0 0 
1 0 0 
1 0 0 
1 0 0 
1 0 0 
1 0 0 
1 0 0 
1 0 0 
1 0 0 
1 0 0 
1 0 0 
1 0 0 
1 0 0 
1 0 0 
1 0 0 
1 0 0 
1 0 0 
1 0 0 
1 0 0 
1 0 0 
1 0 0 
1 0 0 
1 0 0 
1 0 0 
1 0 0 
1 0 0 
1 0 0 
1 0 0 
1 0 0 
1 0 0 
1 0 0 
1 0 0 
1 0 0 
1 0 0 
1 0 0 
1 0 0 
1 0 0 
1 0 0 
1 0 0 
1 0 0 
1 0 0 
1 0 0 
1 0 0 
1 0 0 
1 0 0 
1 0 0 
1 0 0 
1 0 0 
1 0 0 
1 0 0 
1 0 0 
1 0 0 
1 0 0 
1 0 0 
1 0 0 
1 0 0 
1 0 0 
1 0 0 
1 0 0 
1 0 0 
1 0 0 
1 0 0 
1 0 0 
1 0 0 
1 0 0 
1 0 0 
1 0 0 
1 0 0 
1 0 0 
1 0 0 
1 0 0 
1 0 0 
1 0 0 
1 0 0 
1 0 0 
1 0 0 
1 0 0 
1 0 0 
1 0 0 
1 0 0 
1 0 0 
1 0 0 
1 0 0 
1 0 0 
1 0 0 
1 0 0 
1 0 0 
1 0 0 
1 0 0 
1 0 0 
1 0 0 
1 0 0 
1 0 0 
1 0 0 
1 0 0 
1 0 0 
1 0 0 
1 0 0 
1 0 0 
1 0 0 
1 0 0 
1 0 0 
1 0 0 
1 0 0 
1 0 0 
1 0 0 
1 0 0 
1 0 0 
1 0 0 
1 0 0 
1 0 0 
1 0 0 
1 0 0 
1 0 0 
1 0 0 
1 0 0 
1 0 0 
1 0 0 
1 0 0 
1 0 0 
1 0 0 
1 0 0 
1 0 0 
1 0 0 
1 0 0 
1 0 0 
1 0 0 
1 0 0 
1 0 0 
1 0 0 
1 0 0 
1 0 0 
1 0 0 
1 0 0 
1 0 0 
1 0 0 
1 0 0 
1 0 0 
1 0 0 
1 0 0 
1 0 0 
1 0 0 
1 0 0 
1 0 0 
1 0 0 
1 0 0 
1 0 0 
1 0 0 
1 0 0 
1 0 0 
1 0 0 
1 0 0 
1 0 0 
1 0 0 
1 0 0 
1 0 0 
1 0 0 
1 0 0 
1 0 0 
1 0 0 
1 0 0 
1 0 0 
1 0 0 
1 0 0 
1 0 0 
1 0 0 
1 0 0 
1 0 0 
1 0 0 
1 0 0 
1 0 0 
1 0 0 
1 0 0 
1 0 0 
1 0 0 
1 0 0 
1 0 0 
1 0 0 
1 0 0 
1 0 0 
1 0 0 
1 0 0 
1 0 0 
1 0 0 
1 0 0 
1 0 0 
1 0 0 
1 0 0 
1 0 0 
1 0 0 
1 0 0 
1 0 0 
1 0 0 
1 0 0 
1 0 0 
1 0 0 
1 0 0 
1 0 0 
1 0 0 
1 0 0 
1 0 0 
1 0 0 
1 0 0 
1 0 0 
1 0 0 
1 0 0 
1 0 0 
1 0 0 
1 0 0 
1 0 0 
1 0 0 
1 0 0 
1 0 0 
1 0 0 
1 0 0 
1 0 0 
1 0 0 
1 0 0 
1 0 0 
1 0 0 
1 0 0 
1 0 0 
1 0 0 
1 0 0 
1 0 0 
1 0 0 
1 0 0 
1 0 0 
1 0 0 
1 0 0 
1 0 0 
1 0 0 
1 0 0 
1 0 0 
1 0 0 
1 0 0 
1 0 0 
1 0 0 
1 0 0 
1 0 0 
1 0 0 
1 0 0 
1 0 0 
1 0 0 
1 0 0 
1 0 0 
1 0 0 
1 0 0 
1 0 0 
1 0 0 
1 0 0 
1 0 0 
1 0 0 
1 0 0 
1 0 0 
1 0 0 
1 0 0 
1 0 0 
1 0 0 
1 0 0 
1 0 0 
1 0 0 
1 0 0 
1 0 0 
1 0 0 
1 0 0 
1 0 0 
1 0 0 
1 0 0 
1 0 0 
1 0 0 
1 0 0 
1 0 0 
1 0 0 
1 0 0 
1 0 0 
1 0 0 
1 0 0 
1 0 0 
1 0 0 
1 0 0 
1 0 0 
1 0 0 
1 0 0 
1 0 0 
1 0 0 
1 0 0 
1 0 0 
1 0 0 
1 0 0 
1 0 0 
1 0 0 
1 0 0 
1 0 0 
1 0 0 
1 0 0 
1 0 0 
1 0 0 
1 0 0 
1 0 0 
1 0 0 
1 0 0 
1 0 0 
1 0 0 
1 0 0 
1 0 0 
1 0 0 
1 0 0 
1 0 0 
1 0 0 
1 0 0 
1 0 0 
1 0 0 
1 0 0 
1 0 0 
1 0 0 
1 0 0 
1 0 0 
1 0 0 
1 0 0 
1 0 0 
1 0 0 
1 0 0 
1 0 0 
1 0 0 
1 0 0 
1 0 0 
1 0 0 
1 0 0 
1 0 0 
1 0 0 
1 0 0 
1 0 0 
1 0 0 
1 0 0 
1 0 0 
1 0 0 
1 0 0 
1 0 0 
1 0 0 
1 0 0 
1 0 0 
1 0 0 
1 0 0 
1 0 0 
1 0 0 
1 0 0 
1 0 0 
1 0 0 
1 0 0 
1 0 0 
1 0 0 
1 0 0 
1 0 0 
1 0 0 
1 0 0 
1 0 0 
1 0 0 
1 0 0 
1 0 0 
1 0 0 
1 0 0 
1 0 0 
1 0 0 
1 0 0 
1 0 0 
1 0 0 
1 0 0 
1 0 0 
1 0 0 
1 0 0 
1 0 0 
1 0 0 
1 0 0 
1 0 0 
1 0 0 
1 0 0 
1 0 0 
1 0 0 
1 0 0 
1 0 0 
1 0 0 
1 0 0 
1 0 0 
1 0 0 
1 0 0 
1 0 0 
1 0 0 
1 0 0 
1 0 0 
1 0 0 
1 0 0 
1 0 0 
1 0 0 
1 0 0 
1 0 0 
1 0 0 
1 0 0 
1 0 0 
1 0 0 
1 0 0 
1 0 0 
1 0 0 
1 0 0 
1 0 0 
1 0 0 
1 0 0 
1 0 0 
1 0 0 
1 0 0 
1 0 0 
1 0 0 
1 0 0 
1 0 0 
1 0 0 
1 0 0 
1 0 0 
1 0 0 
1 0 0 
1 0 0 
1 0 0 
1 0 0 
1 0 0 
1 0 0 
1 0 0 
1 0 0 
1 0 0 
1 0 0 
1 0 0 
1 0 0 
1 0 0 
1 0 0 
1 0 0 
1 0 0 
1 0 0 
1 0 0 
1 0 0 
1 0 0 
1 0 0 
1 0 0 
1 0 0 
1 0 0 
1 0 0 
1 0 0 
1 0 0 
1 0 0 
1 0 0 
1 0 0 
1 0 0 
1 0 0 
1 0 0 
1 0 0 
1 0 0 
1 0 0 
1 0 0 
1 0 0 
1 0 0 
1 0 0 
1 0 0 
1 0 0 
1 0 0 
1 0 0 
1 0 0 
1 0 0 
1 0 0 
1 0 0 
1 0 0 
1 0 0 
1 0 0 
1 0 0 
1 0 0 
1 0 0 
1 0 0 
1 0 0 
1 0 0 
1 0 0 
1 0 0 
1 0 0 
1 0 0 
1 0 0 
1 0 0 
1 0 0 
1 0 0 
1 0 0 
1 0 0 
1 0 0 
1 0 0 
1 0 0 
1 0 0 
1 0 0 
1 0 0 
1 0 0 
1 0 0 
1 0 0 
1 0 0 
1 0 0 
1 0 0 
1 0 0 
1 0 0 
1 0 0 
1 0 0 
1 0 0 
1 0 0 
1 0 0 
1 0 0 
1 0 0 
1 0 0 
1 0 0 
1 0 0 
1 0 0 
1 0 0 
1 0 0 
1 0 0 
1 0 0 
1 0 0 
1 0 0 
1 0 0 
1 0 0 
1 0 0 
1 0 0 
1 0 0 
1 0 0 
1 0 0 
1 0 0 
1 0 0 
1 0 0 
1 0 0 
1 0 0 
1 0 0 
1 0 0 
1 0 0 
1 0 0 
1 0 0 
1 0 0 
1 0 0 
1 0 0 
1 0 0 
1 0 0 
1 0 0 
1 0 0 
1 0 0 
1 0 0 
1 0 0 
1 0 0 
1 0 0 
1 0 0 
1 0 0 
1 0 0 
1 0 0 
1 0 0 
1 0 0 
1 0 0 
1 0 0 
1 0 0 
1 0 0 
1 0 0 
1 0 0 
1 0 0 
1 0 0 
1 0 0 
1 0 0 
1 0 0 
1 0 0 
1 0 0 
1 0 0 
1 0 0 
1 0 0 
1 0 0 
1 0 0 
1 0 0 
1 0 0 
1 0 0 
1 0 0 
1 0 0 
1 0 0 
1 0 0 
1 0 0 
1 0 0 
1 0 0 
1 0 0 
1 0 0 
1 0 0 
1 0 0 
1 0 0 
1 0 0 
1 0 0 
1 0 0 
1 0 0 
1 0 0 
1 0 0 
1 0 0 
1 0 0 
1 0 0 
1 0 0 
1 0 0 
1 0 0 
1 0 0 
1 0 0 
1 0 0 
1 0 0 
1 0 0 
1 0 0 
1 0 0 
1 0 0 
1 0 0 
1 0 0 
1 0 0 
1 0 0 
1 0 0 
1 0 0 
1 0 0 
1 0 0 
1 0 0 
1 0 0 
1 0 0 
1 0 0 
1 0 0 
1 0 0 
1 0 0 
1 0 0 
1 0 0 
1 0 0 
1 0 0 
1 0 0 
1 0 0 
1 0 0 
1 0 0 
1 0 0 
1 0 0 
1 0 0 
1 0 0 
1 0 0 
1 0 0 
1 0 0 
1 0 0 
1 0 0 
1 0 0 
1 0 0 
1 0 0 
1 0 0 
1 0 0 
1 0 0 
1 0 0 
1 0 0 
1 0 0 
1 0 0 
1 0 0 
1 0 0 
1 0 0 
1 0 0 
1 0 0 
1 0 0 
1 0 0 
1 0 0 
1 0 0 
1 0 0 
1 0 0 
1 0 0 
1 0 0 
1 0 0 
1 0 0 
1 0 0 
1 0 0 
1 0 0 
1 0 0 
1 0 0 
1 0 0 
1 0 0 
1 0 0 
1 0 0 
1 0 0 
1 0 0 
1 0 0 
1 0 0 
1 0 0 
1 0 0 
1 0 0 
1 0 0 
1 0 0 
1 0 0 
1 0 0 
1 0 0 
1 0 0 
1 0 0 
1 0 0 
1 0 0 
1 0 0 
1 0 0 
1 0 0 
1 0 0 
1 0 0 
1 0 0 
1 0 0 
1 0 0 
1 0 0 
1 0 0 
1 0 0 
1 0 0 
1 0 0 
1 0 0 
1 0 0 
1 0 0 
1 0 0 
1 0 0 
1 0 0 
1 0 0 
1 0 0 
1 0 0 
1 0 0 
1 0 0 
1 0 0 
1 0 0 
1 0 0 
1 0 0 
1 0 0 
1 0 0 
1 0 0 
1 0 0 
1 0 0 
1 0 0 
1 0 0 
1 0 0 
1 0 0 
1 0 0 
1 0 0 
1 0 0 
1 0 0 
1 0 0 
1 0 0 
1 0 0 
1 0 0 
1 0 0 
1 0 0 
1 0 0 
1 0 0 
1 0 0 
1 0 0 
1 0 0 
1 0 0 
1 0 0 
1 0 0 
1 0 0 
1 0 0 
1 0 0 
1 0 0 
1 0 0 
1 0 0 
1 0 0 
1 0 0 
1 0 0 
1 0 0 
1 0 0 
1 0 0 
1 0 0 
1 0 0 
1 0 0 
1 0 0 
1 0 0 
1 0 0 
1 0 0 
1 0 0 
1 0 0 
1 0 0 
1 0 0 
1 0 0 
1 0 0 
1 0 0 
1 0 0 
1 0 0 
1 0 0 
1 0 0 
1 0 0 
1 0 0 
1 0 0 
1 0 0 
1 0 0 
1 0 0 
1 0 0 
1 0 0 
1 0 0 
1 0 0 
1 0 0 
1 0 0 
1 0 0 
1 0 0 
1 0 0 
1 0 0 
1 0 0 
1 0 0 
1 0 0 
1 0 0 
1 0 0 
1 0 0 
1 0 0 
1 0 0 
1 0 0 
1 0 0 
1 0 0 
1 0 0 
1 0 0 
1 0 0 
1 0 0 
1 0 0 
1 0 0 
1 0 0 
1 0 0 
1 0 0 
1 0 0 
1 0 0 
1 0 0 
1 0 0 
1 0 0 
1 0 0 
1 0 0 
1 0 0 
1 0 0 
1 0 0 
1 0 0 
1 0 0 
1 0 0 
1 0 0 
1 0 0 
1 0 0 
1 0 0 
1 0 0 
1 0 0 
1 0 0 
1 0 0 
1 0 0 
1 0 0 
1 0 0 
1 0 0 
1 0 0 
1 0 0 
1 0 0 
1 0 0 
1 0 0 
1 0 0 
1 0 0 
1 0 0 
1 0 0 
1 0 0 
1 0 0 
1 0 0 
1 0 0 
1 0 0 
1 0 0 
1 0 0 
1 0 0 
1 0 0 
1 0 0 
1 0 0 
1 0 0 
1 0 0 
1 0 0 
1 0 0 
1 0 0 
1 0 0 
1 0 0 
1 0 0 
1 0 0 
1 0 0 
1 0 0 
1 0 0 
1 0 0 
1 0 0 
1 0 0 
1 0 0 
1 0 0 
1 0 0 
1 0 0 
1 0 0 
1 0 0 
1 0 0 
1 0 0 
1 0 0 
1 0 0 
1 0 0 
1 0 0 
1 0 0 
1 0 0 
1 0 0 
1 0 0 
1 0 0 
1 0 0 
1 0 0 
1 0 0 
1 0 0 
1 0 0 
1 0 0 
1 0 0 
1 0 0 
1 0 0 
1 0 0 
1 0 0 
1 0 0 
1 0 0 
1 0 0 
1 0 0 
1 0 0 
1 0 0 
1 0 0 
1 0 0 
1 0 0 
1 0 0 
1 0 0 
1 0 0 
1 0 0 
1 0 0 
1 0 0 
1 0 0 
1 0 0 
1 0 0 
1 0 0 
1 0 0 
1 0 0 
1 0 0 
1 0 0 
1 0 0 
1 0 0 
1 0 0 
1 0 0 
1 0 0 
1 0 0 
1 0 0 
1 0 0 
1 0 0 
1 0 0 
1 0 0 
1 0 0 
1 0 0 
1 0 0 
1 0 0 
1 0 0 
1 0 0 
1 0 0 
1 0 0 
1 0 0 
1 0 0 
1 0 0 
1 0 0 
1 0 0 
1 0 0 
1 0 0 
1 0 0 
1 0 0 
1 0 0 
1 0 0 
1 0 0 
1 0 0 
1 0 0 
1 0 0 
1 0 0 
1 0 0 
1 0 0 
1 0 0 
1 0 0 
1 0 0 
1 0 0 
1 0 0 
1 0 0 
1 0 0 
1 0 0 
1 0 0 
1 0 0 
1 0 0 
1 0 0 
1 0 0 
1 0 0 
1 0 0 
1 0 0 
1 0 0 
1 0 0 
1 0 0 
1 0 0 
1 0 0 
1 0 0 
1 0 0 
1 0 0 
1 0 0 
1 0 0 
1 0 0 
1 0 0 
1 0 0 
1 0 0 
1 0 0 
1 0 0 
1 0 0 
1 0 0 
1 0 0 
1 0 0 
1 0 0 
1 0 0 
1 0 0 
1 0 0 
1 0 0 
1 0 0 
1 0 0 
1 0 0 
1 0 0 
1 0 0 
1 0 0 
1 0 0 
1 0 0 
1 0 0 
1 0 0 
1 0 0 
1 0 0 
1 0 0 
1 0 0 
1 0 0 
1 0 0 
1 0 0 
1 0 0 
1 0 0 
1 0 0 
1 0 0 
1 0 0 
1 0 0 
1 0 0 
1 0 0 
1 0 0 
1 0 0 
1 0 0 
1 0 0 
1 0 0 
1 0 0 
1 0 0 
1 0 0 
1 0 0 
1 0 0 
1 0 0 
1 0 0 
1 0 0 
1 0 0 
1 0 0 
1 0 0 
1 0 0 
1 0 0 
1 0 0 
1 0 0 
1 0 0 
1 0 0 
1 0 0 
1 0 0 
1 0 0 
1 0 0 
1 0 0 
1 0 0 
1 0 0 
1 0 0 
1 0 0 
1 0 0 
1 0 0 
1 0 0 
1 0 0 
1 0 0 
1 0 0 
1 0 0 
1 0 0 
1 0 0 
1 0 0 
1 0 0 
1 0 0 
1 0 0 
1 0 0 
1 0 0 
1 0 0 
1 0 0 
1 0 0 
1 0 0 
1 0 0 
1 0 0 
1 0 0 
1 0 0 
1 0 0 
1 0 0 
1 0 0 
1 0 0 
1 0 0 
1 0 0 
1 0 0 
1 0 0 
1 0 0 
1 0 0 
1 0 0 
1 0 0 
1 0 0 
1 0 0 
1 0 0 
1 0 0 
1 0 0 
1 0 0 
1 0 0 
1 0 0 
1 0 0 
1 0 0 
1 0 0 
1 0 0 
1 0 0 
1 0 0 
1 0 0 
1 0 0 
1 0 0 
1 0 0 
1 0 0 
1 0 0 
1 0 0 
1 0 0 
1 0 0 
1 0 0 
1 0 0 
1 0 0 
1 0 0 
1 0 0 
1 0 0 
1 0 0 
1 0 0 
1 0 0 
1 0 0 
1 0 0 
1 0 0 
1 0 0 
1 0 0 
1 0 0 
1 0 0 
1 0 0 
1 0 0 
1 0 0 
1 0 0 
1 0 0 
1 0 0 
1 0 0 
1 0 0 
1 0 0 
1 0 0 
1 0 0 
1 0 0 
1 0 0 
1 0 0 
1 0 0 
1 0 0 
1 0 0 
1 0 0 
1 0 0 
1 0 0 
1 0 0 
1 0 0 
1 0 0 
1 0 0 
1 0 0 
1 0 0 
1 0 0 
1 0 0 
1 0 0 
1 0 0 
1 0 0 
1 0 0 
1 0 0 
1 0 0 
1 0 0 
1 0 0 
1 0 0 
1 0 0 
1 0 0 
1 0 0 
1 0 0 
1 0 0 
1 0 0 
1 0 0 
1 0 0 
1 0 0 
1 0 0 
1 0 0 
1 0 0 
1 0 0 
1 0 0 
1 0 0 
1 0 0 
1 0 0 
1 0 0 
1 0 0 
1 0 0 
1 0 0 
1 0 0 
1 0 0 
1 0 0 
1 0 0 
1 0 0 
1 0 0 
1 0 0 
1 0 0 
1 0 0 
1 0 0 
1 0 0 
1 0 0 
1 0 0 
1 0 0 
1 0 0 
1 0 0 
1 0 0 
1 0 0 
1 0 0 
1 0 0 
1 0 0 
1 0 0 
1 0 0 
1 0 0 
1 0 0 
1 0 0 
1 0 0 
1 0 0 
1 0 0 
1 0 0 
1 0 0 
1 0 0 
1 0 0 
1 0 0 
1 0 0 
1 0 0 
1 0 0 
1 0 0 
1 0 0 
1 0 0 
1 0 0 
1 0 0 
1 0 0 
1 0 0 
1 0 0 
1 0 0 
1 0 0 
1 0 0 
1 0 0 
1 0 0 
1 0 0 
1 0 0 
1 0 0 
1 0 0 
1 0 0 
1 0 0 
1 0 0 
1 0 0 
1 0 0 
1 0 0 
1 0 0 
1 0 0 
1 0 0 
1 0 0 
1 0 0 
1 0 0 
1 0 0 
1 0 0 
1 0 0 
1 0 0 
1 0 0 
1 0 0 
1 0 0 
1 0 0 
1 0 0 
1 0 0 
1 0 0 
1 0 0 
1 0 0 
1 0 0 
1 0 0 
1 0 0 
1 0 0 
1 0 0 
1 0 0 
1 0 0 
1 0 0 
1 0 0 
1 0 0 
1 0 0 
1 0 0 
1 0 0 
1 0 0 
1 0 0 
1 0 0 
1 0 0 
1 0 0 
1 0 0 
1 0 0 
1 0 0 
1 0 0 
1 0 0 
1 0 0 
1 0 0 
1 0 0 
1 0 0 
1 0 0 
1 0 0 
1 0 0 
1 0 0 
1 0 0 
1 0 0 
1 0 0 
1 0 0 
1 0 0 
1 0 0 
1 0 0 
1 0 0 
1 0 0 
1 0 0 
1 0 0 
1 0 0 
1 0 0 
1 0 0 
1 0 0 
1 0 0 
1 0 0 
1 0 0 
1 0 0 
1 0 0 
1 0 0 
1 0 0 
1 0 0 
1 0 0 
1 0 0 
1 0 0 
1 0 0 
1 0 0 
1 0 0 
1 0 0 
1 0 0 
1 0 0 
1 0 0 
1 0 0 
1 0 0 
1 0 0 
1 0 0 
1 0 0 
1 0 0 
1 0 0 
1 0 0 
1 0 0 
1 0 0 
1 0 0 
1 0 0 
1 0 0 
1 0 0 
1 0 0 
1 0 0 
1 0 0 
1 0 0 
1 0 0 
1 0 0 
1 0 0 
1 0 0 
1 0 0 
1 0 0 
1 0 0 
1 0 0 
1 0 0 
1 0 0 
1 0 0 
1 0 0 
1 0 0 
1 0 0 
1 0 0 
1 0 0 
1 0 0 
1 0 0 
1 0 0 
1 0 0 
1 0 0 
1 0 0 
1 0 0 
1 0 0 
1 0 0 
1 0 0 
1 0 0 
1 0 0 
1 0 0 
1 0 0 
1 0 0 
1 0 0 
1 0 0 
1 0 0 
1 0 0 
1 0 0 
1 0 0 
1 0 0 
1 0 0 
1 0 0 
1 0 0 
1 0 0 
1 0 0 
1 0 0 
1 0 0 
1 0 0 
1 0 0 
1 0 0 
1 0 0 
1 0 0 
1 0 0 
1 0 0 
1 0 0 
1 0 0 
1 0 0 
1 0 0 
1 0 0 
1 0 0 
1 0 0 
1 0 0 
1 0 0 
1 0 0 
1 0 0 
1 0 0 
1 0 0 
1 0 0 
1 0 0 
1 0 0 
1 0 0 
1 0 0 
1 0 0 
1 0 0 
1 0 0 
1 0 0 
1 0 0 
1 0 0 
1 0 0 
1 0 0 
1 0 0 
1 0 0 
1 0 0 
1 0 0 
1 0 0 
1 0 0 
1 0 0 
1 0 0 
1 0 0 
1 0 0 
1 0 0 
1 0 0 
1 0 0 
1 0 0 
1 0 0 
1 0 0 
1 0 0 
1 0 0 
1 0 0 
1 0 0 
1 0 0 
1 0 0 
1 0 0 
1 0 0 
1 0 0 
1 0 0 
1 0 0 
1 0 0 
1 0 0 
1 0 0 
1 0 0 
1 0 0 
1 0 0 
1 0 0 
1 0 0 
1 0 0 
1 0 0 
1 0 0 
1 0 0 
1 0 0 
1 0 0 
1 0 0 
1 0 0 
1 0 0 
1 0 0 
1 0 0 
1 0 0 
1 0 0 
1 0 0 
1 0 0 
1 0 0 
1 0 0 
1 0 0 
1 0 0 
1 0 0 
1 0 0 
1 0 0 
1 0 0 
1 0 0 
1 0 0 
1 0 0 
1 0 0 
1 0 0 
1 0 0 
1 0 0 
1 0 0 
1 0 0 
1 0 0 
1 0 0 
1 0 0 
1 0 0 
1 0 0 
1 0 0 
1 0 0 
1 0 0 
1 0 0 
1 0 0 
1 0 0 
1 0 0 
1 0 0 
1 0 0 
1 0 0 
1 0 0 
1 0 0 
1 0 0 
1 0 0 
1 0 0 
1 0 0 
1 0 0 
1 0 0 
1 0 0 
1 0 0 
1 0 0 
1 0 0 
1 0 0 
1 0 0 
1 0 0 
1 0 0 
1 0 0 
1 0 0 
1 0 0 
1 0 0 
1 0 0 
1 0 0 
1 0 0 
1 0 0 
1 0 0 
1 0 0 
1 0 0 
1 0 0 
1 0 0 
1 0 0 
1 0 0 
1 0 0 
1 0 0 
1 0 0 
1 0 0 
1 0 0 
1 0 0 
1 0 0 
1 0 0 
1 0 0 
1 0 0 
1 0 0 
1 0 0 
1 0 0 
1 0 0 
1 0 0 
1 0 0 
1 0 0 
1 0 0 
1 0 0 
1 0 0 
1 0 0 
1 0 0 
1 0 0 
1 0 0 
1 0 0 
1 0 0 
1 0 0 
1 0 0 
1 0 0 
1 0 0 
1 0 0 
1 0 0 
1 0 0 
1 0 0 
1 0 0 
1 0 0 
1 0 0 
1 0 0 
1 0 0 
1 0 0 
1 0 0 
1 0 0 
1 0 0 
1 0 0 
1 0 0 
1 0 0 
1 0 0 
1 0 0 
1 0 0 
1 0 0 
1 0 0 
1 0 0 
1 0 0 
1 0 0 
1 0 0 
1 0 0 
1 0 0 
1 0 0 
1 0 0 
1 0 0 
1 0 0 
1 0 0 
1 0 0 
1 0 0 
1 0 0 
1 0 0 
1 0 0 
1 0 0 
1 0 0 
1 0 0 
1 0 0 
1 0 0 
1 0 0 
1 0 0 
1 0 0 
1 0 0 
1 0 0 
1 0 0 
1 0 0 
1 0 0 
1 0 0 
1 0 0 
1 0 0 
1 0 0 
1 0 0 
1 0 0 
1 0 0 
1 0 0 
1 0 0 
1 0 0 
1 0 0 
1 0 0 
1 0 0 
1 0 0 
1 0 0 
1 0 0 
1 0 0 
1 0 0 
1 0 0 
1 0 0 
1 0 0 
1 0 0 
1 0 0 
1 0 0 
1 0 0 
1 0 0 
1 0 0 
1 0 0 
1 0 0 
1 0 0 
1 0 0 
1 0 0 
1 0 0 
1 0 0 
1 0 0 
1 0 0 
1 0 0 
1 0 0 
1 0 0 
1 0 0 
1 0 0 
1 0 0 
1 0 0 
1 0 0 
1 0 0 
1 0 0 
1 0 0 
1 0 0 
1 0 0 
1 0 0 
1 0 0 
1 0 0 
1 0 0 
1 0 0 
1 0 0 
1 0 0 
1 0 0 
1 0 0 
1 0 0 
1 0 0 
1 0 0 
1 0 0 
1 0 0 
1 0 0 
1 0 0 
1 0 0 
1 0 0 
1 0 0 
1 0 0 
1 0 0 
1 0 0 
1 0 0 
1 0 0 
1 0 0 
1 0 0 
1 0 0 
1 0 0 
1 0 0 
1 0 0 
1 0 0 
1 0 0 
1 0 0 
1 0 0 
1 0 0 
1 0 0 
1 0 0 
1 0 0 
1 0 0 
1 0 0 
1 0 0 
1 0 0 
1 0 0 
1 0 0 
1 0 0 
1 0 0 
1 0 0 
1 0 0 
1 0 0 
1 0 0 
1 0 0 
1 0 0 
1 0 0 
1 0 0 
1 0 0 
1 0 0 
1 0 0 
1 0 0 
1 0 0 
1 0 0 
1 0 0 
1 0 0 
1 0 0 
1 0 0 
1 0 0 
1 0 0 
1 0 0 
1 0 0 
1 0 0 
1 0 0 
1 0 0 
1 0 0 
1 0 0 
1 0 0 
1 0 0 
1 0 0 
1 0 0 
1 0 0 
1 0 0 
1 0 0 
1 0 0 
1 0 0 
1 0 0 
1 0 0 
1 0 0 
1 0 0 
1 0 0 
1 0 0 
1 0 0 
1 0 0 
1 0 0 
1 0 0 
1 0 0 
1 0 0 
1 0 0 
1 0 0 
1 0 0 
1 0 0 
1 0 0 
1 0 0 
1 0 0 
1 0 0 
1 0 0 
1 0 0 
1 0 0 
1 0 0 
1 0 0 
1 0 0 
1 0 0 
1 0 0 
1 0 0 
1 0 0 
1 0 0 
1 0 0 
1 0 0 
1 0 0 
1 0 0 
1 0 0 
1 0 0 
1 0 0 
1 0 0 
1 0 0 
1 0 0 
1 0 0 
1 0 0 
1 0 0 
1 0 0 
1 0 0 
1 0 0 
1 0 0 
1 0 0 
1 0 0 
1 0 0 
1 0 0 
1 0 0 
1 0 0 
1 0 0 
1 0 0 
1 0 0 
1 0 0 
1 0 0 
1 0 0 
1 0 0 
1 0 0 
1 0 0 
1 0 0 
1 0 0 
1 0 0 
1 0 0 
1 0 0 
1 0 0 
1 0 0 
1 0 0 
1 0 0 
1 0 0 
1 0 0 
1 0 0 
1 0 0 
1 0 0 
1 0 0 
1 0 0 
1 0 0 
1 0 0 
1 0 0 
1 0 0 
1 0 0 
1 0 0 
1 0 0 
1 0 0 
1 0 0 
1 0 0 
1 0 0 
1 0 0 
1 0 0 
1 0 0 
1 0 0 
1 0 0 
1 0 0 
1 0 0 
1 0 0 
1 0 0 
1 0 0 
1 0 0 
1 0 0 
1 0 0 
1 0 0 
1 0 0 
1 0 0 
1 0 0 
1 0 0 
1 0 0 
1 0 0 
1 0 0 
1 0 0 
1 0 0 
1 0 0 
1 0 0 
1 0 0 
1 0 0 
1 0 0 
1 0 0 
1 0 0 
1 0 0 
1 0 0 
1 0 0 
1 0 0 
1 0 0 
1 0 0 
1 0 0 
1 0 0 
1 0 0 
1 0 0 
1 0 0 
1 0 0 
1 0 0 
1 0 0 
1 0 0 
1 0 0 
1 0 0 
1 0 0 
1 0 0 
1 0 0 
1 0 0 
1 0 0 
1 0 0 
1 0 0 
1 0 0 
1 0 0 
1 0 0 
1 0 0 
1 0 0 
1 0 0 
1 0 0 
1 0 0 
1 0 0 
1 0 0 
1 0 0 
1 0 0 
1 0 0 
1 0 0 
1 0 0 
1 0 0 
1 0 0 
1 0 0 
1 0 0 
1 0 0 
1 0 0 
1 0 0 
1 0 0 
1 0 0 
1 0 0 
1 0 0 
1 0 0 
1 0 0 
1 0 0 
1 0 0 
1 0 0 
1 0 0 
1 0 0 
1 0 0 
1 0 0 
1 0 0 
1 0 0 
1 0 0 
1 0 0 
1 0 0 
1 0 0 
1 0 0 
1 0 0 
1 0 0 
1 0 0 
1 0 0 
1 0 0 
1 0 0 
1 0 0 
1 0 0 
1 0 0 
1 0 0 
1 0 0 
1 0 0 
1 0 0 
1 0 0 
1 0 0 
1 0 0 
1 0 0 
1 0 0 
1 0 0 
1 0 0 
1 0 0 
1 0 0 
1 0 0 
1 0 0 
1 0 0 
1 0 0 
1 0 0 
1 0 0 
1 0 0 
1 0 0 
1 0 0 
1 0 0 
1 0 0 
1 0 0 
1 0 0 
1 0 0 
1 0 0 
1 0 0 
1 0 0 
1 0 0 
1 0 0 
1 0 0 
1 0 0 
1 0 0 
1 0 0 
1 0 0 
1 0 0 
1 0 0 
1 0 0 
1 0 0 
1 0 0 
1 0 0 
1 0 0 
1 0 0 
1 0 0 
1 0 0 
1 0 0 
1 0 0 
1 0 0 
1 0 0 
1 0 0 
1 0 0 
1 0 0 
1 0 0 
1 0 0 
1 0 0 
1 0 0 
1 0 0 
1 0 0 
1 0 0 
1 0 0 
1 0 0 
1 0 0 
1 0 0 
1 0 0 
1 0 0 
1 0 0 
1 0 0 
1 0 0 
1 0 0 
1 0 0 
1 0 0 
1 0 0 
1 0 0 
1 0 0 
1 0 0 
1 0 0 
1 0 0 
1 0 0 
1 0 0 
1 0 0 
1 0 0 
1 0 0 
1 0 0 
1 0 0 
1 0 0 
1 0 0 
1 0 0 
1 0 0 
1 0 0 
1 0 0 
1 0 0 
1 0 0 
1 0 0 
1 0 0 
1 0 0 
1 0 0 
1 0 0 
1 0 0 
1 0 0 
1 0 0 
1 0 0 
1 0 0 
1 0 0 
1 0 0 
1 0 0 
1 0 0 
1 0 0 
1 0 0 
1 0 0 
1 0 0 
1 0 0 
1 0 0 
1 0 0 
1 0 0 
1 0 0 
1 0 0 
1 0 0 
1 0 0 
1 0 0 
1 0 0 
1 0 0 
1 0 0 
1 0 0 
1 0 0 
1 0 0 
1 0 0 
1 0 0 
1 0 0 
1 0 0 
1 0 0 
1 0 0 
1 0 0 
1 0 0 
1 0 0 
1 0 0 
1 0 0 
1 0 0 
1 0 0 
1 0 0 
1 0 0 
1 0 0 
1 0 0 
1 0 0 
1 0 0 
1 0 0 
1 0 0 
1 0 0 
1 0 0 
1 0 0 
1 0 0 
1 0 0 
1 0 0 
1 0 0 
1 0 0 
1 0 0 
1 0 0 
1 0 0 
1 0 0 
1 0 0 
1 0 0 
1 0 0 
1 0 0 
1 0 0 
1 0 0 
1 0 0 
1 0 0 
1 0 0 
1 0 0 
1 0 0 
1 0 0 
1 0 0 
1 0 0 
1 0 0 
1 0 0 
1 0 0 
1 0 0 
1 0 0 
1 0 0 
1 0 0 
1 0 0 
1 0 0 
1 0 0 
1 0 0 
1 0 0 
1 0 0 
1 0 0 
1 0 0 
1 0 0 
1 0 0 
1 0 0 
1 0 0 
1 0 0 
1 0 0 
1 0 0 
1 0 0 
1 0 0 
1 0 0 
1 0 0 
1 0 0 
1 0 0 
1 0 0 
1 0 0 
1 0 0 
1 0 0 
1 0 0 
1 0 0 
1 0 0 
1 0 0 
1 0 0 
1 0 0 
1 0 0 
1 0 0 
1 0 0 
1 0 0 
1 0 0 
1 0 0 
1 0 0 
1 0 0 
1 0 0 
1 0 0 
1 0 0 
1 0 0 
1 0 0 
1 0 0 
1 0 0 
1 0 0 
1 0 0 
1 0 0 
1 0 0 
1 0 0 
1 0 0 
1 0 0 
1 0 0 
1 0 0 
1 0 0 
1 0 0 
1 0 0 
1 0 0 
1 0 0 
1 0 0 
1 0 0 
1 0 0 
1 0 0 
1 0 0 
1 0 0 
1 0 0 
1 0 0 
1 0 0 
1 0 0 
1 0 0 
1 0 0 
1 0 0 
1 0 0 
1 0 0 
1 0 0 
1 0 0 
1 0 0 
1 0 0 
1 0 0 
1 0 0 
1 0 0 
1 0 0 
1 0 0 
1 0 0 
1 0 0 
1 0 0 
1 0 0 
1 0 0 
1 0 0 
1 0 0 
1 0 0 
1 0 0 
1 0 0 
1 0 0 
1 0 0 
1 0 0 
1 0 0 
1 0 0 
1 0 0 
1 0 0 
1 0 0 
1 0 0 
1 0 0 
1 0 0 
1 0 0 
1 0 0 
1 0 0 
1 0 0 
1 0 0 
1 0 0 
1 0 0 
1 0 0 
1 0 0 
1 0 0 
1 0 0 
1 0 0 
1 0 0 
1 0 0 
1 0 0 
1 0 0 
1 0 0 
1 0 0 
1 0 0 
1 0 0 
1 0 0 
1 0 0 
1 0 0 
1 0 0 
1 0 0 
1 0 0 
1 0 0 
1 0 0 
1 0 0 
1 0 0 
1 0 0 
1 0 0 
1 0 0 
1 0 0 
1 0 0 
1 0 0 
1 0 0 
1 0 0 
1 0 0 
1 0 0 
1 0 0 
1 0 0 
1 0 0 
1 0 0 
1 0 0 
1 0 0 
1 0 0 
1 0 0 
1 0 0 
1 0 0 
1 0 0 
1 0 0 
1 0 0 
1 0 0 
1 0 0 
1 0 0 
1 0 0 
1 0 0 
1 0 0 
1 0 0 
1 0 0 
1 0 0 
1 0 0 
1 0 0 
1 0 0 
1 0 0 
1 0 0 
1 0 0 
1 0 0 
1 0 0 
1 0 0 
1 0 0 
1 0 0 
1 0 0 
1 0 0 
1 0 0 
1 0 0 
1 0 0 
1 0 0 
1 0 0 
1 0 0 
1 0 0 
1 0 0 
1 0 0 
1 0 0 
1 0 0 
1 0 0 
1 0 0 
1 0 0 
1 0 0 
1 0 0 
1 0 0 
1 0 0 
1 0 0 
1 0 0 
1 0 0 
1 0 0 
1 0 0 
1 0 0 
1 0 0 
1 0 0 
1 0 0 
1 0 0 
1 0 0 
1 0 0 
1 0 0 
1 0 0 
1 0 0 
1 0 0 
1 0 0 
1 0 0 
1 0 0 
1 0 0 
1 0 0 
1 0 0 
1 0 0 
1 0 0 
1 0 0 
1 0 0 
1 0 0 
1 0 0 
1 0 0 
1 0 0 
1 0 0 
1 0 0 
1 0 0 
1 0 0 
1 0 0 
1 0 0 
1 0 0 
1 0 0 
1 0 0 
1 0 0 
1 0 0 
1 0 0 
1 0 0 
1 0 0 
1 0 0 
1 0 0 
1 0 0 
1 0 0 
1 0 0 
1 0 0 
1 0 0 
1 0 0 
1 0 0 
1 0 0 
1 0 0 
1 0 0 
1 0 0 
1 0 0 
1 0 0 
1 0 0 
1 0 0 
1 0 0 
1 0 0 
1 0 0 
1 0 0 
1 0 0 
1 0 0 
1 0 0 
1 0 0 
1 0 0 
1 0 0 
1 0 0 
1 0 0 
1 0 0 
1 0 0 
1 0 0 
1 0 0 
1 0 0 
1 0 0 
1 0 0 
1 0 0 
1 0 0 
1 0 0 
1 0 0 
1 0 0 
1 0 0 
1 0 0 
1 0 0 
1 0 0 
1 0 0 
1 0 0 
1 0 0 
1 0 0 
1 0 0 
1 0 0 
1 0 0 
1 0 0 
1 0 0 
1 0 0 
1 0 0 
1 0 0 
1 0 0 
1 0 0 
1 0 0 
1 0 0 
1 0 0 
1 0 0 
1 0 0 
1 0 0 
1 0 0 
1 0 0 
1 0 0 
1 0 0 
1 0 0 
1 0 0 
1 0 0 
1 0 0 
1 0 0 
1 0 0 
1 0 0 
1 0 0 
