2 0 0 
2 0 0 
2 0 0 
2 0 0 
2 0 0 
2 0 0 
2 0 0 
2 0 0 
2 0 0 
2 0 0 
2 0 0 
2 0 0 
2 0 0 
2 0 0 
2 0 0 
2 0 0 
2 0 0 
2 0 0 
2 0 0 
2 0 0 
2 0 0 
2 0 0 
2 0 0 
2 0 0 
2 0 0 
2 0 0 
2 0 0 
2 0 0 
2 0 0 
2 0 0 
2 0 0 
2 0 0 
2 0 0 
2 0 0 
2 0 0 
2 0 0 
2 0 0 
2 0 0 
2 0 0 
2 0 0 
2 0 0 
2 0 0 
2 0 0 
2 0 0 
2 0 0 
2 0 0 
2 0 0 
2 0 0 
2 0 0 
2 0 0 
2 0 0 
2 0 0 
2 0 0 
2 0 0 
2 0 0 
2 0 0 
2 0 0 
2 0 0 
2 0 0 
2 0 0 
2 0 0 
2 0 0 
2 0 0 
2 0 0 
2 0 0 
2 0 0 
2 0 0 
2 0 0 
2 0 0 
2 0 0 
2 0 0 
2 0 0 
2 0 0 
2 0 0 
2 0 0 
2 0 0 
2 0 0 
2 0 0 
2 0 0 
2 0 0 
2 0 0 
2 0 0 
2 0 0 
2 0 0 
2 0 0 
2 0 0 
2 0 0 
2 0 0 
2 0 0 
2 0 0 
2 0 0 
2 0 0 
2 0 0 
2 0 0 
2 0 0 
2 0 0 
2 0 0 
2 0 0 
2 0 0 
2 0 0 
2 0 0 
2 0 0 
2 0 0 
2 0 0 
2 0 0 
2 0 0 
2 0 0 
2 0 0 
2 0 0 
2 0 0 
2 0 0 
2 0 0 
2 0 0 
2 0 0 
2 0 0 
2 0 0 
2 0 0 
2 0 0 
2 0 0 
2 0 0 
2 0 0 
2 0 0 
2 0 0 
2 0 0 
2 0 0 
2 0 0 
2 0 0 
2 0 0 
2 0 0 
2 0 0 
2 0 0 
2 0 0 
2 0 0 
2 0 0 
2 0 0 
2 0 0 
2 0 0 
2 0 0 
2 0 0 
2 0 0 
2 0 0 
2 0 0 
2 0 0 
2 0 0 
2 0 0 
2 0 0 
2 0 0 
2 0 0 
2 0 0 
2 0 0 
2 0 0 
2 0 0 
2 0 0 
2 0 0 
2 0 0 
2 0 0 
2 0 0 
2 0 0 
2 0 0 
2 0 0 
2 0 0 
2 0 0 
2 0 0 
2 0 0 
2 0 0 
2 0 0 
2 0 0 
2 0 0 
2 0 0 
2 0 0 
2 0 0 
2 0 0 
2 0 0 
2 0 0 
2 0 0 
2 0 0 
2 0 0 
2 0 0 
2 0 0 
2 0 0 
2 0 -4.78369e-66 
2 0 0 
2 0 0 
2 0 0 
2 0 0 
2 0 0 
2 0 0 
2 0 0 
2 0 0 
2 0 0 
2 0 0 
2 0 0 
2 0 0 
2 0 0 
2 0 0 
2 0 0 
2 0 0 
2 0 0 
2 0 0 
2 0 4.78369e-66 
2 0 -2.23098e-62 
2 0 -1.56064e-82 
2 0 0 
2 0 0 
2 0 0 
2 0 0 
2 0 0 
2 0 0 
2 0 0 
2 0 0 
2 0 0 
2 0 0 
2 0 0 
2 0 0 
2 0 0 
2 0 0 
2 0 0 
2 0 0 
2 0 3.9016e-83 
2 0 2.23098e-62 
2 0 -1.58034e-57 
2 0 -1.39227e-78 
2 0 0 
2 0 0 
2 0 0 
2 0 0 
2 0 0 
2 0 0 
2 0 0 
2 0 0 
2 0 0 
2 0 0 
2 0 0 
2 0 0 
2 0 0 
2 0 0 
2 0 0 
2 0 0 
2 0 5.10493e-79 
2 0 1.58034e-57 
2 0 -8.00642e-54 
2 0 -6.01614e-75 
2 0 1.48115e-80 
2 0 0 
2 0 0 
2 0 0 
2 0 0 
2 0 0 
2 0 0 
2 0 0 
2 0 0 
2 0 0 
2 0 0 
2 0 0 
2 0 0 
2 0 0 
2 0 0 
2 0 0 
2 0 2.42834e-75 
2 0 8.00642e-54 
2 0 -1.29744e-50 
2 0 -1.54045e-71 
2 0 9.88336e-77 
2 0 0 
2 0 0 
2 0 0 
2 0 0 
2 0 0 
2 0 0 
2 0 0 
2 0 0 
2 0 0 
2 0 0 
2 0 0 
2 0 0 
2 0 0 
2 0 0 
2 0 0 
2 0 6.24353e-72 
2 0 1.29744e-50 
2 0 -1.5812e-47 
2 0 -2.60448e-68 
2 0 3.09838e-73 
2 0 1.24703e-76 
2 0 0 
2 0 0 
2 0 0 
2 0 0 
2 0 0 
2 0 0 
2 0 0 
2 0 0 
2 0 0 
2 0 0 
2 0 0 
2 0 0 
2 0 0 
2 0 -1.0508e-81 
2 0 1.06011e-68 
2 0 1.5812e-47 
2 0 -9.92704e-45 
2 0 -3.12069e-65 
2 0 6.07552e-70 
2 0 7.14364e-73 
2 0 0 
2 0 0 
2 0 0 
2 0 0 
2 0 0 
2 0 0 
2 0 0 
2 0 0 
2 0 0 
2 0 0 
2 0 0 
2 0 0 
2 0 0 
2 0 -4.50955e-73 
2 0 1.31907e-65 
2 0 9.92704e-45 
2 0 -3.94474e-43 
2 0 -2.77863e-62 
2 0 8.36574e-67 
2 0 1.93265e-69 
2 0 0 
2 0 0 
2 0 0 
2 0 0 
2 0 0 
2 0 0 
2 0 0 
2 0 0 
2 0 0 
2 0 0 
2 0 0 
2 0 0 
2 0 0 
2 0 -2.42385e-69 
2 0 1.26622e-62 
2 0 3.94473e-43 
2 0 6.32082e-40 
2 0 -1.89937e-59 
2 0 2.136e-60 
2 0 3.28212e-66 
2 0 0 
2 0 0 
2 0 0 
2 0 0 
2 0 0 
2 0 0 
2 0 0 
2 0 0 
2 0 0 
2 0 0 
2 0 0 
2 0 0 
2 0 -9.98775e-70 
2 0 -8.67542e-62 
2 0 9.58786e-60 
2 0 -6.32085e-40 
2 0 2.74913e-37 
2 0 -1.01999e-56 
2 0 -1.27331e-45 
2 0 3.92253e-63 
2 0 0 
2 0 0 
2 0 0 
2 0 0 
2 0 0 
2 0 0 
2 0 0 
2 0 0 
2 0 0 
2 0 0 
2 0 0 
2 0 0 
2 0 -6.24791e-66 
2 0 1.27331e-45 
2 0 5.77806e-57 
2 0 -2.74923e-37 
2 0 9.81014e-35 
2 0 -4.37807e-54 
2 0 -4.13237e-42 
2 0 3.50525e-60 
2 0 0 
2 0 0 
2 0 0 
2 0 0 
2 0 0 
2 0 0 
2 0 0 
2 0 0 
2 0 0 
2 0 0 
2 0 0 
2 0 0 
2 0 -2.32806e-62 
2 0 4.13237e-42 
2 0 2.78649e-54 
2 0 -1.02732e-34 
2 0 5.2826e-32 
2 0 -1.52118e-51 
2 0 -5.97427e-39 
2 0 2.42904e-57 
2 0 4.71807e-64 
2 0 0 
2 0 0 
2 0 0 
2 0 0 
2 0 0 
2 0 0 
2 0 0 
2 0 0 
2 0 0 
2 0 0 
2 0 -2.89934e-63 
2 0 -5.51253e-59 
2 0 5.97427e-39 
2 0 1.08402e-51 
2 0 -6.16367e-32 
2 0 4.30585e-29 
2 0 -1.20138e-39 
2 0 -5.05673e-36 
2 0 1.33596e-54 
2 0 2.19239e-60 
2 0 0 
2 0 0 
2 0 0 
2 0 0 
2 0 0 
2 0 0 
2 0 0 
2 0 0 
2 0 0 
2 0 0 
2 0 -1.54193e-59 
2 0 -8.63191e-56 
2 0 5.05673e-36 
2 0 3.40322e-49 
2 0 -4.72737e-29 
2 0 2.82895e-26 
2 0 -1.07735e-31 
2 0 -2.76757e-33 
2 0 5.9204e-52 
2 0 4.73933e-57 
2 0 0 
2 0 0 
2 0 0 
2 0 0 
2 0 0 
2 0 0 
2 0 0 
2 0 0 
2 0 0 
2 0 0 
2 0 -3.76372e-56 
2 0 -9.40816e-53 
2 0 2.76757e-33 
2 0 1.08156e-31 
2 0 -2.69623e-26 
2 0 1.1867e-23 
2 0 -2.07489e-28 
2 0 -1.0196e-30 
2 0 2.13493e-49 
2 0 6.33927e-54 
2 0 9.80578e-67 
2 0 0 
2 0 0 
2 0 0 
2 0 0 
2 0 0 
2 0 0 
2 0 0 
2 0 0 
2 0 0 
2 0 -5.60471e-53 
2 0 -7.44244e-50 
2 0 1.0196e-30 
2 0 2.08147e-28 
2 0 -1.00793e-23 
2 0 2.89876e-21 
2 0 -1.60477e-25 
2 0 -2.54726e-28 
2 0 6.30858e-47 
2 0 5.89592e-51 
2 0 4.76606e-63 
2 0 0 
2 0 0 
2 0 0 
2 0 0 
2 0 0 
2 0 0 
2 0 0 
2 0 0 
2 0 0 
2 0 -5.70232e-50 
2 0 -4.40124e-47 
2 0 2.54726e-28 
2 0 1.60865e-25 
2 0 -2.33765e-21 
2 4.74909e-17 3.2701e-19 
2 4.74909e-17 -6.25666e-23 
2 4.74909e-17 -4.59624e-26 
2 4.74909e-17 1.53953e-44 
2 4.74909e-17 4.07042e-48 
2 4.74909e-17 1.08098e-59 
2 4.74909e-17 0 
2 4.74909e-17 0 
2 4.74909e-17 0 
2 4.74909e-17 0 
2 4.74909e-17 0 
2 4.74909e-17 0 
2 4.74909e-17 0 
2 4.74909e-17 0 
2 4.74909e-17 0 
2 4.74909e-17 -4.20272e-47 
2 4.74909e-17 -1.98375e-44 
2 4.74909e-17 8.41922e-26 
2 4.74909e-17 6.26699e-23 
2 4.74909e-17 -2.65604e-19 
2 9.90093e-15 1.27023e-17 
2 9.91676e-15 -1.24479e-20 
2 9.91676e-15 -4.36489e-21 
2 9.91676e-15 3.15354e-42 
2 9.91676e-15 2.17941e-45 
2 9.91676e-15 3.41459e-56 
2 9.91676e-15 0 
2 9.91676e-15 0 
2 9.91676e-15 0 
2 9.91676e-15 0 
2 9.91676e-15 0 
2 9.91676e-15 0 
2 9.91676e-15 0 
2 9.91676e-15 0 
2 9.91676e-15 0 
2 9.91676e-15 -2.31954e-44 
2 9.91676e-15 -6.89292e-42 
2 9.91676e-15 1.02573e-23 
2 9.91676e-15 1.46393e-20 
2 9.90093e-15 -1.2133e-17 
2 3.22298e-13 2.69255e-17 
2 3.22263e-13 -1.06976e-18 
2 3.22253e-13 -3.48892e-18 
2 3.2225e-13 5.63714e-40 
2 3.2225e-13 9.3478e-43 
2 3.2225e-13 9.25655e-53 
2 3.2225e-13 0 
2 3.2225e-13 0 
2 3.2225e-13 0 
2 3.2225e-13 0 
2 3.2225e-13 0 
2 3.2225e-13 0 
2 3.2225e-13 0 
2 3.2225e-13 0 
2 3.2225e-13 0 
2 3.2225e-13 -9.76668e-42 
2 3.2225e-13 -1.85596e-39 
2 3.2225e-13 -9.6618e-22 
2 3.22253e-13 3.72273e-18 
2 3.22286e-13 -2.84641e-17 
2 8.63391e-12 3.83929e-17 
2 8.63358e-12 -1.59542e-17 
2 8.63324e-12 -3.48956e-16 
2 8.63289e-12 9.44745e-38 
2 8.63289e-12 3.28596e-40 
2 8.63289e-12 5.82133e-46 
2 8.63289e-12 0 
2 8.63289e-12 0 
2 8.63289e-12 0 
2 8.63289e-12 0 
2 8.63289e-12 0 
2 8.63289e-12 0 
2 8.63289e-12 0 
2 8.63289e-12 0 
2 8.63289e-12 -5.81967e-46 
2 8.63289e-12 -3.16468e-39 
2 8.63289e-12 -3.8733e-37 
2 8.63324e-12 -5.64265e-19 
2 8.6329e-12 3.65538e-16 
2 8.63357e-12 -5.63475e-17 
2 1.89427e-10 -5.86181e-17 
2 1.89428e-10 -9.7122e-17 
2 1.89428e-10 7.41309e-17 
2 1.89428e-10 1.5849e-35 
2 1.89428e-10 9.56865e-38 
2 1.89428e-10 9.88616e-41 
2 1.89428e-10 1.05686e-56 
2 1.89428e-10 0 
2 1.89428e-10 0 
2 1.89428e-10 0 
2 1.89428e-10 0 
2 1.89428e-10 0 
2 1.89428e-10 0 
2 1.89428e-10 0 
2 1.89428e-10 -9.88584e-41 
2 1.89428e-10 -7.89678e-37 
2 1.89428e-10 -6.24382e-35 
2 1.89428e-10 -7.76531e-17 
2 1.89428e-10 9.19459e-17 
2 1.89428e-10 -3.16631e-17 
2 3.41363e-09 7.15026e-17 
2 3.41363e-09 -1.46326e-16 
2 3.41363e-09 1.98097e-16 
2 3.41363e-09 4.71706e-22 
2 3.41363e-09 7.38262e-35 
2 3.41363e-09 -1.31179e-25 
2 3.41363e-09 8.73049e-49 
2 3.41363e-09 0 
2 3.41363e-09 0 
2 3.41363e-09 0 
2 3.41363e-09 0 
2 3.41363e-09 0 
2 3.41363e-09 0 
2 3.41363e-09 0 
2 3.41363e-09 1.31179e-25 
2 3.41363e-09 -3.82508e-34 
2 3.41363e-09 -1.47862e-32 
2 3.41363e-09 -2.00425e-16 
2 3.41363e-09 1.36681e-16 
2 3.41363e-09 -2.60041e-16 
2 5.08231e-08 1.34267e-16 
2 5.08231e-08 -1.54697e-16 
2 5.08231e-08 7.65018e-17 
2 5.08231e-08 3.80629e-19 
2 5.08231e-08 -1.21277e-24 
2 5.08231e-08 -1.55956e-22 
2 5.08231e-08 -1.43599e-46 
2 5.08231e-08 0 
2 5.08231e-08 0 
2 5.08231e-08 0 
2 5.08231e-08 0 
2 5.08231e-08 0 
2 5.08231e-08 0 
2 5.08231e-08 0 
2 5.08231e-08 1.55956e-22 
2 5.08231e-08 1.21277e-24 
2 5.08231e-08 1.21277e-24 
2 5.08231e-08 -6.63583e-17 
2 5.08231e-08 1.58231e-16 
2 5.08231e-08 -1.81612e-16 
2 6.28723e-07 2.83617e-16 
2 6.28723e-07 -1.52431e-16 
2 6.28723e-07 -2.81741e-16 
2 6.28723e-07 7.94812e-17 
2 6.28723e-07 -9.73763e-22 
2 6.28723e-07 -6.23346e-20 
2 6.28723e-07 -1.18075e-42 
2 6.28723e-07 0 
2 6.28723e-07 0 
2 6.28723e-07 0 
2 6.28723e-07 0 
2 6.28723e-07 0 
2 6.28723e-07 0 
2 6.28723e-07 0 
2 6.28723e-07 6.23346e-20 
2 6.28723e-07 9.73763e-22 
2 6.28723e-07 1.44547e-21 
2 6.28723e-07 3.07909e-16 
2 6.28723e-07 2.33003e-16 
2 6.28723e-07 2.02872e-16 
2 6.49339e-06 -2.72108e-16 
2 6.49339e-06 -1.84078e-16 
2 6.49339e-06 4.32876e-16 
2 6.49339e-06 5.80435e-16 
2 6.49339e-06 -2.04824e-19 
2 6.49339e-06 -8.58802e-18 
2 6.49339e-06 -7.68244e-38 
2 6.49339e-06 -4.13023e-39 
2 6.49339e-06 0 
2 6.49339e-06 0 
2 6.49339e-06 0 
2 6.49339e-06 0 
2 6.49339e-06 4.13023e-39 
2 6.49339e-06 0 
2 6.49339e-06 8.58802e-18 
2 6.49339e-06 2.04824e-19 
2 6.49339e-06 8.49141e-18 
2 6.49339e-06 -1.14955e-16 
2 6.49339e-06 8.156e-17 
2 6.49339e-06 2.41894e-16 
1.99999 5.61677e-05 1.10907e-16 
1.99999 5.61677e-05 2.69991e-16 
1.99999 5.61677e-05 -2.88768e-17 
1.99999 5.61677e-05 1.46569e-18 
1.99999 5.61677e-05 -3.79809e-18 
1.99999 5.61677e-05 -8.69378e-17 
1.99999 5.61677e-05 -5.55218e-35 
1.99999 5.61677e-05 -1.06502e-35 
1.99999 5.61677e-05 0 
1.99999 5.61677e-05 0 
1.99999 5.61677e-05 0 
1.99999 5.61677e-05 0 
1.99999 5.61677e-05 1.06502e-35 
1.99999 5.61677e-05 8.44255e-43 
1.99999 5.61677e-05 8.69378e-17 
1.99999 5.61677e-05 3.79809e-18 
1.99999 5.61677e-05 7.76481e-17 
1.99999 5.61677e-05 -5.04231e-17 
1.99999 5.61677e-05 -6.93812e-16 
1.99999 5.61677e-05 8.85011e-17 
1.99991 0.000407391 -1.26488e-17 
1.99991 0.000407391 3.52077e-16 
1.99991 0.000407391 -1.51463e-16 
1.99991 0.000407391 -2.27407e-16 
1.99991 0.000407391 -8.40171e-18 
1.99991 0.000407391 -5.03197e-16 
1.99991 0.000407391 4.10694e-32 
1.99991 0.000407391 -1.17867e-32 
1.99991 0.000407391 -1.18266e-35 
1.99991 0.000407391 0 
1.99991 0.000407391 0 
1.99991 0.000407391 1.18266e-35 
1.99991 0.000407391 1.17748e-32 
1.99991 0.000407391 2.43493e-39 
1.99991 0.000407391 5.03197e-16 
1.99991 0.000407391 8.40171e-18 
1.99991 0.000407391 2.06817e-16 
1.99991 0.000407391 -1.23514e-16 
1.99991 0.000407391 -1.77137e-17 
1.99991 0.000407391 -1.57204e-16 
1.99944 0.00247407 -1.28833e-16 
1.99944 0.00247407 -1.1917e-16 
1.99944 0.00247407 -1.6721e-16 
1.99944 0.00247407 -8.17844e-17 
1.99944 0.00247407 -3.79889e-18 
1.99944 0.00247407 -8.69581e-17 
1.99944 0.00247407 1.62547e-28 
1.99944 0.00247407 -9.34541e-30 
1.99944 0.00247407 -2.65349e-32 
1.99944 0.00247407 0 
1.99944 0.00247407 0 
1.99944 0.00247407 2.65349e-32 
1.99944 0.00247407 7.24576e-30 
1.99944 0.00247407 3.07282e-36 
1.99944 0.00247407 8.69581e-17 
1.99944 0.00247407 3.79841e-18 
1.99944 0.00247407 7.76545e-17 
1.99944 0.00247407 -3.88884e-17 
1.99944 0.00247407 6.14473e-18 
1.99944 0.00247407 4.19232e-16 
1.99717 0.0125192 2.50379e-16 
1.99717 0.0125192 1.17581e-16 
1.99717 0.0125192 -4.38035e-16 
1.99717 0.0125192 -4.35484e-16 
1.99717 0.0125192 -2.04462e-19 
1.99717 0.0125192 -8.62436e-18 
1.99717 0.0125192 2.06514e-25 
1.99717 0.0125192 -6.12688e-27 
1.99717 0.0125192 -2.48119e-29 
1.99717 0.0125192 0 
1.99717 0.0125192 0 
1.99717 0.0125192 2.48119e-29 
1.99717 0.0125192 2.68843e-27 
1.99717 0.0125192 3.04004e-32 
1.99717 0.0125192 8.62362e-18 
1.99717 0.0125192 2.05278e-19 
1.99717 0.0125192 5.75066e-19 
1.99717 0.0125192 1.23259e-18 
1.99717 0.0125192 7.91637e-18 
1.99717 0.0125192 2.01464e-17 
1.98813 0.0522893 -2.28474e-17 
1.98813 0.0522893 6.44091e-17 
1.98813 0.0522893 3.23591e-16 
1.98813 0.0522893 -2.02543e-16 
1.98813 0.0522893 8.40677e-20 
1.98813 0.0522893 3.8267e-19 
1.98813 0.0522893 1.19927e-22 
1.98813 0.0522893 -1.86935e-24 
1.98813 0.0522893 -1.24155e-26 
1.98813 0.0522893 0 
1.98813 0.0522893 0 
1.98813 0.0522893 1.24074e-26 
1.98813 0.0522893 1.08652e-24 
1.98813 0.0522893 -1.21509e-28 
1.98813 0.0522893 -3.80272e-19 
1.98813 0.0522893 -3.43267e-21 
1.98813 0.0522893 -4.32251e-20 
1.98813 0.0522893 1.29267e-18 
1.98813 0.0522893 1.92805e-19 
1.98813 0.0522893 6.33666e-18 
1.95909 0.178096 6.12561e-16 
1.95909 0.178096 5.91926e-17 
1.95909 0.178096 1.09311e-17 
1.95909 0.178096 -8.4301e-17 
1.95909 0.178096 -2.2173e-18 
1.95909 0.178096 5.01659e-18 
1.95909 0.178096 3.49842e-20 
1.95909 0.178096 1.32726e-21 
1.95909 0.178096 -3.53894e-24 
1.95909 0.178096 -1.38619e-39 
1.95909 0.178096 0 
1.95909 0.178096 3.52629e-24 
1.95909 0.178096 -1.90877e-21 
1.95909 0.178096 -1.99521e-25 
1.95909 0.178096 -4.7596e-18 
1.95909 0.178096 -5.32223e-20 
1.95909 0.178096 -1.10981e-19 
1.95909 0.178096 8.16093e-18 
1.95909 0.178096 6.02127e-18 
1.95909 0.178096 4.75022e-17 
1.88393 0.489588 -1.79071e-16 
1.88393 0.489588 -3.80625e-16 
1.88393 0.489588 3.3423e-16 
1.88393 0.489588 -4.0859e-17 
1.88393 0.489588 -3.52803e-16 
1.88393 0.489588 3.00574e-17 
1.88393 0.489588 4.88347e-18 
1.88393 0.489588 1.59819e-18 
1.88393 0.489588 -5.59953e-22 
1.88393 0.489588 -9.50198e-29 
1.88393 0.489588 9.50198e-29 
1.88393 0.489588 5.52423e-22 
1.88393 0.489588 -1.66074e-18 
1.88393 0.489588 -1.07988e-21 
1.88393 0.489588 -2.67374e-17 
1.88393 0.489588 -4.52839e-19 
1.88393 0.489588 5.22871e-18 
1.88393 0.489588 3.10386e-16 
1.88393 0.489588 5.37969e-16 
1.88393 0.489588 5.90341e-16 
1.75491 0.989697 1.12077e-16 
1.75491 0.989697 -1.17338e-16 
1.75491 0.989697 -2.09136e-16 
1.75491 0.989697 -3.67895e-16 
1.75491 0.989697 -5.8304e-17 
1.75491 0.989697 1.00389e-16 
1.75491 0.989697 2.21703e-16 
1.75491 0.989697 2.16462e-16 
1.75491 0.989697 -4.27188e-20 
1.75491 0.989697 -1.54022e-25 
1.75491 0.989697 1.54022e-25 
1.75491 0.989697 4.06459e-20 
1.75491 0.989697 -1.74309e-16 
1.75491 0.989697 -5.20114e-18 
1.75491 0.989697 7.86133e-17 
1.75491 0.989697 1.37704e-18 
1.75491 0.989697 3.52835e-17 
1.75491 0.989697 9.21111e-17 
1.75491 0.989697 3.00021e-16 
1.75491 0.989697 -3.67715e-16 
1.64976 1.31027 -2.62856e-16 
1.64976 1.31027 -2.15074e-16 
1.64976 1.31027 2.04409e-16 
1.64976 1.31027 -1.83393e-16 
1.64976 1.31027 -1.0088e-15 
1.64976 1.31027 4.91118e-16 
1.64976 1.31027 7.11471e-16 
1.64976 1.31027 1.43319e-16 
1.64976 1.31027 -9.09964e-19 
1.64976 1.31027 -9.72711e-23 
1.64976 1.31027 9.72712e-23 
1.64976 1.31027 4.6523e-18 
1.64976 1.31027 -9.92005e-19 
1.64976 1.31027 -1.81665e-16 
1.64976 1.31027 -1.81105e-16 
1.64976 1.31027 1.43132e-16 
1.64976 1.31027 -8.24347e-16 
1.64976 1.31027 1.79105e-16 
1.64976 1.31027 2.92876e-16 
1.64976 1.31027 -2.91216e-16 
1.5864 1.60404 -1.54626e-17 
1.5864 1.60404 -2.40364e-16 
1.5864 1.60404 -1.78253e-16 
1.5864 1.60404 -7.19502e-17 
1.5864 1.60404 -7.23628e-17 
1.5864 1.60404 8.06793e-18 
1.5864 1.60404 2.18075e-16 
1.5864 1.60404 1.0746e-16 
1.5864 1.60404 -9.25809e-18 
1.5864 1.60404 -2.81612e-20 
1.5864 1.60404 2.81612e-20 
1.5864 1.60404 3.17476e-18 
1.5864 1.60404 1.56781e-17 
1.5864 1.60404 -2.69319e-17 
1.5864 1.60404 -2.62113e-16 
1.5864 1.60404 -6.49725e-17 
1.5864 1.60404 -5.47441e-17 
1.5864 1.60404 -1.38758e-16 
1.5864 1.60404 5.96499e-17 
1.5864 1.60404 2.69712e-16 
1.52046 1.72027 3.45e-16 
1.52046 1.72027 -1.52671e-16 
1.52046 1.72027 -3.66066e-17 
1.52046 1.72027 -1.43369e-16 
1.52046 1.72027 6.88607e-17 
1.52046 1.72027 1.77291e-16 
1.52046 1.72027 3.23199e-16 
1.52046 1.72027 -2.51634e-16 
1.52046 1.72027 -5.4055e-17 
1.52046 1.72027 -3.23627e-18 
1.52046 1.72027 3.28361e-18 
1.52046 1.72027 -1.3222e-18 
1.52046 1.72027 3.44481e-17 
1.52046 1.72027 -2.10719e-17 
1.52046 1.72027 -9.62561e-17 
1.52046 1.72027 -9.03597e-17 
1.52046 1.72027 -4.57286e-17 
1.52046 1.72027 -1.2576e-16 
1.52046 1.72027 3.65469e-17 
1.52046 1.72027 1.61835e-16 
1.47731 1.76957 1.54589e-16 
1.47731 1.76957 2.22298e-16 
1.47731 1.76957 2.84825e-16 
1.47731 1.76957 -8.00677e-17 
1.47731 1.76957 -8.03674e-17 
1.47731 1.76957 -9.63156e-17 
1.47731 1.76957 -6.35565e-17 
1.47731 1.76957 3.92931e-16 
1.47731 1.76957 -1.87674e-16 
1.47731 1.76957 -2.62153e-17 
1.47731 1.76957 2.12878e-17 
1.47731 1.76957 -6.78056e-16 
1.47731 1.76957 6.84768e-17 
1.47731 1.76957 2.53073e-16 
1.47731 1.76957 1.43073e-16 
1.47731 1.76957 -1.80688e-16 
1.47731 1.76957 4.96323e-17 
1.47731 1.76957 1.71107e-17 
1.47731 1.76957 -7.24946e-17 
1.47731 1.76957 1.49054e-16 
1.46941 1.87961 8.8472e-17 
1.46941 1.87961 1.69352e-16 
1.46941 1.87961 1.67847e-16 
1.46941 1.87961 -4.27034e-17 
1.46941 1.87961 -2.05028e-16 
1.46941 1.87961 -1.24676e-16 
1.46941 1.87961 -2.0655e-16 
1.46941 1.87961 -4.84692e-16 
1.46941 1.87961 -1.99652e-16 
1.46941 1.87961 -9.87625e-17 
1.46941 1.87961 -7.45934e-17 
1.46941 1.87961 1.3356e-16 
1.46941 1.87961 1.90348e-16 
1.46941 1.87961 3.10883e-16 
1.46941 1.87961 3.05641e-16 
1.46941 1.87961 8.53386e-17 
1.46941 1.87961 -3.01214e-16 
1.46941 1.87961 -7.28022e-17 
1.46941 1.87961 8.34206e-16 
1.46941 1.87961 1.08386e-16 
1.46322 1.94727 -1.61627e-17 
1.46322 1.94727 3.45381e-17 
1.46322 1.94727 8.90194e-17 
1.46322 1.94727 -1.25472e-16 
1.46322 1.94727 -3.89087e-16 
1.46322 1.94727 -1.13149e-16 
1.46322 1.94727 -4.63262e-17 
1.46322 1.94727 -2.16411e-16 
1.46322 1.94727 -3.49652e-16 
1.46322 1.94727 -1.53608e-16 
1.46322 1.94727 1.44988e-16 
1.46322 1.94727 2.49348e-16 
1.46322 1.94727 2.21196e-16 
1.46322 1.94727 1.11091e-16 
1.46322 1.94727 2.80724e-18 
1.46322 1.94727 1.70601e-17 
1.46322 1.94727 -2.95515e-17 
1.46322 1.94727 -1.94503e-16 
1.46322 1.94727 2.36332e-16 
1.46322 1.94727 7.50917e-17 
1.45339 1.91728 1.97055e-17 
1.45339 1.91728 1.35824e-17 
1.45339 1.91728 6.07374e-17 
1.45339 1.91728 -2.09932e-16 
1.45339 1.91728 -3.70962e-16 
1.45339 1.91728 1.14737e-17 
1.45339 1.91728 -5.19345e-18 
1.45339 1.91728 -1.3162e-16 
1.45339 1.91728 -3.12025e-16 
1.45339 1.91728 -2.53305e-16 
1.45339 1.91728 7.05339e-17 
1.45339 1.91728 2.87592e-16 
1.45339 1.91728 2.02033e-16 
1.45339 1.91728 2.39023e-17 
1.45339 1.91728 -9.34506e-17 
1.45339 1.91728 -5.64896e-17 
1.45339 1.91728 -8.3166e-17 
1.45339 1.91728 -2.25795e-16 
1.45339 1.91728 -3.22766e-17 
1.45339 1.91728 3.10564e-17 
1.44419 1.86678 2.04602e-16 
1.44419 1.86678 2.68344e-16 
1.44419 1.86678 -2.16401e-16 
1.44419 1.86678 -2.95526e-16 
1.44419 1.86678 -1.7322e-16 
1.44419 1.86678 -2.421e-16 
1.44419 1.86678 1.75675e-17 
1.44419 1.86678 -1.03595e-16 
1.44419 1.86678 7.26898e-18 
1.44419 1.86678 -1.1202e-17 
1.44419 1.86678 -2.30371e-18 
1.44419 1.86678 5.13124e-18 
1.44419 1.86678 -1.58477e-16 
1.44419 1.86678 -1.05307e-16 
1.44419 1.86678 -4.61598e-17 
1.44419 1.86678 -6.8972e-18 
1.44419 1.86678 3.29698e-17 
1.44419 1.86678 -5.48746e-16 
1.44419 1.86678 -1.21123e-16 
1.44419 1.86678 1.02849e-16 
1.44583 1.86186 -3.22516e-17 
1.44583 1.86186 1.70913e-17 
1.44583 1.86186 -2.42818e-16 
1.44583 1.86186 -6.09111e-17 
1.44583 1.86186 -2.01302e-16 
1.44583 1.86186 -2.14121e-16 
1.44583 1.86186 7.02449e-17 
1.44583 1.86186 2.69528e-17 
1.44583 1.86186 2.80161e-17 
1.44583 1.86186 -1.79844e-17 
1.44583 1.86186 -3.14003e-17 
1.44583 1.86186 -4.31599e-18 
1.44583 1.86186 -1.6225e-16 
1.44583 1.86186 -8.83141e-17 
1.44583 1.86186 -1.60819e-16 
1.44583 1.86186 -2.21313e-17 
1.44583 1.86186 -1.73421e-16 
1.44583 1.86186 -4.55322e-16 
1.44583 1.86186 -1.62169e-16 
1.44583 1.86186 1.35083e-16 
1.45675 1.91464 1.62556e-17 
1.45675 1.91464 -2.84637e-16 
1.45675 1.91464 -3.13594e-16 
1.45675 1.91464 -2.6426e-16 
1.45675 1.91464 -3.69298e-16 
1.45675 1.91464 -4.28747e-17 
1.45675 1.91464 2.09076e-16 
1.45675 1.91464 1.38692e-16 
1.45675 1.91464 2.17097e-16 
1.45675 1.91464 1.56091e-16 
1.45675 1.91464 -7.33497e-17 
1.45675 1.91464 -1.99736e-16 
1.45675 1.91464 -1.18246e-16 
1.45675 1.91464 2.50817e-16 
1.45675 1.91464 4.80372e-19 
1.45675 1.91464 -3.33859e-16 
1.45675 1.91464 -3.70921e-16 
1.45675 1.91464 -1.37895e-16 
1.45675 1.91464 -1.39756e-16 
1.45675 1.91464 1.21681e-16 
1.46127 1.94002 6.80612e-17 
1.46127 1.94002 -2.34259e-16 
1.46127 1.94002 -5.01058e-16 
1.46127 1.94002 -3.38237e-16 
1.46127 1.94002 -1.48997e-18 
1.46127 1.94002 3.25208e-16 
1.46127 1.94002 3.64843e-16 
1.46127 1.94002 1.50688e-16 
1.46127 1.94002 -7.42738e-17 
1.46127 1.94002 4.74795e-17 
1.46127 1.94002 -5.9637e-17 
1.46127 1.94002 -9.85836e-17 
1.46127 1.94002 9.41419e-17 
1.46127 1.94002 2.32721e-16 
1.46127 1.94002 -2.6873e-16 
1.46127 1.94002 -3.48357e-16 
1.46127 1.94002 -1.47388e-16 
1.46127 1.94002 2.33164e-17 
1.46127 1.94002 2.13704e-16 
1.46127 1.94002 6.15255e-17 
1.45765 1.9243 -3.84177e-16 
1.45765 1.9243 -2.76016e-16 
1.45765 1.9243 -2.66327e-16 
1.45765 1.9243 -1.80671e-16 
1.45765 1.9243 1.94629e-16 
1.45765 1.9243 4.10224e-16 
1.45765 1.9243 4.34016e-16 
1.45765 1.9243 1.5048e-16 
1.45765 1.9243 -1.87057e-16 
1.45765 1.9243 8.4073e-17 
1.45765 1.9243 -1.46453e-17 
1.45765 1.9243 -1.52726e-16 
1.45765 1.9243 1.56068e-16 
1.45765 1.9243 1.4019e-16 
1.45765 1.9243 -2.78659e-16 
1.45765 1.9243 -2.43658e-16 
1.45765 1.9243 -2.60534e-16 
1.45765 1.9243 1.55017e-16 
1.45765 1.9243 2.02769e-16 
1.45765 1.9243 5.68453e-17 
1.44463 1.85767 -1.55744e-16 
1.44463 1.85767 -2.76622e-16 
1.44463 1.85767 -2.80936e-16 
1.44463 1.85767 9.34233e-17 
1.44463 1.85767 1.33603e-16 
1.44463 1.85767 1.72394e-16 
1.44463 1.85767 5.35275e-16 
1.44463 1.85767 4.10905e-16 
1.44463 1.85767 -1.45864e-17 
1.44463 1.85767 -2.9985e-17 
1.44463 1.85767 -2.667e-19 
1.44463 1.85767 -7.32888e-17 
1.44463 1.85767 -1.89359e-19 
1.44463 1.85767 -1.63696e-16 
1.44463 1.85767 -3.0737e-16 
1.44463 1.85767 -2.56589e-16 
1.44463 1.85767 -6.95788e-17 
1.44463 1.85767 1.9712e-16 
1.44463 1.85767 1.26556e-16 
1.44463 1.85767 4.14779e-17 
1.44384 1.84774 -4.34052e-17 
1.44384 1.84774 4.43316e-17 
1.44384 1.84774 7.0791e-17 
1.44384 1.84774 -5.34206e-18 
1.44384 1.84774 -3.30697e-18 
1.44384 1.84774 1.97162e-16 
1.44384 1.84774 3.05835e-16 
1.44384 1.84774 2.96856e-16 
1.44384 1.84774 1.66616e-16 
1.44384 1.84774 -5.2196e-17 
1.44384 1.84774 3.95609e-18 
1.44384 1.84774 -4.63698e-18 
1.44384 1.84774 -1.03764e-17 
1.44384 1.84774 4.96955e-18 
1.44384 1.84774 -2.5142e-16 
1.44384 1.84774 -4.69118e-16 
1.44384 1.84774 -1.97439e-16 
1.44384 1.84774 -9.18958e-17 
1.44384 1.84774 1.10366e-17 
1.44384 1.84774 -1.23416e-17 
1.45229 1.89151 1.42494e-17 
1.45229 1.89151 3.71306e-16 
1.45229 1.89151 1.07382e-16 
1.45229 1.89151 -1.46379e-16 
1.45229 1.89151 1.35214e-16 
1.45229 1.89151 3.96198e-17 
1.45229 1.89151 -6.48202e-17 
1.45229 1.89151 3.98045e-16 
1.45229 1.89151 3.63474e-16 
1.45229 1.89151 -7.63237e-19 
1.45229 1.89151 -2.99916e-24 
1.45229 1.89151 -2.2124e-21 
1.45229 1.89151 -4.29197e-19 
1.45229 1.89151 6.15649e-17 
1.45229 1.89151 -2.92596e-16 
1.45229 1.89151 -6.55074e-16 
1.45229 1.89151 -3.06701e-16 
1.45229 1.89151 -2.51457e-16 
1.45229 1.89151 -1.64828e-16 
1.45229 1.89151 -4.23962e-17 
1.45736 1.92578 7.69961e-17 
1.45736 1.92578 2.88722e-16 
1.45736 1.92578 1.06358e-16 
1.45736 1.92578 8.38157e-17 
1.45736 1.92578 8.77662e-17 
1.45736 1.92578 -1.10371e-16 
1.45736 1.92578 -4.0637e-16 
1.45736 1.92578 2.62082e-16 
1.45736 1.92578 2.96191e-16 
1.45736 1.92578 -2.77976e-21 
1.45736 1.92578 -1.58871e-27 
1.45736 1.92578 -2.99112e-24 
1.45736 1.92578 -1.44311e-18 
1.45736 1.92578 1.3461e-16 
1.45736 1.92578 -2.28437e-16 
1.45736 1.92578 -3.72994e-16 
1.45736 1.92578 -3.70516e-16 
1.45736 1.92578 -2.83126e-16 
1.45736 1.92578 -1.4942e-16 
1.45736 1.92578 -6.251e-17 
1.43883 1.82434 2.3798e-17 
1.43883 1.82434 -3.005e-17 
1.43883 1.82434 8.05189e-17 
1.43883 1.82434 7.81071e-17 
1.43883 1.82434 -1.13075e-16 
1.43883 1.82434 -1.17591e-16 
1.43883 1.82434 -2.91576e-16 
1.43883 1.82434 1.20514e-16 
1.43883 1.82434 3.06687e-16 
1.43883 1.82434 -1.46441e-23 
1.43883 1.82434 0 
1.43883 1.82434 -1.57277e-27 
1.43883 1.82434 -2.10411e-16 
1.43883 1.82434 -5.5008e-17 
1.43883 1.82434 2.27098e-16 
1.43883 1.82434 -1.47219e-16 
1.43883 1.82434 -2.10332e-16 
1.43883 1.82434 -3.06789e-16 
1.43883 1.82434 -3.52663e-16 
1.43883 1.82434 -3.58848e-16 
1.25472 0.9851 8.61947e-16 
1.25472 0.9851 1.44759e-16 
1.25472 0.9851 2.71382e-17 
1.25472 0.9851 1.77867e-16 
1.25472 0.9851 -4.10252e-17 
1.25472 0.9851 -2.24111e-16 
1.25472 0.9851 -2.81888e-16 
1.25472 0.9851 -3.03597e-17 
1.25472 0.9851 1.59987e-16 
1.25472 0.9851 -7.33514e-26 
1.25472 0.9851 0 
1.25472 0.9851 0 
1.25472 0.9851 -1.10706e-16 
1.25472 0.9851 2.86947e-17 
1.25472 0.9851 2.76049e-16 
1.25472 0.9851 -5.23903e-18 
1.25472 0.9851 -8.87169e-17 
1.25472 0.9851 -5.97351e-18 
1.25472 0.9851 -3.21816e-16 
1.25472 0.9851 3.10106e-16 
1.03632 0.119435 -4.46891e-17 
1.03632 0.119435 1.65381e-17 
1.03632 0.119435 2.11373e-18 
1.03632 0.119435 -1.09409e-18 
1.03632 0.119435 -3.07194e-18 
1.03632 0.119435 -3.98177e-18 
1.03632 0.119435 -2.61153e-17 
1.03632 0.119435 -1.01542e-18 
1.03632 0.119435 3.28188e-17 
1.03632 0.119435 -1.59934e-28 
1.03632 0.119435 0 
1.03632 0.119435 0 
1.03632 0.119435 -3.27158e-17 
1.03632 0.119435 8.84829e-19 
1.03632 0.119435 4.1252e-17 
1.03632 0.119435 4.49294e-18 
1.03632 0.119435 -1.30658e-19 
1.03632 0.119435 3.3331e-19 
1.03632 0.119435 -3.36091e-17 
1.03632 0.119435 -3.17492e-16 
1.00344 0.010814 3.94078e-18 
1.00344 0.010814 5.13167e-19 
1.00344 0.010814 7.86592e-20 
1.00344 0.010814 -7.66805e-20 
1.00344 0.010814 -1.17062e-19 
1.00344 0.010814 -1.41254e-19 
1.00344 0.010814 -1.17606e-19 
1.00344 0.010814 -5.97764e-21 
1.00344 0.010814 1.70664e-19 
1.00344 0.010814 -1.53539e-31 
1.00344 0.010814 0 
1.00344 0.010814 0 
1.00344 0.010814 -1.70692e-19 
1.00344 0.010814 5.13451e-21 
1.00344 0.010814 3.09984e-19 
1.00344 0.010814 1.29163e-19 
1.00344 0.010814 2.93682e-20 
1.00344 0.010814 -1.14524e-19 
1.00344 0.010814 -4.91679e-19 
1.00344 0.010814 -2.68916e-18 
1.00031 0.000986819 -4.84849e-20 
1.00031 0.000986819 2.08557e-20 
1.00031 0.000986819 7.71599e-22 
1.00031 0.000986819 -1.49802e-21 
1.00031 0.000986819 -2.84545e-21 
1.00031 0.000986819 -3.77777e-21 
1.00031 0.000986819 -1.81417e-22 
1.00031 0.000986819 -1.71332e-23 
1.00031 0.000986819 2.89869e-22 
1.00031 0.000986819 -8.26119e-35 
1.00031 0.000986819 0 
1.00031 0.000986819 0 
1.00031 0.000986819 -2.89869e-22 
1.00031 0.000986819 1.51688e-23 
1.00031 0.000986819 3.76807e-21 
1.00031 0.000986819 3.02852e-21 
1.00031 0.000986819 6.38183e-22 
1.00031 0.000986819 -6.13546e-21 
1.00031 0.000986819 -1.95177e-20 
1.00031 0.000986819 -9.36497e-20 
1.00003 8.87886e-05 -2.36873e-20 
1.00003 8.87886e-05 1.00862e-22 
1.00003 8.87886e-05 -1.13759e-22 
1.00003 8.87886e-05 -3.5834e-23 
1.00003 8.87886e-05 -4.27729e-23 
1.00003 8.87886e-05 -4.75771e-23 
1.00003 8.87886e-05 -1.02893e-25 
1.00003 8.87886e-05 -2.66009e-26 
1.00003 8.87886e-05 1.65559e-25 
1.00003 8.87886e-05 -2.03267e-38 
1.00003 8.87886e-05 0 
1.00003 8.87886e-05 0 
1.00003 8.87886e-05 -1.65559e-25 
1.00003 8.87886e-05 2.45101e-26 
1.00003 8.87886e-05 4.22228e-23 
1.00003 8.87886e-05 4.1254e-23 
1.00003 8.87886e-05 2.06667e-23 
1.00003 8.87886e-05 1.60881e-22 
1.00003 8.87886e-05 -6.87656e-22 
1.00003 8.87886e-05 -2.91898e-21 
1 7.56437e-06 -4.5478e-22 
1 7.56437e-06 -7.68711e-23 
1 7.56437e-06 -1.80693e-24 
1 7.56437e-06 -1.02625e-24 
1 7.56437e-06 -5.75003e-25 
1 7.56437e-06 -3.76067e-25 
1 7.56437e-06 9.28675e-31 
1 7.56437e-06 -2.29359e-29 
1 7.56437e-06 0 
1 7.56437e-06 0 
1 7.56437e-06 0 
1 7.56437e-06 0 
1 7.56437e-06 0 
1 7.56437e-06 2.08892e-29 
1 7.56437e-06 3.08853e-25 
1 7.56437e-06 4.30578e-25 
1 7.56437e-06 6.8706e-25 
1 7.56437e-06 4.07448e-24 
1 7.56437e-06 -1.24627e-23 
1 7.56437e-06 -4.46684e-23 
1 5.92702e-07 -8.17538e-24 
1 5.92702e-07 -2.73267e-24 
1 5.92702e-07 -3.22322e-26 
1 5.92702e-07 -2.63533e-26 
1 5.92702e-07 -8.88942e-27 
1 5.92702e-07 -2.15479e-27 
1 5.92702e-07 7.40775e-32 
1 5.92702e-07 -1.03575e-32 
1 5.92702e-07 0 
1 5.92702e-07 0 
1 5.92702e-07 0 
1 5.92702e-07 0 
1 5.92702e-07 0 
1 5.92702e-07 7.3312e-33 
1 5.92702e-07 1.53503e-27 
1 5.92702e-07 4.25159e-27 
1 5.92702e-07 1.95579e-26 
1 5.92702e-07 7.60306e-26 
1 5.92702e-07 1.10919e-25 
1 5.92702e-07 1.08493e-24 
1 4.16205e-08 3.40202e-25 
1 4.16205e-08 -4.25876e-26 
1 4.16205e-08 -6.92793e-28 
1 4.16205e-08 -5.31693e-28 
1 4.16205e-08 -1.31477e-28 
1 4.16205e-08 -9.68034e-30 
1 4.16205e-08 5.40735e-35 
1 4.16205e-08 -1.97556e-36 
1 4.16205e-08 0 
1 4.16205e-08 0 
1 4.16205e-08 0 
1 4.16205e-08 0 
1 4.16205e-08 0 
1 4.16205e-08 0 
1 4.16205e-08 5.32809e-30 
1 4.16205e-08 3.79213e-29 
1 4.16205e-08 4.40938e-28 
1 4.16205e-08 1.35185e-27 
1 4.16205e-08 2.83984e-26 
1 4.16205e-08 9.79781e-26 
1 2.56132e-09 2.72269e-26 
1 2.56132e-09 -9.09222e-28 
1 2.56132e-09 -1.13365e-29 
1 2.56132e-09 -8.09742e-30 
1 2.56132e-09 -1.50571e-30 
1 2.56132e-09 -3.5647e-32 
1 2.56132e-09 1.20714e-38 
1 2.56132e-09 -2.57386e-46 
1 2.56132e-09 0 
1 2.56132e-09 0 
1 2.56132e-09 0 
1 2.56132e-09 0 
1 2.56132e-09 0 
1 2.56132e-09 0 
1 2.56132e-09 1.29757e-32 
1 2.56132e-09 2.72199e-31 
1 2.56132e-09 7.54447e-30 
1 2.56132e-09 1.8747e-29 
1 2.56132e-09 2.52899e-28 
1 2.56132e-09 1.54934e-27 
1 1.35735e-10 4.04508e-28 
1 1.35735e-10 -1.99395e-29 
1 1.35735e-10 -8.33421e-32 
1 1.35735e-10 -9.28007e-32 
1 1.35735e-10 -1.26877e-32 
1 1.35735e-10 -1.0855e-34 
1 1.35735e-10 1.77708e-41 
1 1.35735e-10 0 
1 1.35735e-10 0 
1 1.35735e-10 0 
1 1.35735e-10 0 
1 1.35735e-10 0 
1 1.35735e-10 0 
1 1.35735e-10 0 
1 1.35735e-10 2.19811e-35 
1 1.35735e-10 1.49209e-33 
1 1.35735e-10 9.5527e-32 
1 1.35735e-10 1.65694e-31 
1 1.35735e-10 3.42806e-30 
1 1.35735e-10 5.95026e-29 
1 6.10812e-12 6.06258e-30 
1 6.10812e-12 -3.45743e-31 
1 6.10812e-12 4.71791e-33 
1 6.10812e-12 -8.09267e-34 
1 6.10812e-12 -7.9474e-35 
1 6.10812e-12 -2.59127e-37 
1 6.10812e-12 2.00842e-44 
1 6.10812e-12 0 
1 6.10812e-12 0 
1 6.10812e-12 0 
1 6.10812e-12 0 
1 6.10812e-12 0 
1 6.10812e-12 0 
1 6.10812e-12 0 
1 6.10812e-12 2.52992e-38 
1 6.10812e-12 6.19361e-36 
1 6.10812e-12 8.96705e-34 
1 6.10812e-12 -1.62966e-33 
1 6.10812e-12 5.84465e-32 
1 6.10812e-12 2.1462e-30 
1 2.30655e-13 8.23544e-32 
1 2.30655e-13 -4.5224e-33 
1 2.30655e-13 1.08011e-34 
1 2.30655e-13 -5.44811e-36 
1 2.30655e-13 -3.77472e-37 
1 2.30655e-13 -2.40725e-40 
1 2.30655e-13 1.65662e-47 
1 2.30655e-13 0 
1 2.30655e-13 0 
1 2.30655e-13 0 
1 2.30655e-13 0 
1 2.30655e-13 0 
1 2.30655e-13 0 
1 2.30655e-13 0 
1 2.30655e-13 1.88356e-41 
1 2.30655e-13 1.95611e-38 
1 2.30655e-13 6.33811e-36 
1 2.30655e-13 -1.44116e-34 
1 2.30655e-13 8.88574e-34 
1 2.30655e-13 5.10193e-32 
1 7.29442e-15 5.48668e-34 
1 7.29442e-15 -4.51268e-35 
1 7.29442e-15 8.53195e-37 
1 7.29442e-15 -2.86939e-38 
1 7.29442e-15 -1.3823e-39 
1 7.29442e-15 2.78545e-42 
1 7.29442e-15 9.37651e-51 
1 7.29442e-15 0 
1 7.29442e-15 0 
1 7.29442e-15 0 
1 7.29442e-15 0 
1 7.29442e-15 0 
1 7.29442e-15 0 
1 7.29442e-15 0 
1 7.29442e-15 8.17388e-45 
1 7.29442e-15 4.72278e-41 
1 7.29442e-15 3.43337e-38 
1 7.29442e-15 -9.26691e-37 
1 7.29442e-15 1.12292e-35 
1 7.29442e-15 8.95976e-34 
1 1.10646e-16 -3.63791e-35 
1 1.10646e-16 -3.52352e-37 
1 1.10646e-16 4.02199e-39 
1 1.10646e-16 -1.19477e-40 
1 1.10646e-16 -3.94702e-42 
1 1.10646e-16 7.88725e-45 
1 1.10646e-16 3.25972e-54 
1 1.10646e-16 0 
1 1.10646e-16 0 
1 1.10646e-16 0 
1 1.10646e-16 0 
1 1.10646e-16 0 
1 1.10646e-16 0 
1 1.10646e-16 0 
1 1.10646e-16 1.56925e-48 
1 1.10646e-16 8.71641e-44 
1 1.10646e-16 1.44653e-40 
1 1.10646e-16 -3.0447e-39 
1 1.10646e-16 1.14538e-37 
1 1.10646e-16 1.1405e-35 
1 0 -8.66355e-37 
1 0 -2.21226e-39 
1 0 1.25459e-41 
1 0 -3.96133e-43 
1 0 -8.83903e-45 
1 0 8.65367e-48 
1 0 5.25902e-58 
1 0 0 
1 0 0 
1 0 0 
1 0 0 
1 0 0 
1 0 0 
1 0 0 
1 0 0 
1 0 1.22095e-46 
1 0 4.78891e-43 
1 0 -7.7475e-42 
1 0 9.33269e-40 
1 0 1.06216e-37 
1 0 -6.91193e-39 
1 0 -1.14414e-41 
1 0 3.10772e-44 
1 0 -1.04956e-45 
1 0 -1.55313e-47 
1 0 7.715e-51 
1 0 0 
1 0 0 
1 0 0 
1 0 0 
1 0 0 
1 0 0 
1 0 0 
1 0 0 
1 0 0 
1 0 1.27628e-49 
1 0 1.25267e-45 
1 0 -2.05093e-44 
1 0 6.08762e-42 
1 0 7.51903e-40 
1 0 -3.39957e-41 
1 0 -4.96449e-44 
1 0 7.32837e-47 
1 0 -2.22079e-48 
1 0 -2.1302e-50 
1 0 3.82718e-54 
1 0 0 
1 0 0 
1 0 0 
1 0 0 
1 0 0 
1 0 0 
1 0 0 
1 0 0 
1 0 0 
1 0 9.64843e-53 
1 0 2.59035e-48 
1 0 -5.96756e-47 
1 0 3.20192e-44 
1 0 4.22902e-42 
1 0 -1.20458e-43 
1 0 -1.82772e-46 
1 0 1.78878e-49 
1 0 -3.72218e-51 
1 0 -2.2537e-53 
1 0 1.00277e-57 
1 0 0 
1 0 0 
1 0 0 
1 0 0 
1 0 0 
1 0 0 
1 0 0 
1 0 0 
1 0 0 
1 0 4.98487e-56 
1 0 4.21378e-51 
1 0 -1.70581e-49 
1 0 1.36881e-46 
1 0 1.96748e-44 
1 0 -3.77739e-46 
1 0 -5.7334e-49 
1 0 4.31442e-52 
1 0 -4.71844e-54 
1 0 -1.80139e-56 
1 0 1.76733e-61 
1 0 0 
1 0 0 
1 0 0 
1 0 0 
1 0 0 
1 0 0 
1 0 0 
1 0 0 
1 0 0 
1 0 1.57509e-59 
1 0 5.33081e-54 
1 0 -4.37741e-52 
1 0 4.78792e-49 
1 0 7.80689e-47 
1 0 -1.166e-48 
1 0 -1.53012e-51 
1 0 9.50323e-55 
1 0 -1.14558e-57 
1 0 -1.05103e-59 
1 0 1.12049e-65 
1 0 0 
1 0 0 
1 0 0 
1 0 0 
1 0 0 
1 0 0 
1 0 0 
1 0 0 
1 0 0 
1 0 2.29591e-63 
1 0 5.13892e-57 
1 0 -9.72972e-55 
1 0 1.37671e-51 
1 0 2.68779e-49 
1 0 -3.42978e-51 
1 0 -3.45555e-54 
1 0 1.8149e-57 
1 0 1.75945e-59 
1 0 -4.22097e-63 
1 0 1.57684e-69 
1 0 0 
1 0 0 
1 0 0 
1 0 0 
1 0 0 
1 0 0 
1 0 0 
1 0 0 
1 0 0 
1 0 0 
1 0 3.64821e-60 
1 0 -1.84564e-57 
1 0 3.26164e-54 
1 0 8.058e-52 
1 0 -8.97475e-54 
1 0 -6.55312e-57 
1 0 2.92221e-60 
1 0 2.80813e-62 
1 0 -1.0431e-66 
1 0 0 
1 0 0 
1 0 0 
1 0 0 
1 0 0 
1 0 0 
1 0 0 
1 0 0 
1 0 0 
1 0 0 
1 0 0 
1 0 1.79847e-63 
1 0 -2.95051e-60 
1 0 6.36583e-57 
1 0 2.09144e-54 
1 0 -2.00287e-56 
1 0 -1.03396e-59 
1 0 3.89629e-63 
1 0 1.81741e-65 
1 0 -1.19705e-70 
1 0 0 
1 0 0 
1 0 0 
1 0 0 
1 0 0 
1 0 0 
1 0 0 
1 0 0 
1 0 0 
1 0 0 
1 0 0 
1 0 5.50028e-67 
1 0 -3.91642e-63 
1 0 1.02056e-59 
1 0 4.6526e-57 
1 0 -3.72977e-59 
1 0 -1.34257e-62 
1 0 4.23008e-66 
1 0 5.0371e-69 
1 0 0 
1 0 0 
1 0 0 
1 0 0 
1 0 0 
1 0 0 
1 0 0 
1 0 0 
1 0 0 
1 0 0 
1 0 0 
1 0 0 
1 0 7.86166e-71 
1 0 -4.24152e-66 
1 0 1.3358e-62 
1 0 8.77471e-60 
1 0 -5.7129e-62 
1 0 -1.41551e-65 
1 0 3.66462e-69 
1 0 1.20464e-72 
1 0 0 
1 0 0 
1 0 0 
1 0 0 
1 0 0 
1 0 0 
1 0 0 
1 0 0 
1 0 0 
1 0 0 
1 0 0 
1 0 0 
1 0 0 
1 0 -3.66969e-69 
1 0 1.41327e-65 
1 0 1.38758e-62 
1 0 -7.10176e-65 
1 0 -1.19072e-68 
1 0 2.46588e-72 
1 0 1.5118e-76 
1 0 0 
1 0 0 
1 0 0 
1 0 0 
1 0 0 
1 0 0 
1 0 0 
1 0 0 
1 0 0 
1 0 0 
1 0 0 
1 0 0 
1 0 0 
1 0 -2.46754e-72 
1 0 1.19027e-68 
1 0 1.81793e-65 
1 0 -7.05163e-68 
1 0 -7.7987e-72 
1 0 1.23928e-75 
1 0 0 
1 0 0 
1 0 0 
1 0 0 
1 0 0 
1 0 0 
1 0 0 
1 0 0 
1 0 0 
1 0 0 
1 0 0 
1 0 0 
1 0 0 
1 0 0 
1 0 -1.23963e-75 
1 0 7.7979e-72 
1 0 1.94514e-68 
1 0 -5.47438e-71 
1 0 -3.8346e-75 
1 0 4.36879e-79 
1 0 0 
1 0 0 
1 0 0 
1 0 0 
1 0 0 
1 0 0 
1 0 0 
1 0 0 
1 0 0 
1 0 0 
1 0 0 
1 0 0 
1 0 0 
1 0 0 
1 0 -4.36911e-79 
1 0 3.83435e-75 
1 0 1.66799e-71 
1 0 -3.22272e-74 
1 0 -1.33365e-78 
1 0 9.61652e-83 
1 0 0 
1 0 0 
1 0 0 
1 0 0 
1 0 0 
1 0 0 
1 0 0 
1 0 0 
1 0 0 
1 0 0 
1 0 0 
1 0 0 
1 0 0 
1 0 0 
1 0 -9.61652e-83 
1 0 1.33361e-78 
1 0 1.11652e-74 
1 0 -1.37374e-77 
1 0 -2.93269e-82 
1 0 9.91925e-87 
1 0 0 
1 0 0 
1 0 0 
1 0 0 
1 0 0 
1 0 0 
1 0 0 
1 0 0 
1 0 0 
1 0 0 
1 0 0 
1 0 0 
1 0 0 
1 0 0 
1 0 -9.91925e-87 
1 0 2.93266e-82 
1 0 5.61028e-78 
1 0 -3.93324e-81 
1 0 -3.07682e-86 
1 0 0 
1 0 0 
1 0 0 
1 0 0 
1 0 0 
1 0 0 
1 0 0 
1 0 0 
1 0 0 
1 0 0 
1 0 0 
1 0 0 
1 0 0 
1 0 0 
1 0 0 
1 0 0 
1 0 3.07682e-86 
1 0 1.98676e-81 
1 0 -6.58343e-85 
1 0 0 
1 0 0 
1 0 0 
1 0 0 
1 0 0 
1 0 0 
1 0 0 
1 0 0 
1 0 0 
1 0 0 
1 0 0 
1 0 0 
1 0 0 
1 0 0 
1 0 0 
1 0 0 
1 0 0 
1 0 0 
1 0 4.41236e-85 
1 0 -4.61194e-89 
1 0 0 
1 0 0 
1 0 0 
1 0 0 
1 0 0 
1 0 0 
1 0 0 
1 0 0 
1 0 0 
1 0 0 
1 0 0 
1 0 0 
1 0 0 
1 0 0 
1 0 0 
1 0 0 
1 0 0 
1 0 0 
1 0 4.61194e-89 
1 0 0 
1 0 0 
1 0 0 
1 0 0 
1 0 0 
1 0 0 
1 0 0 
1 0 0 
1 0 0 
1 0 0 
1 0 0 
1 0 0 
1 0 0 
1 0 0 
1 0 0 
1 0 0 
1 0 0 
1 0 0 
1 0 0 
1 0 0 
1 0 0 
1 0 0 
1 0 0 
1 0 0 
1 0 0 
1 0 0 
1 0 0 
1 0 0 
1 0 0 
1 0 0 
1 0 0 
1 0 0 
1 0 0 
1 0 0 
1 0 0 
1 0 0 
1 0 0 
1 0 0 
1 0 0 
1 0 0 
1 0 0 
1 0 0 
1 0 0 
1 0 0 
1 0 0 
1 0 0 
1 0 0 
1 0 0 
1 0 0 
1 0 0 
1 0 0 
1 0 0 
1 0 0 
1 0 0 
1 0 0 
1 0 0 
1 0 0 
1 0 0 
1 0 0 
1 0 0 
1 0 0 
1 0 0 
1 0 0 
1 0 0 
1 0 0 
1 0 0 
1 0 0 
1 0 0 
1 0 0 
1 0 0 
1 0 0 
1 0 0 
1 0 0 
1 0 0 
1 0 0 
1 0 0 
1 0 0 
1 0 0 
1 0 0 
1 0 0 
1 0 0 
1 0 0 
1 0 0 
1 0 0 
1 0 0 
1 0 0 
1 0 0 
1 0 0 
1 0 0 
1 0 0 
1 0 0 
1 0 0 
1 0 0 
1 0 0 
1 0 0 
1 0 0 
1 0 0 
1 0 0 
1 0 0 
1 0 0 
1 0 0 
1 0 0 
1 0 0 
1 0 0 
1 0 0 
1 0 0 
1 0 0 
1 0 0 
1 0 0 
1 0 0 
1 0 0 
1 0 0 
1 0 0 
1 0 0 
1 0 0 
1 0 0 
1 0 0 
1 0 0 
1 0 0 
1 0 0 
1 0 0 
1 0 0 
1 0 0 
1 0 0 
1 0 0 
1 0 0 
1 0 0 
1 0 0 
1 0 0 
1 0 0 
1 0 0 
1 0 0 
1 0 0 
1 0 0 
1 0 0 
1 0 0 
1 0 0 
1 0 0 
1 0 0 
1 0 0 
1 0 0 
1 0 0 
1 0 0 
1 0 0 
1 0 0 
1 0 0 
1 0 0 
1 0 0 
1 0 0 
1 0 0 
1 0 0 
1 0 0 
1 0 0 
1 0 0 
1 0 0 
1 0 0 
1 0 0 
1 0 0 
1 0 0 
1 0 0 
1 0 0 
1 0 0 
1 0 0 
1 0 0 
1 0 0 
1 0 0 
1 0 0 
1 0 0 
1 0 0 
1 0 0 
1 0 0 
1 0 0 
1 0 0 
1 0 0 
1 0 0 
1 0 0 
1 0 0 
1 0 0 
1 0 0 
1 0 0 
1 0 0 
1 0 0 
1 0 0 
1 0 0 
1 0 0 
1 0 0 
1 0 0 
1 0 0 
1 0 0 
1 0 0 
1 0 0 
1 0 0 
1 0 0 
1 0 0 
1 0 0 
1 0 0 
1 0 0 
1 0 0 
1 0 0 
1 0 0 
1 0 0 
1 0 0 
1 0 0 
1 0 0 
1 0 0 
1 0 0 
1 0 0 
1 0 0 
1 0 0 
1 0 0 
1 0 0 
1 0 0 
1 0 0 
1 0 0 
1 0 0 
1 0 0 
1 0 0 
1 0 0 
1 0 0 
1 0 0 
1 0 0 
1 0 0 
1 0 0 
1 0 0 
1 0 0 
1 0 0 
1 0 0 
1 0 0 
1 0 0 
1 0 0 
1 0 0 
1 0 0 
1 0 0 
1 0 0 
1 0 0 
1 0 0 
1 0 0 
1 0 0 
1 0 0 
1 0 0 
1 0 0 
1 0 0 
1 0 0 
1 0 0 
1 0 0 
1 0 0 
1 0 0 
1 0 0 
1 0 0 
1 0 0 
1 0 0 
1 0 0 
1 0 0 
1 0 0 
1 0 0 
1 0 0 
1 0 0 
1 0 0 
1 0 0 
1 0 0 
1 0 0 
1 0 0 
1 0 0 
1 0 0 
1 0 0 
1 0 0 
1 0 0 
1 0 0 
1 0 0 
1 0 0 
1 0 0 
1 0 0 
1 0 0 
1 0 0 
1 0 0 
1 0 0 
1 0 0 
1 0 0 
1 0 0 
1 0 0 
1 0 0 
1 0 0 
1 0 0 
1 0 0 
1 0 0 
1 0 0 
1 0 0 
1 0 0 
1 0 0 
1 0 0 
1 0 0 
1 0 0 
1 0 0 
1 0 0 
1 0 0 
1 0 0 
1 0 0 
1 0 0 
1 0 0 
1 0 0 
1 0 0 
1 0 0 
1 0 0 
1 0 0 
1 0 0 
1 0 0 
1 0 0 
1 0 0 
1 0 0 
1 0 0 
1 0 0 
1 0 0 
1 0 0 
1 0 0 
1 0 0 
1 0 0 
1 0 0 
1 0 0 
1 0 0 
1 0 0 
1 8.94515e-64 0 
1 2.80079e-64 0 
1 3.77301e-63 0 
1 1.6047e-61 0 
1 5.53375e-60 0 
1 1.56467e-58 0 
1 3.66442e-57 0 
1 7.15326e-56 0 
1 1.16753e-54 0 
1 1.59394e-53 0 
1 1.81404e-52 0 
1 1.70721e-51 0 
1 1.31537e-50 0 
1 8.27013e-50 0 
1 3.99264e-49 0 
1 7.44987e-49 0 
1 -1.00619e-49 0 
1 -6.48194e-48 0 
1 3.10801e-50 0 
1 1.72676e-46 0 
1 6.05333e-49 0 
1 8.05654e-48 0 
1 3.05174e-46 0 
1 9.59255e-45 0 
1 2.51681e-43 0 
1 5.54132e-42 0 
1 1.02818e-40 0 
1 1.61297e-39 0 
1 2.14483e-38 0 
1 2.42292e-37 0 
1 2.30985e-36 0 
1 1.87042e-35 0 
1 1.28269e-34 0 
1 3.18015e-34 0 
1 -4.53674e-35 0 
1 -5.3615e-33 0 
1 -3.44636e-32 0 
1 -1.39639e-31 0 
1 -4.7201e-31 0 
1 -1.10341e-30 0 
1 -1.83786e-37 2.18075e-37 
1 -9.98384e-36 0 
1 -4.43604e-34 0 
1 -1.62376e-32 0 
1 -4.94841e-31 0 
1 -1.2675e-29 0 
1 -2.75083e-28 0 
1 -5.09148e-27 0 
1 -8.07777e-26 0 
1 -1.10262e-24 0 
1 -1.29822e-23 0 
1 -1.32036e-22 0 
1 -1.16054e-21 0 
1 -8.81183e-21 0 
1 -5.77237e-20 0 
1 -3.25569e-19 0 
1 -1.57668e-18 0 
1 -6.53896e-18 0 
1 -2.31067e-17 0 
1 -7.06374e-17 0 
1 -1.59667e-16 0 
1 -2.73289e-16 -8.77969e-17 
1 -5.84259e-42 9.50457e-40 
1 -7.03845e-44 3.23687e-39 
1 -1.46097e-42 0 
1 -1.22767e-40 0 
1 -8.29364e-39 0 
1 -4.5262e-37 0 
1 -2.01388e-35 0 
1 -7.38414e-34 0 
1 -2.25492e-32 0 
1 -5.78984e-31 0 
1 -1.26017e-29 0 
1 -2.34032e-28 0 
1 -3.72769e-27 0 
1 -5.11168e-26 0 
1 -6.05009e-25 0 
1 -6.18981e-24 0 
1 -5.47689e-23 0 
1 -4.18989e-22 0 
1 -2.76867e-21 0 
1 -1.57832e-20 0 
1 -7.75496e-20 0 
1 -3.28702e-19 0 
1 -1.2072e-18 -3.22027e-17 
1 -3.87864e-18 -2.61502e-17 
1 -1.61375e-47 5.87951e-45 
1 -1.00794e-49 2.45651e-42 
1 -5.15633e-52 1.13104e-41 
1 4.33811e-52 3.85833e-41 
1 8.44788e-50 0 
1 1.34368e-47 0 
1 1.73462e-45 0 
1 1.805e-43 0 
1 1.50681e-41 0 
1 1.00879e-39 0 
1 5.44396e-38 0 
1 2.3894e-36 0 
1 8.61905e-35 0 
1 2.58145e-33 0 
1 6.47777e-32 0 
1 1.37211e-30 0 
1 2.46774e-29 0 
1 3.78632e-28 0 
1 4.97797e-27 0 
1 5.6341e-26 0 
1 5.51229e-25 0 
1 4.67284e-24 0 
1 3.43731e-23 0 
1 2.18985e-22 0 
1 1.19602e-21 -1.00261e-17 
1 4.49542e-21 -9.84481e-18 
1 6.08699e-21 -2.78994e-18 
1 -1.62167e-20 -3.63231e-19 
1 -1.32866e-50 4.11666e-48 
1 -6.78909e-53 4.52746e-47 
1 -3.95607e-55 2.34395e-44 
1 -3.11664e-53 1.08136e-43 
1 -7.39693e-51 3.69377e-43 
1 -1.44548e-48 0 
1 -2.31168e-46 0 
1 -3.00498e-44 0 
1 -3.15468e-42 0 
1 -2.66338e-40 0 
1 -1.80848e-38 0 
1 -9.92954e-37 0 
1 -4.44888e-35 0 
1 -1.64403e-33 0 
1 -5.06385e-32 0 
1 -1.3125e-30 0 
1 -2.88601e-29 0 
1 -5.41965e-28 0 
1 -8.73819e-27 0 
1 -1.21453e-25 0 
1 -1.45954e-24 0 
1 -1.51944e-23 0 
1 -1.37167e-22 0 
1 -1.07378e-21 0 
1 -7.28163e-21 0 
1 -4.26807e-20 -2.66233e-18 
1 -2.15512e-19 -3.16201e-18 
1 -9.33161e-19 -8.64132e-19 
1 -3.45446e-18 -8.99563e-20 
1 -1.07765e-17 -3.70457e-18 
1 -1.05876e-56 7.10047e-54 
1 -3.6817e-59 5.55175e-51 
1 -7.9574e-60 2.56846e-50 
1 -3.2632e-57 2.83321e-49 
1 -1.12783e-54 1.80561e-46 
1 -3.23234e-52 8.343e-46 
1 -7.65993e-50 2.85286e-45 
1 -1.49397e-47 0 
1 -2.38343e-45 0 
1 -3.08875e-43 0 
1 -3.23005e-41 0 
1 -2.71371e-39 0 
1 -1.83158e-37 0 
1 -9.98416e-36 0 
1 -4.43605e-34 0 
1 -1.62376e-32 0 
1 -4.94843e-31 0 
1 -1.26753e-29 0 
1 -2.75104e-28 0 
1 -5.09269e-27 0 
1 -8.08278e-26 0 
1 -1.10417e-24 0 
1 -1.30194e-23 0 
1 -1.3274e-22 0 
1 -1.17119e-21 0 
1 -8.94141e-21 0 
1 -5.89946e-20 0 
1 -3.3557e-19 -6.04103e-19 
1 -1.63956e-18 -8.74731e-19 
1 -6.84488e-18 -2.31593e-19 
1 -2.43433e-17 -1.94289e-20 
1 -7.21671e-17 -1.08805e-18 
1 -1.69104e-16 -3.90973e-17 
1 -2.28428e-16 -9.51264e-17 
1 -4.84247e-60 2.69388e-57 
1 -1.39576e-62 2.98444e-56 
1 -3.34078e-65 2.83325e-53 
1 -6.79592e-68 1.31205e-52 
1 -1.1549e-66 1.45075e-51 
1 -7.03198e-64 1.13025e-48 
1 -3.53438e-61 5.22887e-48 
1 -1.47211e-58 1.78948e-47 
1 -5.08863e-56 0 
1 -1.45863e-53 0 
1 -3.45736e-51 0 
1 -6.7449e-49 0 
1 -1.07642e-46 0 
1 -1.39556e-44 0 
1 -1.46021e-42 0 
1 -1.22767e-40 0 
1 -8.29365e-39 0 
1 -4.5262e-37 0 
1 -2.01388e-35 0 
1 -7.38419e-34 0 
1 -2.25496e-32 0 
1 -5.79014e-31 0 
1 -1.26035e-29 0 
1 -2.34126e-28 0 
1 -3.73128e-27 0 
1 -5.12219e-26 0 
1 -6.0741e-25 0 
1 -6.23315e-24 0 
1 -5.5394e-23 -1.17523e-19 
1 -4.26241e-22 -2.07803e-19 
1 -2.83667e-21 -5.35342e-20 
1 -1.62996e-20 -3.65785e-21 
1 -8.07345e-20 -2.36913e-19 
1 -3.44719e-19 -1.32519e-17 
1 -1.27372e-18 -3.464e-17 
1 -4.10325e-18 -2.76852e-17 
1 -1.23183e-66 1.4554e-63 
1 -2.44163e-69 2.01714e-60 
1 -3.99639e-72 9.35458e-60 
1 -5.36213e-75 1.03798e-58 
1 -5.83154e-78 1.19108e-55 
1 -5.08418e-81 5.52013e-55 
1 -5.07605e-80 6.1154e-54 
1 -7.52047e-77 5.7888e-51 
1 -8.66275e-74 2.6807e-50 
1 -7.952e-71 9.18027e-50 
1 -5.9151e-68 0 
1 -3.60574e-65 0 
1 -1.81433e-62 0 
1 -7.56693e-60 0 
1 -2.61978e-57 0 
1 -7.52381e-55 0 
1 -1.7875e-52 0 
1 -3.49721e-50 0 
1 -5.60123e-48 0 
1 -7.29472e-46 0 
1 -7.67622e-44 0 
1 -6.49991e-42 0 
1 -4.42958e-40 0 
1 -2.44267e-38 0 
1 -1.1e-36 0 
1 -4.08876e-35 0 
1 -1.26786e-33 0 
1 -3.31137e-32 0 
1 -7.34512e-31 0 
1 -1.39323e-29 0 
1 -2.27237e-28 -1.96667e-20 
1 -3.20059e-27 -4.24239e-20 
1 -3.90537e-26 -1.06744e-20 
1 -4.13736e-25 -6.0005e-22 
1 -3.81025e-24 -4.53918e-20 
1 -3.05151e-23 -3.80569e-18 
1 -2.12426e-22 -1.07404e-17 
1 -1.28401e-21 -1.02716e-17 
1 -6.76447e-21 -2.91818e-18 
1 -3.0487e-20 -2.44633e-19 
1 -3.21165e-70 3.12987e-67 
1 -5.25576e-73 3.48117e-66 
1 -7.05077e-76 5.81009e-63 
1 -7.66697e-79 2.69589e-62 
1 -6.64539e-82 2.99521e-61 
1 -4.47852e-85 4.14317e-58 
1 -2.2627e-88 1.92141e-57 
1 -1.19688e-87 2.13195e-56 
1 -3.36926e-84 2.44063e-53 
1 -6.6713e-81 1.13111e-52 
1 -9.88629e-78 3.87566e-52 
1 -1.13893e-74 0 
1 -1.04563e-71 0 
1 -7.77913e-69 0 
1 -4.74288e-66 0 
1 -2.38704e-63 0 
1 -9.958e-61 0 
1 -3.44866e-58 0 
1 -9.90794e-56 0 
1 -2.35498e-53 0 
1 -4.61009e-51 0 
1 -7.38889e-49 0 
1 -9.63157e-47 0 
1 -1.0147e-44 0 
1 -8.60463e-43 0 
1 -5.87466e-41 0 
1 -3.24679e-39 0 
1 -1.466e-37 0 
1 -5.46608e-36 0 
1 -1.701e-34 0 
1 -4.46082e-33 0 
1 -9.94097e-32 -2.83935e-21 
1 -1.89567e-30 -7.45366e-21 
1 -3.11068e-29 -1.83767e-21 
1 -4.41194e-28 -8.5757e-23 
1 -5.42671e-27 -7.63644e-21 
1 -5.80245e-26 -9.29005e-19 
1 -5.40136e-25 -2.82825e-18 
1 -4.38032e-24 -3.31504e-18 
1 -3.09452e-23 -9.06285e-19 
1 -1.90314e-22 -6.45868e-20 
1 -1.01784e-21 -9.55036e-21 
1 -2.59195e-77 5.47078e-74 
1 -2.81637e-80 1.33548e-70 
1 -2.43952e-83 6.20176e-70 
1 -1.64312e-86 6.90417e-69 
1 -8.28472e-90 1.38986e-65 
1 -2.93834e-93 6.45184e-65 
1 -6.52789e-97 7.17596e-64 
1 -6.82176e-101 1.19572e-60 
1 0 5.54812e-60 
1 0 6.16405e-59 
1 0 8.50984e-56 
1 -1.02011e-96 3.94644e-55 
1 -9.75384e-93 1.3528e-54 
1 -4.38646e-89 0 
1 -1.23552e-85 0 
1 -2.44764e-82 0 
1 -3.62926e-79 0 
1 -4.18374e-76 0 
1 -3.84387e-73 0 
1 -2.86218e-70 0 
1 -1.74679e-67 0 
1 -8.80167e-65 0 
1 -3.67686e-62 0 
1 -1.27547e-59 0 
1 -3.67171e-57 0 
1 -8.74842e-55 0 
1 -1.71775e-52 0 
1 -2.76354e-50 0 
1 -3.6195e-48 0 
1 -3.83621e-46 0 
1 -3.27782e-44 0 
1 -2.25884e-42 0 
1 -1.26244e-40 0 
1 -5.77488e-39 -3.54467e-22 
1 -2.18542e-37 -1.12897e-21 
1 -6.91529e-36 -2.73495e-22 
1 -1.84753e-34 -1.06759e-23 
1 -4.20285e-33 -1.12024e-21 
1 -8.19877e-32 -1.93384e-19 
1 -1.37953e-30 -6.35333e-19 
1 -2.01151e-29 -9.14718e-19 
1 -2.55093e-28 -2.42073e-19 
1 -2.82128e-27 -1.46999e-20 
1 -2.72642e-26 -2.04811e-21 
1 -2.30484e-25 -5.2817e-22 
1 -1.70531e-24 -2.5154e-23 
1 -3.7028e-81 6.58018e-78 
1 -3.20695e-84 7.33613e-77 
1 -2.1598e-87 2.18458e-73 
1 -1.08888e-90 1.01481e-72 
1 -3.86161e-94 1.13062e-71 
1 -8.57844e-98 2.75674e-68 
1 -8.96404e-102 1.28018e-67 
1 0 1.42517e-66 
1 0 2.86501e-63 
1 0 1.32995e-62 
1 0 1.47921e-61 
1 0 2.46074e-58 
1 0 1.14178e-57 
1 0 3.91533e-57 
1 -1.34046e-97 0 
1 -1.28177e-93 0 
1 -5.76476e-90 0 
1 -1.62388e-86 0 
1 -3.21729e-83 0 
1 -4.77097e-80 0 
1 -5.50054e-77 0 
1 -5.05439e-74 0 
1 -3.76413e-71 0 
1 -2.29768e-68 0 
1 -1.15799e-65 0 
1 -4.8387e-63 0 
1 -1.67902e-60 0 
1 -4.83517e-58 0 
1 -1.15257e-55 0 
1 -2.26434e-53 0 
1 -3.64547e-51 0 
1 -4.77887e-49 0 
1 -5.07076e-47 0 
1 -4.33891e-45 0 
1 -2.99544e-43 -3.83225e-23 
1 -1.67776e-41 -1.47649e-22 
1 -7.6946e-40 -3.52279e-23 
1 -2.92067e-38 -1.15721e-24 
1 -9.27377e-37 -1.428e-22 
1 -2.4874e-35 -3.44685e-20 
1 -5.68381e-34 -1.22315e-19 
1 -1.11442e-32 -2.16099e-19 
1 -1.88597e-31 -5.56259e-20 
1 -2.76803e-30 -2.88653e-21 
1 -3.53667e-29 -3.81549e-22 
1 -3.94511e-28 -9.62668e-23 
1 -3.85013e-27 -3.97502e-24 
1 -3.29192e-26 -4.92259e-25 
1 -7.92406e-89 3.33445e-85 
1 -3.99297e-92 1.53806e-81 
1 -1.41543e-95 7.14846e-81 
1 -3.14308e-99 7.97435e-80 
1 -3.28321e-103 2.92963e-76 
1 0 1.36128e-75 
1 0 1.51767e-74 
1 0 4.51477e-71 
1 0 2.09725e-70 
1 0 2.3366e-69 
1 0 5.69049e-66 
1 0 2.64256e-65 
1 0 2.94182e-64 
1 0 5.90574e-61 
1 0 2.74147e-60 
1 0 9.40378e-60 
1 0 0 
1 0 0 
1 0 0 
1 0 0 
1 -4.90962e-99 0 
1 -4.69634e-95 0 
1 -2.11301e-91 0 
1 -5.95483e-88 0 
1 -1.18039e-84 0 
1 -1.75142e-81 0 
1 -2.02056e-78 0 
1 -1.85806e-75 0 
1 -1.38493e-72 0 
1 -8.46225e-70 0 
1 -4.26981e-67 0 
1 -1.78661e-64 0 
1 -6.20966e-62 0 
1 -1.79178e-59 0 
1 -4.28147e-57 0 
1 -8.43655e-55 0 
1 -1.36333e-52 -3.59015e-24 
1 -1.79562e-50 -1.66906e-23 
1 -1.91665e-48 -3.92996e-24 
1 -1.65228e-46 -1.09123e-25 
1 -1.15116e-44 -1.57988e-23 
1 -6.51855e-43 -5.28001e-21 
1 -3.02775e-41 -2.0271e-20 
1 -1.16598e-39 -4.37936e-20 
1 -3.76266e-38 -1.10097e-20 
1 -1.02752e-36 -4.89952e-22 
1 -2.39495e-35 -6.18197e-23 
1 -4.79928e-34 -1.53003e-23 
1 -8.31886e-33 -5.48634e-25 
1 -1.25348e-31 -6.54577e-26 
1 -1.64843e-30 -1.58336e-26 
1 -1.898e-29 -4.68204e-28 
1 -5.24805e-93 2.01059e-89 
1 -1.86019e-96 2.24504e-88 
1 -4.1304e-100 1.33173e-84 
1 -4.31425e-104 6.19081e-84 
1 0 6.9096e-83 
1 0 3.18468e-79 
1 0 1.48015e-78 
1 0 1.65116e-77 
1 0 6.0607e-74 
1 0 2.81616e-73 
1 0 3.13968e-72 
1 0 9.33045e-69 
1 0 4.33428e-68 
1 0 4.82891e-67 
1 0 1.17463e-63 
1 0 5.45474e-63 
1 0 1.87156e-62 
1 0 0 
1 0 0 
1 0 0 
1 0 0 
1 0 0 
1 0 0 
1 -6.45143e-100 0 
1 -6.17156e-96 0 
1 -2.77696e-92 0 
1 -7.82658e-89 0 
1 -1.55156e-85 0 
1 -2.30239e-82 0 
1 -2.65652e-79 0 
1 -2.4432e-76 0 
1 -1.82137e-73 0 
1 -1.1131e-70 0 
1 -5.61757e-68 0 
1 -2.35114e-65 0 
1 -8.17428e-63 0 
1 -2.35954e-60 0 
1 -5.64066e-58 -2.91333e-25 
1 -1.1121e-55 -1.63147e-24 
1 -1.79838e-53 -3.79738e-25 
1 -2.37072e-51 -8.93841e-27 
1 -2.53334e-49 -1.51614e-24 
1 -2.187e-47 -6.97132e-22 
1 -1.52639e-45 -2.90235e-21 
1 -8.66177e-44 -7.63529e-21 
1 -4.03339e-42 -1.88109e-21 
1 -1.55779e-40 -7.20222e-23 
1 -5.04387e-39 -8.72112e-24 
1 -1.38263e-37 -2.12217e-24 
1 -3.23652e-36 -6.61514e-26 
1 -6.51728e-35 -7.6331e-27 
1 -1.13588e-33 -1.82111e-27 
1 -1.72217e-32 -4.70944e-29 
1 -2.28076e-31 -5.22926e-30 
1 -1.51335e-101 1.93269e-97 
1 -1.58016e-105 2.17835e-93 
1 0 1.013e-92 
1 0 1.13157e-91 
1 0 8.96674e-88 
1 0 4.16913e-87 
1 0 4.65528e-86 
1 0 2.75959e-82 
1 0 1.28285e-81 
1 0 1.43179e-80 
1 0 6.59415e-77 
1 0 3.06477e-76 
1 0 3.41885e-75 
1 0 1.25381e-71 
1 0 5.82593e-71 
1 0 6.49519e-70 
1 0 1.92826e-66 
1 0 8.95736e-66 
1 0 3.074e-65 
1 0 0 
1 0 0 
1 0 0 
1 0 0 
1 0 0 
1 0 0 
1 0 0 
1 0 0 
1 0 0 
1 0 0 
1 -2.36293e-101 0 
1 -2.26122e-97 0 
1 -1.01787e-93 0 
1 -2.87004e-90 0 
1 -5.6925e-87 0 
1 -8.45208e-84 0 
1 -9.75842e-81 0 
1 -8.98151e-78 0 
1 -6.7013e-75 0 
1 -4.09946e-72 0 
1 -2.07132e-69 -2.04487e-26 
1 -8.68107e-67 -1.37831e-25 
1 -3.02311e-64 -3.17584e-26 
1 -8.74356e-62 -6.34529e-28 
1 -2.09525e-59 -1.26063e-25 
1 -4.14324e-57 -7.94822e-23 
1 -6.72493e-55 -3.59931e-22 
1 -8.90654e-53 -1.14839e-21 
1 -9.57346e-51 -2.78052e-22 
1 -8.3254e-49 -9.18192e-24 
1 -5.86298e-47 -1.07199e-24 
1 -3.36281e-45 -2.56967e-25 
1 -1.58543e-43 -6.96574e-27 
1 -6.21002e-42 -7.79969e-28 
1 -2.04257e-40 -1.83799e-28 
1 -5.6974e-39 -4.1519e-30 
1 -1.35944e-37 -4.49453e-31 
1 -2.79547e-36 -1.04458e-31 
1 -4.98518e-35 -1.98498e-33 
1 -2.07638e-106 3.83842e-102 
1 0 4.29056e-101 
1 0 7.71979e-97 
1 0 3.59046e-96 
1 0 4.01213e-95 
1 0 4.51971e-91 
1 0 2.1018e-90 
1 0 2.34782e-89 
1 0 1.85933e-85 
1 0 8.64504e-85 
1 0 9.65311e-84 
1 0 5.71837e-80 
1 0 2.65829e-79 
1 0 2.96693e-78 
1 0 1.36537e-74 
1 0 6.34584e-74 
1 0 7.07897e-73 
1 0 2.59381e-69 
1 0 1.20523e-68 
1 0 4.13693e-68 
1 0 0 
1 0 0 
1 0 0 
1 0 0 
1 0 0 
1 0 0 
1 0 0 
1 0 0 
1 0 0 
1 0 0 
1 0 0 
1 0 0 
1 -3.10497e-102 0 
1 -2.97152e-98 0 
1 -1.3377e-94 0 
1 -3.77216e-91 0 
1 -7.48249e-88 0 
1 -1.1111e-84 0 
1 -1.28298e-81 0 
1 -1.181e-78 0 
1 -8.81305e-76 -1.2383e-27 
1 -5.39229e-73 -1.00497e-26 
1 -2.72513e-70 -2.29505e-27 
1 -1.14241e-67 -3.89127e-29 
1 -3.97956e-65 -9.06379e-27 
1 -1.1514e-62 -7.83129e-24 
1 -2.76038e-60 -3.87195e-23 
1 -5.46151e-58 -1.49323e-22 
1 -8.87077e-56 -3.5615e-23 
1 -1.17588e-53 -1.01592e-24 
1 -1.26533e-51 -1.14818e-25 
1 -1.1019e-49 -2.71584e-26 
1 -7.77333e-48 -6.3993e-28 
1 -4.46781e-46 -6.97405e-29 
1 -2.11158e-44 -1.62526e-29 
1 -8.29441e-43 -3.20088e-31 
1 -2.73701e-41 -3.38596e-32 
1 -7.66249e-40 -7.79521e-33 
1 -1.8359e-38 -1.29234e-34 
1 -3.79283e-37 -1.33338e-35 
1 0 0 
1 0 8.61433e-107 
1 0 4.00747e-106 
1 0 4.48077e-105 
1 0 1.71384e-100 
1 0 7.97203e-100 
1 0 8.91107e-99 
1 0 1.60257e-94 
1 0 7.45353e-94 
1 0 8.32889e-93 
1 0 9.37762e-89 
1 0 4.36088e-88 
1 0 4.87132e-87 
1 0 3.85548e-83 
1 0 1.79262e-82 
1 0 2.00165e-81 
1 0 1.18495e-77 
1 0 5.50845e-77 
1 0 6.14799e-76 
1 0 2.8271e-72 
1 0 1.31395e-71 
1 0 4.51083e-71 
1 0 0 
1 0 0 
1 0 0 
1 0 0 
1 0 0 
1 0 0 
1 0 0 
1 0 0 
1 0 0 
1 0 0 
1 0 0 
1 0 0 
1 0 0 
1 0 0 
1 0 0 
1 0 0 
1 -1.13724e-103 0 
1 -1.08875e-99 0 
1 -4.90319e-96 0 
1 -1.38327e-92 0 
1 -2.74524e-89 -6.44505e-29 
1 -4.07882e-86 -6.30807e-28 
1 -4.71286e-83 -1.42923e-28 
1 -4.34147e-80 -2.05262e-30 
1 -3.24255e-77 -5.61839e-28 
1 -1.98593e-74 -6.66588e-25 
1 -1.0048e-71 -3.61453e-24 
1 -4.21804e-69 -1.68066e-23 
1 -1.47174e-66 -3.95647e-24 
1 -4.26655e-64 -9.75406e-26 
1 -1.02532e-61 -1.07088e-26 
1 -2.03462e-59 -2.50304e-27 
1 -3.31687e-57 -5.11999e-29 
1 -4.41703e-55 -5.44516e-30 
1 -4.78063e-53 -1.25631e-30 
1 -4.1933e-51 -2.15133e-32 
1 -2.98431e-49 -2.22847e-33 
1 -1.73331e-47 -5.0865e-34 
1 -8.29172e-46 -7.3279e-36 
1 -3.30198e-44 -7.42378e-37 
1 -1.10638e-42 -1.67915e-37 
1 -3.15007e-41 -2.03909e-39 
1 0 0 
1 0 0 
1 0 0 
1 0 0 
1 0 0 
1 0 1.78986e-104 
1 0 8.32662e-104 
1 0 9.31001e-103 
1 0 3.55947e-98 
1 0 1.65571e-97 
1 0 1.85074e-96 
1 0 3.32683e-92 
1 0 1.5473e-91 
1 0 1.72902e-90 
1 0 1.94569e-86 
1 0 9.04805e-86 
1 0 1.01071e-84 
1 0 7.99465e-81 
1 0 3.71715e-80 
1 0 4.15058e-79 
1 0 2.45542e-75 
1 0 1.14144e-74 
1 0 3.91917e-74 
1 0 0 
1 0 0 
1 0 0 
1 0 0 
1 0 0 
1 0 0 
1 0 0 
1 0 0 
1 0 0 
1 0 0 
1 0 0 
1 0 0 
1 0 0 
1 0 0 
1 0 0 
1 0 0 
1 0 0 
1 0 0 
1 -1.49438e-104 0 
1 -1.43074e-100 0 
1 -6.44385e-97 -2.86837e-30 
1 -1.81806e-93 -3.39578e-29 
1 -3.60847e-90 -7.63994e-30 
1 -5.36195e-87 -9.26175e-32 
1 -6.19619e-84 -2.99039e-29 
1 -5.70868e-81 -4.89456e-26 
1 -4.26436e-78 -2.92614e-25 
1 -2.61223e-75 -1.63789e-24 
1 -1.32196e-72 -3.81191e-25 
1 -5.55085e-70 -8.11801e-27 
1 -1.93736e-67 -8.68407e-28 
1 -5.61842e-65 -2.00831e-28 
1 -1.35079e-62 -3.55833e-30 
1 -2.68196e-60 -3.70168e-31 
1 -4.37517e-58 -8.46366e-32 
1 -5.8314e-56 -1.25562e-33 
1 -6.31831e-54 -1.27607e-34 
1 -5.54968e-52 -2.88997e-35 
1 -3.95632e-50 -3.60023e-37 
1 -2.30255e-48 -3.58705e-38 
1 -1.10412e-46 -8.05826e-39 
1 -4.40908e-45 -8.43085e-41 
1 -1.48198e-43 -8.25821e-42 
1 0 0 
1 0 0 
1 0 0 
1 0 0 
1 0 0 
1 0 0 
1 0 0 
1 0 0 
1 0 0 
1 0 0 
1 0 3.71893e-102 
1 0 1.73008e-101 
1 0 1.93441e-100 
1 0 7.39268e-96 
1 0 3.43876e-95 
1 0 3.84382e-94 
1 0 6.90624e-90 
1 0 3.21208e-89 
1 0 3.58931e-88 
1 0 4.03697e-84 
1 0 1.87731e-83 
1 0 2.09705e-82 
1 0 1.65775e-78 
1 0 7.7078e-78 
1 0 2.64682e-77 
1 0 0 
1 0 0 
1 0 0 
1 0 0 
1 0 0 
1 0 0 
1 0 0 
1 0 0 
1 0 0 
1 0 0 
1 0 0 
1 0 0 
1 0 0 
1 0 0 
1 0 0 
1 0 0 
1 0 0 
1 0 0 
1 0 0 
1 0 0 
1 0 -1.08443e-31 
1 0 -1.55978e-30 
1 -5.47336e-106 -3.4872e-31 
1 -5.24216e-102 -3.5501e-33 
1 -2.36192e-98 -1.35941e-30 
1 -6.66689e-95 -3.09223e-27 
1 -1.32391e-91 -2.05072e-26 
1 -1.96836e-88 -1.38112e-25 
1 -2.27609e-85 -3.18215e-26 
1 -2.09857e-82 -5.84489e-28 
1 -1.56896e-79 -6.10838e-29 
1 -9.62052e-77 -1.39924e-29 
1 -4.87428e-74 -2.14057e-31 
1 -2.04947e-71 -2.18278e-32 
1 -7.16471e-69 -4.95019e-33 
1 -2.08186e-66 -6.33278e-35 
1 -5.01719e-64 -6.32534e-36 
1 -9.99075e-62 -1.42241e-36 
1 -1.63577e-59 -1.52309e-38 
1 -2.19019e-57 -1.49466e-39 
1 -2.38667e-55 -3.33697e-40 
1 -2.11126e-53 -2.98586e-42 
1 -1.51816e-51 -2.88593e-43 
1 -8.92662e-50 -6.40327e-44 
1 -4.33144e-48 -4.76987e-46 
1 0 0 
1 0 0 
1 0 0 
1 0 0 
1 0 0 
1 0 0 
1 0 0 
1 0 0 
1 0 0 
1 0 0 
1 0 0 
1 0 0 
1 0 0 
1 0 0 
1 0 7.72708e-100 
1 0 3.59472e-99 
1 0 4.01926e-98 
1 0 1.53539e-93 
1 0 7.14197e-93 
1 0 7.98324e-92 
1 0 1.43368e-87 
1 0 6.66803e-87 
1 0 7.45113e-86 
1 0 8.37599e-82 
1 0 3.89509e-81 
1 0 1.3377e-80 
1 0 0 
1 0 0 
1 0 0 
1 0 0 
1 0 0 
1 0 0 
1 0 0 
1 0 0 
1 0 0 
1 0 0 
1 0 0 
1 0 0 
1 0 0 
1 0 0 
1 0 0 
1 0 0 
1 0 0 
1 0 0 
1 0 0 
1 0 0 
1 0 -3.45494e-33 
1 0 -6.07305e-32 
1 0 -1.3501e-32 
1 0 -1.14637e-34 
1 -7.1922e-107 -5.24293e-32 
1 -6.88883e-103 -1.67446e-28 
1 -3.10408e-99 -1.24066e-27 
1 -8.76245e-96 -1.00593e-26 
1 -1.74021e-92 -2.29719e-27 
1 -2.58758e-89 -3.62945e-29 
1 -2.99246e-86 -3.71441e-30 
1 -2.75944e-83 -8.43594e-31 
1 -2.06338e-80 -1.10951e-32 
1 -1.26545e-77 -1.11114e-33 
1 -6.41281e-75 -2.50135e-34 
1 -2.69705e-72 -2.74355e-36 
1 -9.4314e-70 -2.69757e-37 
1 -2.74149e-67 -6.0273e-38 
1 -6.60979e-65 -5.50751e-40 
1 -1.31693e-62 -5.33078e-41 
1 -2.15766e-60 -1.18347e-41 
1 -2.89143e-58 -8.97909e-44 
1 -3.15421e-56 -8.57447e-45 
1 -2.794e-54 -1.89314e-45 
1 -2.01245e-52 -1.18649e-47 
1 -1.18566e-50 -1.11999e-48 
1 0 0 
1 0 0 
1 0 0 
1 0 0 
1 0 0 
1 0 0 
1 0 0 
1 0 0 
1 0 0 
1 0 0 
1 0 0 
1 0 0 
1 0 0 
1 0 0 
1 0 0 
1 0 0 
1 0 0 
1 0 0 
1 0 0 
1 0 1.60551e-97 
1 0 7.469e-97 
1 0 8.35111e-96 
1 0 3.18885e-91 
1 0 1.48332e-90 
1 0 1.65804e-89 
1 0 2.97622e-85 
1 0 1.38423e-84 
1 0 4.75438e-84 
1 0 0 
1 0 0 
1 0 0 
1 0 0 
1 0 0 
1 0 0 
1 0 0 
1 0 0 
1 0 0 
1 0 0 
1 0 0 
1 0 0 
1 0 0 
1 0 0 
1 0 0 
1 0 0 
1 0 0 
1 0 0 
1 0 0 
1 0 0 
1 0 -9.18904e-35 
1 0 -1.98818e-33 
1 0 -4.3975e-34 
1 0 -3.0884e-36 
1 0 -1.70164e-33 
1 0 -7.73197e-30 
1 0 -6.45345e-29 
1 0 -6.31056e-28 
1 -2.63425e-108 -1.4298e-28 
1 -2.52402e-104 -1.93567e-30 
1 -1.13777e-100 -1.94397e-31 
1 -3.21322e-97 -4.38114e-32 
1 -6.38461e-94 -4.92672e-34 
1 -9.49894e-91 -4.8541e-35 
1 -1.09924e-87 -1.08547e-35 
1 -1.01439e-84 -1.0136e-37 
1 -7.59162e-82 -9.82539e-39 
1 -4.66047e-79 -2.18262e-39 
1 -2.36447e-76 -1.68754e-41 
1 -9.95787e-74 -1.61323e-42 
1 -3.48784e-71 -3.56337e-43 
1 -1.01581e-68 -2.2702e-45 
1 -2.45495e-66 -2.1446e-46 
1 -4.90548e-64 -4.71418e-47 
1 -8.06626e-62 -2.45972e-49 
1 -1.08583e-59 -2.30033e-50 
1 -1.19122e-57 -5.03576e-51 
1 -1.06258e-55 -2.13836e-53 
1 0 0 
1 0 0 
1 0 0 
1 0 0 
1 0 0 
1 0 0 
1 0 0 
1 0 0 
1 0 0 
1 0 0 
1 0 0 
1 0 0 
1 0 0 
1 0 0 
1 0 0 
1 0 0 
1 0 0 
1 0 0 
1 0 0 
1 0 0 
1 0 0 
1 0 0 
1 0 0 
1 0 3.33589e-95 
1 0 1.55189e-94 
1 0 1.73517e-93 
1 0 6.62294e-89 
1 0 3.08071e-88 
1 0 1.05821e-87 
1 0 0 
1 0 0 
1 0 0 
1 0 0 
1 0 0 
1 0 0 
1 0 0 
1 0 0 
1 0 0 
1 0 0 
1 0 0 
1 0 0 
1 0 0 
1 0 0 
1 0 0 
1 0 0 
1 0 0 
1 0 0 
1 0 0 
1 0 0 
1 0 -2.0192e-36 
1 0 -5.42094e-35 
1 0 -1.19355e-35 
1 0 -6.86784e-38 
1 0 -4.60359e-35 
1 0 -3.02459e-31 
1 0 -2.87099e-30 
1 0 -3.39628e-29 
1 0 -7.64108e-30 
1 0 -8.81835e-32 
1 -3.4615e-109 -8.70722e-33 
1 -3.31692e-105 -1.94881e-33 
1 -1.49532e-101 -1.86103e-35 
1 -4.2234e-98 -1.80683e-36 
1 -8.39276e-95 -4.01625e-37 
1 -1.24882e-91 -3.16624e-39 
1 -1.44537e-88 -3.03022e-40 
1 -1.33403e-85 -6.69631e-41 
1 -9.98562e-83 -4.33859e-43 
1 -6.13148e-80 -4.1018e-44 
1 -3.11159e-77 -9.01932e-45 
1 -1.31083e-74 -4.77444e-47 
1 -4.59295e-72 -4.46751e-48 
1 -1.33825e-69 -9.78221e-49 
1 -3.23592e-67 -4.20481e-51 
1 -6.47023e-65 -3.90079e-52 
1 -1.06479e-62 -8.51138e-53 
1 -1.43482e-60 -2.95628e-55 
1 -1.5761e-58 -2.7233e-56 
1 0 0 
1 0 0 
1 0 0 
1 0 0 
1 0 0 
1 0 0 
1 0 0 
1 0 0 
1 0 0 
1 0 0 
1 0 0 
1 0 0 
1 0 0 
1 0 0 
1 0 0 
1 0 0 
1 0 0 
1 0 0 
1 0 0 
1 0 0 
1 0 0 
1 0 0 
1 0 0 
1 0 0 
1 0 0 
1 0 0 
1 0 0 
1 0 6.93122e-93 
1 0 3.22447e-92 
1 0 1.10768e-91 
1 0 0 
1 0 0 
1 0 0 
1 0 0 
1 0 0 
1 0 0 
1 0 0 
1 0 0 
1 0 0 
1 0 0 
1 0 0 
1 0 0 
1 0 0 
1 0 0 
1 0 0 
1 0 0 
1 0 0 
1 0 0 
1 0 0 
1 0 0 
1 0 -3.62756e-38 
1 0 -1.21806e-36 
1 0 -2.671e-37 
1 0 -1.24711e-39 
1 0 -1.02726e-36 
1 0 -9.94266e-33 
1 0 -1.08513e-31 
1 0 -1.55985e-30 
1 0 -3.48738e-31 
1 0 -3.4085e-33 
1 0 -3.3147e-34 
1 0 -7.37287e-35 
1 -1.3756e-123 -5.93015e-37 
1 -3.15947e-119 -5.68207e-38 
1 -2.00899e-115 -1.25624e-38 
1 -2.08804e-111 -8.28122e-41 
1 -3.84846e-108 -7.83571e-42 
1 -2.72238e-105 -1.72354e-42 
1 -1.36694e-103 -9.25958e-45 
1 2.29503e-100 -8.66922e-46 
1 1.71797e-97 -1.89868e-46 
1 1.6777e-94 -8.26356e-49 
1 1.34463e-91 -7.66897e-50 
1 7.28602e-89 -1.6736e-50 
1 2.48838e-86 -5.87295e-53 
1 6.38521e-84 -5.41143e-54 
1 6.3372e-82 -1.17748e-54 
1 -3.93979e-80 -3.32586e-57 
1 -1.70528e-77 -3.04698e-58 
1 -4.44028e-75 -6.61451e-59 
1 0 0 
1 0 0 
1 0 0 
1 0 0 
1 0 0 
1 0 0 
1 0 0 
1 0 0 
1 0 0 
1 0 0 
1 0 0 
1 0 0 
1 0 0 
1 0 0 
1 0 0 
1 0 0 
1 0 0 
1 0 0 
1 0 0 
1 0 0 
1 0 0 
1 0 0 
1 0 0 
1 0 0 
1 0 0 
1 0 0 
1 0 0 
1 0 0 
1 0 0 
1 0 0 
1 0 0 
1 0 0 
1 0 0 
1 0 0 
1 0 0 
1 0 0 
1 0 0 
1 0 0 
1 0 0 
1 0 0 
1 0 0 
1 0 0 
1 0 0 
1 0 0 
1 0 0 
1 0 0 
1 0 0 
1 0 0 
1 0 0 
1 0 0 
1 0 -5.28045e-40 
1 0 -2.23142e-38 
1 0 -4.87585e-39 
1 0 -1.83222e-41 
1 0 -1.87061e-38 
1 0 -2.72067e-34 
1 0 -3.4565e-33 
1 0 -6.07314e-32 
1 0 -1.35012e-32 
1 0 -1.10863e-34 
1 0 -1.06355e-35 
1 0 -2.35258e-36 
1 0 -1.57863e-38 
1 0 -1.49498e-39 
1 0 -3.28951e-40 
1 0 -1.79423e-42 
1 0 -1.68082e-43 
1 0 -3.68209e-44 
1 0 -1.62306e-46 
1 0 -1.50686e-47 
1 0 -3.28893e-48 
1 0 -1.16628e-50 
1 0 -1.0749e-51 
1 0 -2.33913e-52 
1 0 -6.66283e-55 
1 0 -6.10512e-56 
1 0 -1.32541e-56 
1 0 -3.04027e-59 
1 0 -2.77303e-60 
1 0 -6.00891e-61 
1 0 0 
1 0 0 
1 0 0 
1 0 0 
1 0 0 
1 0 0 
1 0 0 
1 0 0 
1 0 0 
1 0 0 
1 0 0 
1 0 0 
1 0 0 
1 0 0 
1 0 0 
1 0 0 
1 0 0 
1 0 0 
1 0 0 
1 0 0 
1 0 0 
1 0 0 
1 0 0 
1 0 0 
1 0 0 
1 0 0 
1 0 0 
1 0 0 
1 0 0 
1 0 0 
1 0 0 
1 0 0 
1 0 0 
1 0 0 
1 0 0 
1 0 0 
1 0 0 
1 0 0 
1 0 0 
1 0 0 
1 0 0 
1 0 0 
1 0 0 
1 0 0 
1 0 0 
1 0 0 
1 0 0 
1 0 0 
1 0 0 
1 0 0 
1 0 -6.19474e-42 
1 0 -3.30244e-40 
1 0 -7.19439e-41 
1 0 -2.16607e-43 
1 0 -2.75448e-40 
1 0 -6.13205e-36 
1 0 -9.19188e-35 
1 0 -1.98819e-33 
1 0 -4.39753e-34 
1 0 -3.00527e-36 
1 0 -2.84858e-37 
1 0 -6.27017e-38 
1 0 -3.47351e-40 
1 0 -3.25593e-41 
1 0 -7.13437e-42 
1 0 -3.18595e-44 
1 0 -2.95905e-45 
1 0 -6.45958e-46 
1 0 -2.31514e-48 
1 0 -2.1343e-49 
1 0 -4.64503e-50 
1 0 -1.33446e-52 
1 0 -1.22296e-53 
1 0 -2.6552e-54 
1 0 -6.13199e-57 
1 0 -5.59356e-58 
1 0 -1.21213e-58 
1 0 -2.26367e-61 
1 0 -2.05738e-62 
1 0 -4.4517e-63 
1 0 0 
1 0 0 
1 0 0 
1 0 0 
1 0 0 
1 0 0 
1 0 0 
1 0 0 
1 0 0 
1 0 0 
1 0 0 
1 0 0 
1 0 0 
1 0 0 
1 0 0 
1 0 0 
1 0 0 
1 0 0 
1 0 0 
1 0 0 
1 0 0 
1 0 0 
1 0 0 
1 0 0 
1 0 0 
1 0 0 
1 0 0 
1 0 0 
1 0 0 
1 0 0 
1 0 0 
1 0 0 
1 0 0 
1 0 0 
1 0 0 
1 0 0 
1 0 0 
1 0 0 
1 0 0 
1 0 0 
1 0 0 
1 0 0 
1 0 0 
1 0 0 
1 0 0 
1 0 0 
1 0 0 
1 0 0 
1 0 0 
1 0 0 
1 0 -5.85532e-44 
1 0 -3.92732e-42 
1 0 -8.53447e-43 
1 0 -2.06021e-45 
1 0 -3.26219e-42 
1 0 -1.12628e-37 
1 0 -2.01962e-36 
1 0 -5.42095e-35 
1 0 -1.19356e-35 
1 0 -6.71817e-38 
1 0 -6.30129e-39 
1 0 -1.38108e-39 
1 0 -6.24993e-42 
1 0 -5.8072e-43 
1 0 -1.26792e-43 
1 0 -4.5939e-46 
1 0 -4.23618e-47 
1 0 -9.22049e-48 
1 0 -2.67204e-50 
1 0 -2.4492e-51 
1 0 -5.31787e-52 
1 0 -1.23657e-54 
1 0 -1.12812e-55 
1 0 -2.44474e-56 
1 0 -4.59033e-59 
1 0 -4.1723e-60 
1 0 -9.02815e-61 
1 0 -1.37916e-63 
1 0 -1.24993e-64 
1 0 -2.70142e-65 
1 0 0 
1 0 0 
1 0 0 
1 0 0 
1 0 0 
1 0 0 
1 0 0 
1 0 0 
1 0 0 
1 0 0 
1 0 0 
1 0 0 
1 0 0 
1 0 0 
1 0 0 
1 0 0 
1 0 0 
1 0 0 
1 0 0 
1 0 0 
1 0 0 
1 0 0 
1 0 0 
1 0 0 
1 0 0 
1 0 0 
1 0 0 
1 0 0 
1 0 0 
1 0 0 
1 0 0 
1 0 0 
1 0 0 
1 0 0 
1 0 0 
1 0 0 
1 0 0 
1 0 0 
1 0 0 
1 0 0 
1 0 0 
1 0 0 
1 0 0 
1 0 0 
1 0 0 
1 0 0 
1 0 0 
1 0 0 
1 0 0 
1 0 0 
1 0 -4.47673e-46 
1 0 -3.75293e-44 
1 0 -8.13918e-45 
1 0 -1.58304e-47 
1 0 -3.1071e-44 
1 0 -1.67043e-39 
1 0 -3.62806e-38 
1 0 -1.21806e-36 
1 0 -2.671e-37 
1 0 -1.22528e-39 
1 0 -1.13896e-40 
1 0 -2.4872e-41 
1 0 -9.11189e-44 
1 0 -8.40463e-45 
1 0 -1.82956e-45 
1 0 -5.34896e-48 
1 0 -4.9037e-49 
1 0 -1.0648e-49 
1 0 -2.49326e-52 
1 0 -2.27483e-53 
1 0 -4.92999e-54 
1 0 -9.30742e-57 
1 0 -8.46041e-58 
1 0 -1.83074e-58 
1 0 -2.80879e-61 
1 0 -2.54571e-62 
1 0 -5.50203e-63 
1 0 -6.91222e-66 
1 0 -6.2502e-67 
1 0 -1.34957e-67 
1 0 0 
1 0 0 
1 0 0 
1 0 0 
1 0 0 
1 0 0 
1 0 0 
1 0 0 
1 0 0 
1 0 0 
1 0 0 
1 0 0 
1 0 0 
1 0 0 
1 0 0 
1 0 0 
1 0 0 
1 0 0 
1 0 0 
1 0 0 
1 0 0 
1 0 0 
1 0 0 
1 0 0 
1 0 0 
1 0 0 
1 0 0 
1 0 0 
1 0 0 
1 0 0 
1 0 0 
1 0 0 
1 0 0 
1 0 0 
1 0 0 
1 0 0 
1 0 0 
1 0 0 
1 0 0 
1 0 0 
1 0 0 
1 0 0 
1 0 0 
1 0 0 
1 0 0 
1 0 0 
1 0 0 
1 0 0 
1 0 0 
1 0 0 
1 0 -2.78554e-48 
1 0 -2.89439e-46 
1 0 -6.26717e-47 
1 0 -9.88959e-50 
1 0 -2.39007e-46 
1 0 -1.9899e-41 
1 0 -5.28093e-40 
1 0 -2.23142e-38 
1 0 -4.87585e-39 
1 0 -1.80656e-41 
1 0 -1.6668e-42 
1 0 -3.62879e-43 
1 0 -1.07048e-45 
1 0 -9.81546e-47 
1 0 -2.1315e-47 
1 0 -5.02624e-50 
1 0 -4.58641e-51 
1 0 -9.94007e-52 
1 0 -1.88699e-54 
1 0 -1.71539e-55 
1 0 -3.71202e-56 
1 0 -5.71995e-59 
1 0 -5.18444e-60 
1 0 -1.12053e-60 
1 0 -1.41263e-63 
1 0 -1.27737e-64 
1 0 -2.75818e-65 
1 0 -2.86358e-68 
1 0 -2.58451e-69 
1 0 -5.57631e-70 
1 0 0 
1 0 0 
1 0 0 
1 0 0 
1 0 0 
1 0 0 
1 0 0 
1 0 0 
1 0 0 
1 0 0 
1 0 0 
1 0 0 
1 0 0 
1 0 0 
1 0 0 
1 0 0 
1 0 0 
1 0 0 
1 0 0 
1 0 0 
1 0 0 
1 0 0 
1 0 0 
1 0 0 
1 0 0 
1 0 0 
1 0 0 
1 0 0 
1 0 0 
1 0 0 
1 0 0 
1 0 0 
1 0 0 
1 0 0 
1 0 0 
1 0 0 
1 0 0 
1 0 0 
1 0 0 
1 0 0 
1 0 0 
1 0 0 
1 0 0 
1 0 0 
1 0 0 
1 0 0 
1 0 0 
1 0 0 
1 0 0 
1 0 0 
1 0 -1.41982e-50 
1 0 -1.81349e-48 
1 0 -3.92168e-49 
1 0 -5.05713e-52 
1 0 -1.49441e-48 
1 0 -1.90409e-43 
1 0 -6.1951e-42 
1 0 -3.30244e-40 
1 0 -7.19439e-41 
1 0 -2.14178e-43 
1 0 -1.96419e-44 
1 0 -4.26569e-45 
1 0 -1.01308e-47 
1 0 -9.24535e-49 
1 0 -2.00383e-49 
1 0 -3.82526e-52 
1 0 -3.47765e-53 
1 0 -7.52569e-54 
1 0 -1.16476e-56 
1 0 -1.05576e-57 
1 0 -2.2819e-58 
1 0 -2.8868e-61 
1 0 -2.61047e-62 
1 0 -5.63677e-63 
1 0 -5.8687e-66 
1 0 -5.29687e-67 
1 0 -1.14286e-67 
1 0 -9.84197e-71 
1 0 -8.86923e-72 
1 0 -1.91242e-72 
1 0 0 
1 0 0 
1 0 0 
1 0 0 
1 0 0 
1 0 0 
1 0 0 
1 0 0 
1 0 0 
1 0 0 
1 0 0 
1 0 0 
1 0 0 
1 0 0 
1 0 0 
1 0 0 
1 0 0 
1 0 0 
1 0 0 
1 0 0 
1 0 0 
1 0 0 
1 0 0 
1 0 0 
1 0 0 
1 0 0 
1 0 0 
1 0 0 
1 0 0 
1 0 0 
1 0 0 
1 0 0 
1 0 0 
1 0 0 
1 0 0 
1 0 0 
1 0 0 
1 0 0 
1 0 0 
1 0 0 
1 0 0 
1 0 0 
1 0 0 
1 0 0 
1 0 0 
1 0 0 
1 0 0 
1 0 0 
1 0 0 
1 0 0 
1 0 -5.96285e-53 
1 0 -9.29511e-51 
1 0 -2.008e-51 
1 0 -2.12943e-54 
1 0 -7.64699e-51 
1 0 -1.47005e-45 
1 0 -5.85555e-44 
1 0 -3.92732e-42 
1 0 -8.53447e-43 
1 0 -2.04161e-45 
1 0 -1.86338e-46 
1 0 -4.03885e-47 
1 0 -7.75365e-50 
1 0 -7.04956e-51 
1 0 -1.52558e-51 
1 0 -2.37163e-54 
1 0 -2.14979e-55 
1 0 -4.64661e-56 
1 0 -5.89909e-59 
1 0 -5.3346e-60 
1 0 -1.15191e-60 
1 0 -1.20271e-63 
1 0 -1.08555e-64 
1 0 -2.3422e-65 
1 0 -2.02172e-68 
1 0 -1.82192e-69 
1 0 -3.92853e-70 
1 0 -2.81222e-73 
1 0 -2.53105e-74 
1 0 -5.45471e-75 
1 0 0 
1 0 0 
1 0 0 
1 0 0 
1 0 0 
1 0 0 
1 0 0 
1 0 0 
1 0 0 
1 0 0 
1 0 0 
1 0 0 
1 0 0 
1 0 0 
1 0 0 
1 0 0 
1 0 0 
1 0 0 
1 0 0 
1 0 0 
1 0 0 
1 0 0 
1 0 0 
1 0 0 
1 0 0 
1 0 0 
1 0 0 
1 0 0 
1 0 0 
1 0 0 
1 0 0 
1 0 0 
1 0 0 
1 0 0 
1 0 0 
1 0 0 
1 0 0 
1 0 0 
1 0 0 
1 0 0 
1 0 0 
1 0 0 
1 0 0 
1 0 0 
1 0 0 
1 0 0 
1 0 0 
1 0 0 
1 0 0 
1 0 0 
1 0 -2.07244e-55 
1 0 -3.92132e-53 
1 0 -8.46401e-54 
1 0 -7.41697e-57 
1 0 -3.22171e-53 
1 0 -9.21825e-48 
1 0 -4.47684e-46 
1 0 -3.75293e-44 
1 0 -8.13918e-45 
1 0 -1.57146e-47 
1 0 -1.42886e-48 
1 0 -3.09227e-49 
1 0 -4.82867e-52 
1 0 -4.37722e-53 
1 0 -9.4612e-54 
1 0 -1.20541e-56 
1 0 -1.09009e-57 
1 0 -2.35389e-58 
1 0 -2.46471e-61 
1 0 -2.22465e-62 
1 0 -4.80002e-63 
1 0 -4.15287e-66 
1 0 -3.74253e-67 
1 0 -8.06989e-68 
1 0 -5.78791e-71 
1 0 -5.20928e-72 
1 0 -1.12267e-72 
1 0 -6.68216e-76 
1 0 -6.00766e-77 
1 0 -1.29415e-77 
1 0 0 
1 0 0 
1 0 0 
1 0 0 
1 0 0 
1 0 0 
1 0 0 
1 0 0 
1 0 0 
1 0 0 
1 0 0 
1 0 0 
1 0 0 
1 0 0 
1 0 0 
1 0 0 
1 0 0 
1 0 0 
1 0 0 
1 0 0 
1 0 0 
1 0 0 
1 0 0 
1 0 0 
1 0 0 
1 0 0 
1 0 0 
1 0 0 
1 0 0 
1 0 0 
1 0 0 
1 0 0 
1 0 0 
1 0 0 
1 0 0 
1 0 0 
1 0 0 
1 0 0 
1 0 0 
1 0 0 
1 0 0 
1 0 0 
1 0 0 
1 0 0 
1 0 0 
1 0 0 
1 0 0 
1 0 0 
1 0 0 
1 0 0 
1 0 -5.97684e-58 
1 0 -1.36794e-55 
1 0 -2.9506e-56 
1 0 -2.14287e-59 
1 0 -1.12265e-55 
1 0 -4.72795e-50 
1 0 -2.78559e-48 
1 0 -2.89439e-46 
1 0 -6.26717e-47 
1 0 -9.83052e-50 
1 0 -8.91186e-51 
1 0 -1.9263e-51 
1 0 -2.46298e-54 
1 0 -2.22743e-55 
1 0 -4.80986e-56 
1 0 -5.05077e-59 
1 0 -4.55893e-60 
1 0 -9.83666e-61 
1 0 -8.53036e-64 
1 0 -7.68759e-65 
1 0 -1.65766e-65 
1 0 -1.19121e-68 
1 0 -1.07213e-69 
1 0 -2.31059e-70 
1 0 -1.3775e-73 
1 0 -1.23846e-74 
1 0 -2.66787e-75 
1 0 -1.31785e-78 
1 0 -1.18375e-79 
1 0 -2.54906e-80 
1 0 0 
1 0 0 
1 0 0 
1 0 0 
1 0 0 
1 0 0 
1 0 0 
1 0 0 
1 0 0 
1 0 0 
1 0 0 
1 0 0 
1 0 0 
1 0 0 
1 0 0 
1 0 0 
1 0 0 
1 0 0 
1 0 0 
1 0 0 
1 0 0 
1 0 0 
1 0 0 
1 0 0 
1 0 0 
1 0 0 
1 0 0 
1 0 0 
1 0 0 
1 0 0 
1 0 0 
1 0 0 
1 0 0 
1 0 0 
1 0 0 
1 0 0 
1 0 0 
1 0 0 
1 0 0 
1 0 0 
1 0 0 
1 0 0 
1 0 0 
1 0 0 
1 0 0 
1 0 0 
1 0 0 
1 0 0 
1 0 0 
1 0 0 
1 0 -1.43124e-60 
1 0 -3.95721e-58 
1 0 -8.53068e-59 
1 0 -5.13913e-62 
1 0 -3.2447e-58 
1 0 -1.99563e-52 
1 0 -1.41984e-50 
1 0 -1.81349e-48 
1 0 -3.92168e-49 
1 0 -5.0323e-52 
1 0 -4.55119e-53 
1 0 -9.82785e-54 
1 0 -1.03499e-56 
1 0 -9.34221e-58 
1 0 -2.01576e-58 
1 0 -1.75217e-61 
1 0 -1.57909e-62 
1 0 -3.40497e-63 
1 0 -2.45158e-66 
1 0 -2.20654e-67 
1 0 -4.75542e-68 
1 0 -2.83961e-71 
1 0 -2.55302e-72 
1 0 -5.49968e-73 
1 0 -2.72041e-76 
1 0 -2.4436e-77 
1 0 -5.26201e-78 
1 0 -2.14778e-81 
1 0 -1.92773e-82 
1 0 -4.14982e-83 
1 0 0 
1 0 0 
1 0 0 
1 0 0 
1 0 0 
1 0 0 
1 0 0 
1 0 0 
1 0 0 
1 0 0 
1 0 0 
1 0 0 
1 0 0 
1 0 0 
1 0 0 
1 0 0 
1 0 0 
1 0 0 
1 0 0 
1 0 0 
1 0 0 
1 0 0 
1 0 0 
1 0 0 
1 0 0 
1 0 0 
1 0 0 
1 0 0 
1 0 0 
1 0 0 
1 0 0 
1 0 0 
1 0 0 
1 0 0 
1 0 0 
1 0 0 
1 0 0 
1 0 0 
1 0 0 
1 0 0 
1 0 0 
1 0 0 
1 0 0 
1 0 0 
1 0 0 
1 0 0 
1 0 0 
1 0 0 
1 0 0 
1 0 0 
1 0 -2.84129e-63 
1 0 -9.50052e-61 
1 0 -2.04707e-61 
1 0 -1.02153e-64 
1 0 -7.784e-61 
1 0 -6.96468e-55 
1 0 -5.9629e-53 
1 0 -9.29511e-51 
1 0 -2.008e-51 
1 0 -2.12079e-54 
1 0 -1.91435e-55 
1 0 -4.13061e-56 
1 0 -3.59895e-59 
1 0 -3.24349e-60 
1 0 -6.99395e-61 
1 0 -5.04544e-64 
1 0 -4.54118e-65 
1 0 -9.78696e-66 
1 0 -5.8536e-69 
1 0 -5.26285e-70 
1 0 -1.13372e-70 
1 0 -5.61563e-74 
1 0 -5.04426e-75 
1 0 -1.08622e-75 
1 0 -4.4388e-79 
1 0 -3.98405e-80 
1 0 -8.57644e-81 
1 0 -2.87111e-84 
1 0 -2.57524e-85 
1 0 -5.54217e-86 
1 0 0 
1 0 0 
1 0 0 
1 0 0 
1 0 0 
1 0 0 
1 0 0 
1 0 0 
1 0 0 
1 0 0 
1 0 0 
1 0 0 
1 0 0 
1 0 0 
1 0 0 
1 0 0 
1 0 0 
1 0 0 
1 0 0 
1 0 0 
1 0 0 
1 0 0 
1 0 0 
1 0 0 
1 0 0 
1 0 0 
1 0 0 
1 0 0 
1 0 0 
1 0 0 
1 0 0 
1 0 0 
1 0 0 
1 0 0 
1 0 0 
1 0 0 
1 0 0 
1 0 0 
1 0 0 
1 0 0 
1 0 0 
1 0 0 
1 0 0 
1 0 0 
1 0 0 
1 0 0 
1 0 0 
1 0 0 
1 0 0 
1 0 0 
1 0 -4.6567e-66 
1 0 -1.89017e-63 
1 0 -4.07105e-64 
1 0 -1.67605e-67 
1 0 -1.54766e-63 
1 0 -2.01548e-57 
1 0 -2.07245e-55 
1 0 -3.92132e-53 
1 0 -8.46401e-54 
1 0 -7.39206e-57 
1 0 -6.66205e-58 
1 0 -1.43655e-58 
1 0 -1.03835e-61 
1 0 -9.34586e-63 
1 0 -2.01419e-63 
1 0 -1.20665e-66 
1 0 -1.08488e-67 
1 0 -2.33706e-68 
1 0 -1.1592e-71 
1 0 -1.04126e-72 
1 0 -2.24225e-73 
1 0 -9.17359e-77 
1 0 -8.2338e-78 
1 0 -1.77249e-78 
1 0 -5.93971e-82 
1 0 -5.32762e-83 
1 0 -1.14656e-83 
1 0 -3.11243e-87 
1 0 -2.79006e-88 
1 0 -6.00306e-89 
1 0 0 
1 0 0 
1 0 0 
1 0 0 
1 0 0 
1 0 0 
1 0 0 
1 0 0 
1 0 0 
1 0 0 
1 0 0 
1 0 0 
1 0 0 
1 0 0 
1 0 0 
1 0 0 
1 0 0 
1 0 0 
1 0 0 
1 0 0 
1 0 0 
1 0 0 
1 0 0 
1 0 0 
1 0 0 
1 0 0 
1 0 0 
1 0 0 
1 0 0 
1 0 0 
1 0 0 
1 0 0 
1 0 0 
1 0 0 
1 0 0 
1 0 0 
1 0 0 
1 0 0 
1 0 0 
1 0 0 
1 0 0 
1 0 0 
1 0 0 
1 0 0 
1 0 0 
1 0 0 
1 0 0 
1 0 0 
1 0 0 
1 0 0 
1 0 -6.25522e-69 
1 0 -3.10366e-66 
1 0 -6.68234e-67 
1 0 -2.25353e-70 
1 0 -2.53987e-66 
1 0 -4.84023e-60 
1 0 -5.97687e-58 
1 0 -1.36794e-55 
1 0 -2.9506e-56 
1 0 -2.1369e-59 
1 0 -1.92337e-60 
1 0 -4.1452e-61 
1 0 -2.48735e-64 
1 0 -2.23636e-65 
1 0 -4.81758e-66 
1 0 -2.39286e-69 
1 0 -2.14942e-70 
1 0 -4.62854e-71 
1 0 -1.89588e-74 
1 0 -1.70166e-75 
1 0 -3.66317e-76 
1 0 -1.22879e-79 
1 0 -1.10217e-80 
1 0 -2.37198e-81 
1 0 -6.44459e-85 
1 0 -5.77711e-86 
1 0 -1.243e-86 
1 0 -2.69045e-90 
1 0 -2.41056e-91 
1 0 -5.18545e-92 
1 0 0 
1 0 0 
1 0 0 
1 0 0 
1 0 0 
1 0 0 
1 0 0 
1 0 0 
1 0 0 
1 0 0 
1 0 0 
1 0 0 
1 0 0 
1 0 0 
1 0 0 
1 0 0 
1 0 0 
1 0 0 
1 0 0 
1 0 0 
1 0 0 
1 0 0 
1 0 0 
1 0 0 
1 0 0 
1 0 0 
1 0 0 
1 0 0 
1 0 0 
1 0 0 
1 0 0 
1 0 0 
1 0 0 
1 0 0 
1 0 0 
1 0 0 
1 0 0 
1 0 0 
1 0 0 
1 0 0 
1 0 0 
1 0 0 
1 0 0 
1 0 0 
1 0 0 
1 0 0 
1 0 0 
1 0 0 
1 0 0 
1 0 0 
1 0 -6.80955e-72 
1 0 -4.1758e-69 
1 0 -8.98795e-70 
1 0 -2.45525e-73 
1 0 -3.41562e-69 
1 0 -9.63224e-63 
1 0 -1.43124e-60 
1 0 -3.95721e-58 
1 0 -8.53068e-59 
1 0 -5.12728e-62 
1 0 -4.60993e-63 
1 0 -9.93077e-64 
1 0 -4.93937e-67 
1 0 -4.43687e-68 
1 0 -9.55436e-69 
1 0 -3.91814e-72 
1 0 -3.51677e-73 
1 0 -7.57057e-74 
1 0 -2.54208e-77 
1 0 -2.28013e-78 
1 0 -4.9071e-79 
1 0 -1.33441e-82 
1 0 -1.19621e-83 
1 0 -2.57375e-84 
1 0 -5.57513e-88 
1 0 -4.99515e-89 
1 0 -1.07453e-89 
1 0 -1.80888e-93 
1 0 -1.61998e-94 
1 0 -3.48416e-95 
1 0 0 
1 0 0 
1 0 0 
1 0 0 
1 0 0 
1 0 0 
1 0 0 
1 0 0 
1 0 0 
1 0 0 
1 0 0 
1 0 0 
1 0 0 
1 0 0 
1 0 0 
1 0 0 
1 0 0 
1 0 0 
1 0 0 
1 0 0 
1 0 0 
1 0 0 
1 0 0 
1 0 0 
1 0 0 
1 0 0 
1 0 0 
1 0 0 
1 0 0 
1 0 0 
1 0 0 
1 0 0 
1 0 0 
1 0 0 
1 0 0 
1 0 0 
1 0 0 
1 0 0 
1 0 0 
1 0 0 
1 0 0 
1 0 0 
1 0 0 
1 0 0 
1 0 0 
1 0 0 
1 0 0 
1 0 0 
1 0 0 
1 0 0 
1 0 -5.908e-75 
1 0 -4.55222e-72 
1 0 -9.79558e-73 
1 0 -2.13173e-76 
1 0 -3.72199e-72 
1 0 -1.58196e-65 
1 0 -2.8413e-63 
1 0 -9.50052e-61 
1 0 -2.04707e-61 
1 0 -1.01958e-64 
1 0 -9.15863e-66 
1 0 -1.97222e-66 
1 0 -8.09742e-70 
1 0 -7.26795e-71 
1 0 -1.56458e-71 
1 0 -5.25896e-75 
1 0 -4.71706e-76 
1 0 -1.01516e-76 
1 0 -2.76302e-80 
1 0 -2.47686e-81 
1 0 -5.32919e-82 
1 0 -1.15527e-85 
1 0 -1.03509e-86 
1 0 -2.22663e-87 
1 0 -3.75088e-91 
1 0 -3.35917e-92 
1 0 -7.22473e-93 
1 0 -9.106e-97 
1 0 -8.15182e-98 
1 0 -1.75296e-98 
1 0 0 
1 0 0 
1 0 0 
1 0 0 
1 0 0 
1 0 0 
1 0 0 
1 0 0 
1 0 0 
1 0 0 
1 0 0 
1 0 0 
1 0 0 
1 0 0 
1 0 0 
1 0 0 
1 0 0 
1 0 0 
1 0 0 
1 0 0 
1 0 0 
1 0 0 
1 0 0 
1 0 0 
1 0 0 
1 0 0 
1 0 0 
1 0 0 
1 0 0 
1 0 0 
1 0 0 
1 0 0 
1 0 0 
1 0 0 
1 0 0 
1 0 0 
1 0 0 
1 0 0 
1 0 0 
1 0 0 
1 0 0 
1 0 0 
1 0 0 
1 0 0 
1 0 0 
1 0 0 
1 0 0 
1 0 0 
1 0 0 
1 0 0 
1 0 -3.98501e-78 
1 0 -3.95439e-75 
1 0 -8.50716e-76 
1 0 -1.43879e-79 
1 0 -3.23202e-75 
1 0 -2.12882e-68 
1 0 -4.65671e-66 
1 0 -1.89017e-63 
1 0 -4.07105e-64 
1 0 -1.67344e-67 
1 0 -1.50203e-68 
1 0 -3.23343e-69 
1 0 -1.08795e-72 
1 0 -9.75845e-74 
1 0 -2.10013e-74 
1 0 -5.72107e-78 
1 0 -5.12855e-79 
1 0 -1.10346e-79 
1 0 -2.39393e-83 
1 0 -2.1449e-84 
1 0 -4.61399e-85 
1 0 -7.77779e-89 
1 0 -6.96555e-90 
1 0 -1.49811e-90 
1 0 -1.88934e-94 
1 0 -1.69136e-95 
1 0 -3.6371e-96 
1 0 -3.22507e-100 
1 0 -2.88612e-101 
1 0 -6.2054e-102 
1 0 0 
1 0 0 
1 0 0 
1 0 0 
1 0 0 
1 0 0 
1 0 0 
1 0 0 
1 0 0 
1 0 0 
1 0 0 
1 0 0 
1 0 0 
1 0 0 
1 0 0 
1 0 0 
1 0 0 
1 0 0 
1 0 0 
1 0 0 
1 0 0 
1 0 0 
1 0 0 
1 0 0 
1 0 0 
1 0 0 
1 0 0 
1 0 0 
1 0 0 
1 0 0 
1 0 0 
1 0 0 
1 0 0 
1 0 0 
1 0 0 
1 0 0 
1 0 0 
1 0 0 
1 0 0 
1 0 0 
1 0 0 
1 0 0 
1 0 0 
1 0 0 
1 0 0 
1 0 0 
1 0 0 
1 0 0 
1 0 0 
1 0 0 
1 0 -2.01181e-81 
1 0 -2.67016e-78 
1 0 -5.74319e-79 
1 0 -7.26769e-83 
1 0 -2.1817e-78 
1 0 -2.32109e-71 
1 0 -6.25523e-69 
1 0 -3.10366e-66 
1 0 -6.68234e-67 
1 0 -2.25069e-70 
1 0 -2.01878e-71 
1 0 -4.34464e-72 
1 0 -1.18459e-75 
1 0 -1.06191e-76 
1 0 -2.2848e-77 
1 0 -4.96066e-81 
1 0 -4.44462e-82 
1 0 -9.56103e-83 
1 0 -1.61279e-86 
1 0 -1.44437e-87 
1 0 -3.10647e-88 
1 0 -3.92006e-92 
1 0 -3.50929e-93 
1 0 -7.54637e-94 
1 0 -6.69502e-98 
1 0 -5.99137e-99 
1 0 -1.2882e-99 
1 0 -7.15595e-104 
1 0 -6.40186e-105 
1 0 -1.37628e-105 
1 0 0 
1 0 0 
1 0 0 
1 0 0 
1 0 0 
1 0 0 
1 0 0 
1 0 0 
1 0 0 
1 0 0 
1 0 0 
1 0 0 
1 0 0 
1 0 0 
1 0 0 
1 0 0 
1 0 0 
1 0 0 
1 0 0 
1 0 0 
1 0 0 
1 0 0 
1 0 0 
1 0 0 
1 0 0 
1 0 0 
1 0 0 
1 0 0 
1 0 0 
1 0 0 
1 0 0 
1 0 0 
1 0 0 
1 0 0 
1 0 0 
1 0 0 
1 0 0 
1 0 0 
1 0 0 
1 0 0 
1 0 0 
1 0 0 
1 0 0 
1 0 0 
1 0 0 
1 0 0 
1 0 0 
1 0 0 
1 0 0 
1 0 0 
1 0 -7.14326e-85 
1 0 -1.3493e-81 
1 0 -2.90166e-82 
1 0 -2.5818e-86 
1 0 -1.10216e-81 
1 0 -2.01655e-74 
1 0 -6.80955e-72 
1 0 -4.1758e-69 
1 0 -8.98795e-70 
1 0 -2.45279e-73 
1 0 -2.19876e-74 
1 0 -4.73085e-75 
1 0 -1.02794e-78 
1 0 -9.21006e-80 
1 0 -1.98122e-80 
1 0 -3.34426e-84 
1 0 -2.99502e-85 
1 0 -6.44154e-86 
1 0 -8.13344e-90 
1 0 -7.28118e-91 
1 0 -1.56574e-91 
1 0 -1.38984e-95 
1 0 -1.24377e-96 
1 0 -2.67421e-97 
1 0 -1.48622e-101 
1 0 -1.32961e-102 
1 0 -2.8584e-103 
1 0 -7.46979e-108 
1 0 -6.68077e-109 
1 0 -1.43608e-109 
1 0 0 
1 0 0 
1 0 0 
1 0 0 
1 0 0 
1 0 0 
1 0 0 
1 0 0 
1 0 0 
1 0 0 
1 0 0 
1 0 0 
1 0 0 
1 0 0 
1 0 0 
1 0 0 
1 0 0 
1 0 0 
1 0 0 
1 0 0 
1 0 0 
1 0 0 
1 0 0 
1 0 0 
1 0 0 
1 0 0 
1 0 0 
1 0 0 
1 0 0 
1 0 0 
1 0 0 
1 0 0 
1 0 0 
1 0 0 
1 0 0 
1 0 0 
1 0 0 
1 0 0 
1 0 0 
1 0 0 
1 0 0 
1 0 0 
1 0 0 
1 0 0 
1 0 0 
1 0 0 
1 0 0 
1 0 0 
1 0 0 
1 0 0 
1 0 -1.58854e-88 
1 0 -4.79497e-85 
1 0 -1.03099e-85 
1 0 -5.74405e-90 
1 0 -3.91574e-85 
1 0 -1.36182e-77 
1 0 -5.90801e-75 
1 0 -4.55222e-72 
1 0 -9.79558e-73 
1 0 -2.13006e-76 
1 0 -1.90849e-77 
1 0 -4.10543e-78 
1 0 -6.9346e-82 
1 0 -6.21043e-83 
1 0 -1.33571e-83 
1 0 -1.68755e-87 
1 0 -1.51072e-88 
1 0 -3.24864e-89 
1 0 -2.8852e-93 
1 0 -2.58197e-94 
1 0 -5.55146e-95 
1 0 -3.08674e-99 
1 0 -2.76146e-100 
1 0 -5.93663e-101 
1 0 -1.55205e-105 
1 0 -1.38811e-106 
1 0 -2.98384e-107 
1 0 0 
1 0 0 
1 0 0 
1 0 0 
1 0 0 
1 0 0 
1 0 0 
1 0 0 
1 0 0 
1 0 0 
1 0 0 
1 0 0 
1 0 0 
1 0 0 
1 0 0 
1 0 0 
1 0 0 
1 0 0 
1 0 0 
1 0 0 
1 0 0 
1 0 0 
1 0 0 
1 0 0 
1 0 0 
1 0 0 
1 0 0 
1 0 0 
1 0 0 
1 0 0 
1 0 0 
1 0 0 
1 0 0 
1 0 0 
1 0 0 
1 0 0 
1 0 0 
1 0 0 
1 0 0 
1 0 0 
1 0 0 
1 0 0 
1 0 0 
1 0 0 
1 0 0 
1 0 0 
1 0 0 
1 0 0 
1 0 0 
1 0 0 
1 0 0 
1 0 0 
1 0 0 
1 0 -1.66152e-92 
1 0 -1.06712e-88 
1 0 -2.29415e-89 
1 0 -6.0103e-94 
1 0 -8.7126e-89 
1 0 -6.88236e-81 
1 0 -3.98501e-78 
1 0 -3.95439e-75 
1 0 -8.50716e-76 
1 0 -1.43795e-79 
1 0 -1.28778e-80 
1 0 -2.7697e-81 
1 0 -3.50136e-85 
1 0 -3.13448e-86 
1 0 -6.74037e-87 
1 0 -5.98947e-91 
1 0 -5.35998e-92 
1 0 -1.15244e-92 
1 0 -6.41087e-97 
1 0 -5.7353e-98 
1 0 -1.23298e-98 
1 0 -3.22481e-103 
1 0 -2.88418e-104 
1 0 -6.19974e-105 
1 0 0 
1 0 0 
1 0 0 
1 0 0 
1 0 0 
1 0 0 
1 0 0 
1 0 0 
1 0 0 
1 0 0 
1 0 0 
1 0 0 
1 0 0 
1 0 0 
1 0 0 
1 0 0 
1 0 0 
1 0 0 
1 0 0 
1 0 0 
1 0 0 
1 0 0 
1 0 0 
1 0 0 
1 0 0 
1 0 0 
1 0 0 
1 0 0 
1 0 0 
1 0 0 
1 0 0 
1 0 0 
1 0 0 
1 0 0 
1 0 0 
1 0 0 
1 0 0 
1 0 0 
1 0 0 
1 0 0 
1 0 0 
1 0 0 
1 0 0 
1 0 0 
1 0 0 
1 0 0 
1 0 0 
1 0 0 
1 0 0 
1 0 0 
1 0 0 
1 0 0 
1 0 0 
1 0 0 
1 0 0 
1 0 0 
1 0 0 
1 0 -1.1169e-92 
1 0 -2.40084e-93 
1 0 0 
1 0 -9.11716e-93 
1 0 -2.446e-84 
1 0 -2.01181e-81 
1 0 -2.67016e-78 
1 0 -5.74319e-79 
1 0 -7.26471e-83 
1 0 -6.50349e-84 
1 0 -1.39851e-84 
1 0 -1.24337e-88 
1 0 -1.11269e-89 
1 0 -2.39238e-90 
1 0 -1.33148e-94 
1 0 -1.19117e-95 
1 0 -2.56078e-96 
1 0 -6.70042e-101 
1 0 -5.99267e-102 
1 0 -1.28817e-102 
1 0 0 
1 0 0 
1 0 0 
1 0 0 
1 0 0 
1 0 0 
1 0 0 
1 0 0 
1 0 0 
1 0 0 
1 0 0 
1 0 0 
1 0 0 
1 0 0 
1 0 0 
1 0 0 
1 0 0 
1 0 0 
1 0 0 
1 0 0 
1 0 0 
1 0 0 
1 0 0 
1 0 0 
1 0 0 
1 0 0 
1 0 0 
1 0 0 
1 0 0 
1 0 0 
1 0 0 
1 0 0 
1 0 0 
1 0 0 
1 0 0 
1 0 0 
1 0 0 
1 0 0 
1 0 0 
1 0 0 
1 0 0 
1 0 0 
1 0 0 
1 0 0 
1 0 0 
1 0 0 
1 0 0 
1 0 0 
1 0 0 
1 0 0 
1 0 0 
1 0 0 
1 0 0 
1 0 0 
1 0 0 
1 0 0 
1 0 0 
1 0 0 
1 0 0 
1 0 0 
1 0 0 
1 0 0 
1 0 0 
1 0 0 
1 0 -5.44406e-88 
1 0 -7.14326e-85 
1 0 -1.3493e-81 
1 0 -2.90166e-82 
1 0 -2.58114e-86 
1 0 -2.30986e-87 
1 0 -4.96641e-88 
1 0 -2.76535e-92 
1 0 -2.47394e-93 
1 0 -5.3185e-94 
1 0 -1.3922e-98 
1 0 -1.24514e-99 
1 0 -2.67651e-100 
1 0 0 
1 0 0 
1 0 0 
1 0 0 
1 0 0 
1 0 0 
1 0 0 
1 0 0 
1 0 0 
1 0 0 
1 0 0 
1 0 0 
1 0 0 
1 0 0 
1 0 0 
1 0 0 
1 0 0 
1 0 0 
1 0 0 
1 0 0 
1 0 0 
1 0 0 
1 0 0 
1 0 0 
1 0 0 
1 0 0 
1 0 0 
1 0 0 
1 0 0 
1 0 0 
1 0 0 
1 0 0 
1 0 0 
1 0 0 
1 0 0 
1 0 0 
1 0 0 
1 0 0 
1 0 0 
1 0 0 
1 0 0 
1 0 0 
1 0 0 
1 0 0 
1 0 0 
1 0 0 
1 0 0 
1 0 0 
1 0 0 
1 0 0 
1 0 0 
1 0 0 
1 0 0 
1 0 0 
1 0 0 
1 0 0 
1 0 0 
1 0 0 
1 0 0 
1 0 0 
1 0 0 
1 0 0 
1 0 0 
1 0 0 
1 0 0 
1 0 0 
1 0 0 
1 0 -5.6984e-92 
1 0 -1.58854e-88 
1 0 -4.79497e-85 
1 0 -1.03099e-85 
1 0 -5.74336e-90 
1 0 -5.13813e-91 
1 0 -1.1046e-91 
1 0 -2.89266e-96 
1 0 -2.58712e-97 
1 0 -5.56119e-98 
1 0 0 
1 0 0 
1 0 0 
1 0 0 
1 0 0 
1 0 0 
1 0 0 
1 0 0 
1 0 0 
1 0 0 
1 0 0 
1 0 0 
1 0 0 
1 0 0 
1 0 0 
1 0 0 
1 0 0 
1 0 0 
1 0 0 
1 0 0 
1 0 0 
1 0 0 
1 0 0 
1 0 0 
1 0 0 
1 0 0 
1 0 0 
1 0 0 
1 0 0 
1 0 0 
1 0 0 
1 0 0 
1 0 0 
1 0 0 
1 0 0 
1 0 0 
1 0 0 
1 0 0 
1 0 0 
1 0 0 
1 0 0 
1 0 0 
1 0 0 
1 0 0 
1 0 0 
1 0 0 
1 0 0 
1 0 0 
1 0 0 
1 0 0 
1 0 0 
1 0 0 
1 0 0 
1 0 0 
1 0 0 
1 0 0 
1 0 0 
1 0 0 
1 0 0 
1 0 0 
1 0 0 
1 0 0 
1 0 0 
1 0 0 
1 0 0 
1 0 0 
1 0 0 
1 0 0 
1 0 0 
1 0 0 
1 0 0 
1 0 -1.66152e-92 
1 0 -1.06712e-88 
1 0 -2.29415e-89 
1 0 -6.0103e-94 
1 0 -5.37545e-95 
1 0 -1.15549e-95 
1 0 0 
1 0 0 
1 0 0 
1 0 0 
1 0 0 
1 0 0 
1 0 0 
1 0 0 
1 0 0 
1 0 0 
1 0 0 
1 0 0 
1 0 0 
1 0 0 
1 0 0 
1 0 0 
1 0 0 
1 0 0 
1 0 0 
1 0 0 
1 0 0 
1 0 0 
1 0 0 
1 0 0 
1 0 0 
1 0 0 
1 0 0 
1 0 0 
1 0 0 
1 0 0 
1 0 0 
1 0 0 
1 0 0 
1 0 0 
1 0 0 
1 0 0 
1 0 0 
1 0 0 
1 0 0 
1 0 0 
1 0 0 
1 0 0 
1 0 0 
1 0 0 
1 0 0 
1 0 0 
1 0 0 
1 0 0 
1 0 0 
1 0 0 
1 0 0 
1 0 0 
1 0 0 
1 0 0 
1 0 0 
1 0 0 
1 0 0 
1 0 0 
1 0 0 
1 0 0 
1 0 0 
1 0 0 
1 0 0 
1 0 0 
1 0 0 
1 0 0 
1 0 0 
1 0 0 
1 0 0 
1 0 0 
1 0 0 
1 0 0 
1 0 0 
1 0 0 
1 0 0 
1 0 -1.1169e-92 
1 0 -2.40084e-93 
1 0 0 
1 0 0 
1 0 0 
1 0 0 
1 0 0 
1 0 0 
1 0 0 
1 0 0 
1 0 0 
1 0 0 
1 0 0 
1 0 0 
1 0 0 
1 0 0 
1 0 0 
1 0 0 
1 0 0 
1 0 0 
1 0 0 
1 0 0 
1 0 0 
1 0 0 
1 0 0 
1 0 0 
1 0 0 
1 0 0 
1 0 0 
1 0 0 
1 0 0 
1 0 0 
1 0 0 
1 0 0 
1 0 0 
1 0 0 
1 0 0 
1 0 0 
1 0 0 
1 0 0 
1 0 0 
1 0 0 
1 0 0 
1 0 0 
1 0 0 
1 0 0 
1 0 0 
1 0 0 
1 0 0 
1 0 0 
1 0 0 
1 0 0 
1 0 0 
1 0 0 
1 0 0 
1 0 0 
1 0 0 
1 0 0 
1 0 0 
1 0 0 
1 0 0 
1 0 0 
1 0 0 
1 0 0 
1 0 0 
1 0 0 
1 0 0 
1 0 0 
1 0 0 
1 0 0 
1 0 0 
1 0 0 
1 0 0 
1 0 0 
1 0 0 
1 0 0 
1 0 0 
1 0 0 
1 0 0 
1 0 0 
1 0 0 
1 0 0 
1 0 0 
1 0 0 
1 0 0 
1 0 0 
1 0 0 
1 0 0 
1 0 0 
1 0 0 
1 0 0 
1 0 0 
1 0 0 
1 0 0 
1 0 0 
1 0 0 
1 0 0 
1 0 0 
1 0 0 
1 0 0 
1 0 0 
1 0 0 
1 0 0 
1 0 0 
1 0 0 
1 0 0 
1 0 0 
1 0 0 
1 0 0 
1 0 0 
1 0 0 
1 0 0 
1 0 0 
1 0 0 
1 0 0 
1 0 0 
1 0 0 
1 0 0 
1 0 0 
1 0 0 
1 0 0 
1 0 0 
1 0 0 
1 0 0 
1 0 0 
1 0 0 
1 0 0 
1 0 0 
1 0 0 
1 0 0 
1 0 0 
1 0 0 
1 0 0 
1 0 0 
1 0 0 
1 0 0 
1 0 0 
1 0 0 
1 0 0 
1 0 0 
1 0 0 
1 0 0 
1 0 0 
1 0 0 
1 0 0 
1 0 0 
1 0 0 
1 0 0 
1 0 0 
1 0 0 
1 0 0 
1 0 0 
1 0 0 
1 0 0 
1 0 0 
1 0 0 
1 0 0 
1 0 0 
1 0 0 
1 0 0 
1 0 0 
1 0 0 
1 0 0 
1 0 0 
1 0 0 
1 0 0 
1 0 0 
1 0 0 
1 0 0 
1 0 0 
1 0 0 
1 0 0 
1 0 0 
1 0 0 
1 0 0 
1 0 0 
1 0 0 
1 0 0 
1 0 0 
1 0 0 
1 0 0 
1 0 0 
1 0 0 
1 0 0 
1 0 0 
1 0 0 
1 0 0 
1 0 0 
1 0 0 
1 0 0 
1 0 0 
1 0 0 
1 0 0 
1 0 0 
1 0 0 
1 0 0 
1 0 0 
1 0 0 
1 0 0 
1 0 0 
1 0 0 
1 0 0 
1 0 0 
1 0 0 
1 0 0 
1 0 0 
1 0 0 
1 0 0 
1 0 0 
1 0 0 
1 0 0 
1 0 0 
1 0 0 
1 0 0 
1 0 0 
1 0 0 
1 0 0 
1 0 0 
1 0 0 
1 0 0 
1 0 0 
1 0 0 
1 0 0 
1 0 0 
1 0 0 
1 0 0 
1 0 0 
1 0 0 
1 0 0 
1 0 0 
1 0 0 
1 0 0 
1 0 0 
1 0 0 
1 0 0 
1 0 0 
1 0 0 
1 0 0 
1 0 0 
1 0 0 
1 0 0 
1 0 0 
1 0 0 
1 0 0 
1 0 0 
1 0 0 
1 0 0 
1 0 0 
1 0 0 
1 0 0 
1 0 0 
1 0 0 
1 0 0 
1 0 0 
1 0 0 
1 0 0 
1 0 0 
1 0 0 
1 0 0 
1 0 0 
1 0 0 
1 0 0 
1 0 0 
1 0 0 
1 0 0 
1 0 0 
1 0 0 
1 0 0 
1 0 0 
1 0 0 
1 0 0 
1 0 0 
1 0 0 
1 0 0 
1 0 0 
1 0 0 
1 0 0 
1 0 0 
1 0 0 
1 0 0 
1 0 0 
1 0 0 
1 0 0 
1 0 0 
1 0 0 
1 0 0 
1 0 0 
1 0 0 
1 0 0 
1 0 0 
1 0 0 
1 0 0 
1 0 0 
1 0 0 
1 0 0 
1 0 0 
1 0 0 
1 0 0 
1 0 0 
1 0 0 
1 0 0 
1 0 0 
1 0 0 
1 0 0 
1 0 0 
1 0 0 
1 0 0 
1 0 0 
1 0 0 
1 0 0 
1 0 0 
1 0 0 
1 0 0 
1 0 0 
1 0 0 
1 0 0 
1 0 0 
1 0 0 
1 0 0 
1 0 0 
1 0 0 
1 0 0 
1 0 0 
1 0 0 
1 0 0 
1 0 0 
1 0 0 
1 0 0 
1 0 0 
1 0 0 
1 0 0 
1 0 0 
1 0 0 
1 0 0 
1 0 0 
1 0 0 
1 0 0 
1 0 0 
1 0 0 
1 0 0 
1 0 0 
1 0 0 
1 0 0 
1 0 0 
1 0 0 
1 0 0 
1 0 0 
1 0 0 
1 0 0 
1 0 0 
1 0 0 
1 0 0 
1 0 0 
1 0 0 
1 0 0 
1 0 0 
1 0 0 
1 0 0 
1 0 0 
1 0 0 
1 0 0 
1 0 0 
1 0 0 
1 0 0 
1 0 0 
1 0 0 
1 0 0 
1 0 0 
1 0 0 
1 0 0 
1 0 0 
1 0 0 
1 0 0 
1 0 0 
1 0 0 
1 0 0 
1 0 0 
1 0 0 
1 0 0 
1 0 0 
1 0 0 
1 0 0 
1 0 0 
1 0 0 
1 0 0 
1 0 0 
1 0 0 
1 0 0 
1 0 0 
1 0 0 
1 0 0 
1 0 0 
1 0 0 
1 0 0 
1 0 0 
1 0 0 
1 0 0 
1 0 0 
1 0 0 
1 0 0 
1 0 0 
1 0 0 
1 0 0 
1 0 0 
1 0 0 
1 0 0 
1 0 0 
1 0 0 
1 0 0 
1 0 0 
1 0 0 
1 0 0 
1 0 0 
1 0 0 
1 0 0 
1 0 0 
1 0 0 
1 0 0 
1 0 0 
1 0 0 
1 0 0 
1 0 0 
1 0 0 
1 0 0 
1 0 0 
1 0 0 
1 0 0 
1 0 0 
1 0 0 
1 0 0 
1 0 0 
1 0 0 
1 0 0 
1 0 0 
1 0 0 
1 0 0 
1 0 0 
1 0 0 
1 0 0 
1 0 0 
1 0 0 
1 0 0 
1 0 0 
1 0 0 
1 0 0 
1 0 0 
1 0 0 
1 0 0 
1 0 0 
1 0 0 
1 0 0 
1 0 0 
1 0 0 
1 0 0 
1 0 0 
1 0 0 
1 0 0 
1 0 0 
1 0 0 
1 0 0 
1 0 0 
1 0 0 
1 0 0 
1 0 0 
1 0 0 
1 0 0 
1 0 0 
1 0 0 
1 0 0 
1 0 0 
1 0 0 
1 0 0 
1 0 0 
1 0 0 
1 0 0 
1 0 0 
1 0 0 
1 0 0 
1 0 0 
1 0 0 
1 0 0 
1 0 0 
1 0 0 
1 0 0 
1 0 0 
1 0 0 
1 0 0 
1 0 0 
1 0 0 
1 0 0 
1 0 0 
1 0 0 
1 0 0 
1 0 0 
1 0 0 
1 0 0 
1 0 0 
1 0 0 
1 0 0 
1 0 0 
1 0 0 
1 0 0 
1 0 0 
1 0 0 
1 0 0 
1 0 0 
1 0 0 
1 0 0 
1 0 0 
1 0 0 
1 0 0 
1 0 0 
1 0 0 
1 0 0 
1 0 0 
1 0 0 
1 0 0 
1 0 0 
1 0 0 
1 0 0 
1 0 0 
1 0 0 
1 0 0 
1 0 0 
1 0 0 
1 0 0 
1 0 0 
1 0 0 
1 0 0 
1 0 0 
1 0 0 
1 0 0 
1 0 0 
1 0 0 
1 0 0 
1 0 0 
1 0 0 
1 0 0 
1 0 0 
1 0 0 
1 0 0 
1 0 0 
1 0 0 
1 0 0 
1 0 0 
1 0 0 
1 0 0 
1 0 0 
1 0 0 
1 0 0 
1 0 0 
1 0 0 
1 0 0 
1 0 0 
1 0 0 
1 0 0 
1 0 0 
1 0 0 
1 0 0 
1 0 0 
1 0 0 
1 0 0 
1 0 0 
1 0 0 
1 0 0 
1 0 0 
1 0 0 
1 0 0 
1 0 0 
1 0 0 
1 0 0 
1 0 0 
1 0 0 
1 0 0 
1 0 0 
1 0 0 
1 0 0 
1 0 0 
1 0 0 
1 0 0 
1 0 0 
1 0 0 
1 0 0 
1 0 0 
1 0 0 
1 0 0 
1 0 0 
1 0 0 
1 0 0 
1 0 0 
1 0 0 
1 0 0 
1 0 0 
1 0 0 
1 0 0 
1 0 0 
1 0 0 
1 0 0 
1 0 0 
1 0 0 
1 0 0 
1 0 0 
1 0 0 
1 0 0 
1 0 0 
1 0 0 
1 0 0 
1 0 0 
1 0 0 
1 0 0 
1 0 0 
1 0 0 
1 0 0 
1 0 0 
1 0 0 
1 0 0 
1 0 0 
1 0 0 
1 0 0 
1 0 0 
1 0 0 
1 0 0 
1 0 0 
1 0 0 
1 0 0 
1 0 0 
1 0 0 
1 0 0 
1 0 0 
1 0 0 
1 0 0 
1 0 0 
1 0 0 
1 0 0 
1 0 0 
1 0 0 
1 0 0 
1 0 0 
1 0 0 
1 0 0 
1 0 0 
1 0 0 
1 0 0 
1 0 0 
1 0 0 
1 0 0 
1 0 0 
1 0 0 
1 0 0 
1 0 0 
1 0 0 
1 0 0 
1 0 0 
1 0 0 
1 0 0 
1 0 0 
1 0 0 
1 0 0 
1 0 0 
1 0 0 
1 0 0 
1 0 0 
1 0 0 
1 0 0 
1 0 0 
1 0 0 
1 0 0 
1 0 0 
1 0 0 
1 0 0 
1 0 0 
1 0 0 
1 0 0 
1 0 0 
1 0 0 
1 0 0 
1 0 0 
1 0 0 
1 0 0 
1 0 0 
1 0 0 
1 0 0 
1 0 0 
1 0 0 
1 0 0 
1 0 0 
1 0 0 
1 0 0 
1 0 0 
1 0 0 
1 0 0 
1 0 0 
1 0 0 
1 0 0 
1 0 0 
1 0 0 
1 0 0 
1 0 0 
1 0 0 
1 0 0 
1 0 0 
1 0 0 
1 0 0 
1 0 0 
1 0 0 
1 0 0 
1 0 0 
1 0 0 
1 0 0 
1 0 0 
1 0 0 
1 0 0 
1 0 0 
1 0 0 
1 0 0 
1 0 0 
1 0 0 
1 0 0 
1 0 0 
1 0 0 
1 0 0 
1 0 0 
1 0 0 
1 0 0 
1 0 0 
1 0 0 
1 0 0 
1 0 0 
1 0 0 
1 0 0 
1 0 0 
1 0 0 
1 0 0 
1 0 0 
1 0 0 
1 0 0 
1 0 0 
1 0 0 
1 0 0 
1 0 0 
1 0 0 
1 0 0 
1 0 0 
1 0 0 
1 0 0 
1 0 0 
1 0 0 
1 0 0 
1 0 0 
1 0 0 
1 0 0 
1 0 0 
1 0 0 
1 0 0 
1 0 0 
1 0 0 
1 0 0 
1 0 0 
1 0 0 
1 0 0 
1 0 0 
1 0 0 
1 0 0 
1 0 0 
1 0 0 
1 0 0 
1 0 0 
1 0 0 
1 0 0 
1 0 0 
1 0 0 
1 0 0 
1 0 0 
1 0 0 
1 0 0 
1 0 0 
1 0 0 
1 0 0 
1 0 0 
1 0 0 
1 0 0 
1 0 0 
1 0 0 
1 0 0 
1 0 0 
1 0 0 
1 0 0 
1 0 0 
1 0 0 
1 0 0 
1 0 0 
1 0 0 
1 0 0 
1 0 0 
1 0 0 
1 0 0 
1 0 0 
1 0 0 
1 0 0 
1 0 0 
1 0 0 
1 0 0 
1 0 0 
1 0 0 
1 0 0 
1 0 0 
1 0 0 
1 0 0 
1 0 0 
1 0 0 
1 0 0 
1 0 0 
1 0 0 
1 0 0 
1 0 0 
1 0 0 
1 0 0 
1 0 0 
1 0 0 
1 0 0 
1 0 0 
1 0 0 
1 0 0 
1 0 0 
1 0 0 
1 0 0 
1 0 0 
1 0 0 
1 0 0 
1 0 0 
1 0 0 
1 0 0 
1 0 0 
1 0 0 
1 0 0 
1 0 0 
1 0 0 
1 0 0 
1 0 0 
1 0 0 
1 0 0 
1 0 0 
1 0 0 
1 0 0 
1 0 0 
1 0 0 
1 0 0 
1 0 0 
1 0 0 
1 0 0 
1 0 0 
1 0 0 
1 0 0 
1 0 0 
1 0 0 
1 0 0 
1 0 0 
1 0 0 
1 0 0 
1 0 0 
1 0 0 
1 0 0 
1 0 0 
1 0 0 
1 0 0 
1 0 0 
1 0 0 
1 0 0 
1 0 0 
1 0 0 
1 0 0 
1 0 0 
1 0 0 
1 0 0 
1 0 0 
1 0 0 
1 0 0 
1 0 0 
1 0 0 
1 0 0 
1 0 0 
1 0 0 
1 0 0 
1 0 0 
1 0 0 
1 0 0 
1 0 0 
1 0 0 
1 0 0 
1 0 0 
1 0 0 
1 0 0 
1 0 0 
1 0 0 
1 0 0 
1 0 0 
1 0 0 
1 0 0 
1 0 0 
1 0 0 
1 0 0 
1 0 0 
1 0 0 
1 0 0 
1 0 0 
1 0 0 
1 0 0 
1 0 0 
1 0 0 
1 0 0 
1 0 0 
1 0 0 
1 0 0 
1 0 0 
1 0 0 
1 0 0 
1 0 0 
1 0 0 
1 0 0 
1 0 0 
1 0 0 
1 0 0 
1 0 0 
1 0 0 
1 0 0 
1 0 0 
1 0 0 
1 0 0 
1 0 0 
1 0 0 
1 0 0 
1 0 0 
1 0 0 
1 0 0 
1 0 0 
1 0 0 
1 0 0 
1 0 0 
1 0 0 
1 0 0 
1 0 0 
1 0 0 
1 0 0 
1 0 0 
1 0 0 
1 0 0 
1 0 0 
1 0 0 
1 0 0 
1 0 0 
1 0 0 
1 0 0 
1 0 0 
1 0 0 
1 0 0 
1 0 0 
1 0 0 
1 0 0 
1 0 0 
1 0 0 
1 0 0 
1 0 0 
1 0 0 
1 0 0 
1 0 0 
1 0 0 
1 0 0 
1 0 0 
1 0 0 
1 0 0 
1 0 0 
1 0 0 
1 0 0 
1 0 0 
1 0 0 
1 0 0 
1 0 0 
1 0 0 
1 0 0 
1 0 0 
1 0 0 
1 0 0 
1 0 0 
1 0 0 
1 0 0 
1 0 0 
1 0 0 
1 0 0 
1 0 0 
1 0 0 
1 0 0 
1 0 0 
1 0 0 
1 0 0 
1 0 0 
1 0 0 
1 0 0 
1 0 0 
1 0 0 
1 0 0 
1 0 0 
1 0 0 
1 0 0 
1 0 0 
1 0 0 
1 0 0 
1 0 0 
1 0 0 
1 0 0 
1 0 0 
1 0 0 
1 0 0 
1 0 0 
1 0 0 
1 0 0 
1 0 0 
1 0 0 
1 0 0 
1 0 0 
1 0 0 
1 0 0 
1 0 0 
1 0 0 
1 0 0 
1 0 0 
1 0 0 
1 0 0 
1 0 0 
1 0 0 
1 0 0 
1 0 0 
1 0 0 
1 0 0 
1 0 0 
1 0 0 
1 0 0 
1 0 0 
1 0 0 
1 0 0 
1 0 0 
1 0 0 
1 0 0 
1 0 0 
1 0 0 
1 0 0 
1 0 0 
1 0 0 
1 0 0 
1 0 0 
1 0 0 
1 0 0 
1 0 0 
1 0 0 
1 0 0 
1 0 0 
1 0 0 
1 0 0 
1 0 0 
1 0 0 
1 0 0 
1 0 0 
1 0 0 
1 0 0 
1 0 0 
1 0 0 
1 0 0 
1 0 0 
1 0 0 
1 0 0 
1 0 0 
1 0 0 
1 0 0 
1 0 0 
1 0 0 
1 0 0 
1 0 0 
1 0 0 
1 0 0 
1 0 0 
1 0 0 
1 0 0 
1 0 0 
1 0 0 
1 0 0 
1 0 0 
1 0 0 
1 0 0 
1 0 0 
1 0 0 
1 0 0 
1 0 0 
1 0 0 
1 0 0 
1 0 0 
1 0 0 
1 0 0 
1 0 0 
1 0 0 
1 0 0 
1 0 0 
1 0 0 
1 0 0 
1 0 0 
1 0 0 
1 0 0 
1 0 0 
1 0 0 
1 0 0 
1 0 0 
1 0 0 
1 0 0 
1 0 0 
1 0 0 
1 0 0 
1 0 0 
1 0 0 
1 0 0 
1 0 0 
1 0 0 
1 0 0 
1 0 0 
1 0 0 
1 0 0 
1 0 0 
1 0 0 
1 0 0 
1 0 0 
1 0 0 
1 0 0 
1 0 0 
1 0 0 
1 0 0 
1 0 0 
1 0 0 
1 0 0 
1 0 0 
1 0 0 
1 0 0 
1 0 0 
1 0 0 
1 0 0 
1 0 0 
1 0 0 
1 0 0 
1 0 0 
1 0 0 
1 0 0 
1 0 0 
1 0 0 
1 0 0 
1 0 0 
1 0 0 
1 0 0 
1 0 0 
1 0 0 
1 0 0 
1 0 0 
1 0 0 
1 0 0 
1 0 0 
1 0 0 
1 0 0 
1 0 0 
1 0 0 
1 0 0 
1 0 0 
1 0 0 
1 0 0 
1 0 0 
1 0 0 
1 0 0 
1 0 0 
1 0 0 
1 0 0 
1 0 0 
1 0 0 
1 0 0 
1 0 0 
1 0 0 
1 0 0 
1 0 0 
1 0 0 
1 0 0 
1 0 0 
1 0 0 
1 0 0 
1 0 0 
1 0 0 
1 0 0 
1 0 0 
1 0 0 
1 0 0 
1 0 0 
1 0 0 
1 0 0 
1 0 0 
1 0 0 
1 0 0 
1 0 0 
1 0 0 
1 0 0 
1 0 0 
1 0 0 
1 0 0 
1 0 0 
1 0 0 
1 0 0 
1 0 0 
1 0 0 
1 0 0 
1 0 0 
1 0 0 
1 0 0 
1 0 0 
1 0 0 
1 0 0 
1 0 0 
1 0 0 
1 0 0 
1 0 0 
1 0 0 
1 0 0 
1 0 0 
1 0 0 
1 0 0 
1 0 0 
1 0 0 
1 0 0 
1 0 0 
1 0 0 
1 0 0 
1 0 0 
1 0 0 
1 0 0 
1 0 0 
1 0 0 
1 0 0 
1 0 0 
1 0 0 
1 0 0 
1 0 0 
1 0 0 
1 0 0 
1 0 0 
1 0 0 
1 0 0 
1 0 0 
1 0 0 
1 0 0 
1 0 0 
1 0 0 
1 0 0 
1 0 0 
1 0 0 
1 0 0 
1 0 0 
1 0 0 
1 0 0 
1 0 0 
1 0 0 
1 0 0 
1 0 0 
1 0 0 
1 0 0 
1 0 0 
1 0 0 
1 0 0 
1 0 0 
1 0 0 
1 0 0 
1 0 0 
1 0 0 
1 0 0 
1 0 0 
1 0 0 
1 0 0 
1 0 0 
1 0 0 
1 0 0 
1 0 0 
1 0 0 
1 0 0 
1 0 0 
1 0 0 
1 0 0 
1 0 0 
1 0 0 
1 0 0 
1 0 0 
1 0 0 
1 0 0 
1 0 0 
1 0 0 
1 0 0 
1 0 0 
1 0 0 
1 0 0 
1 0 0 
1 0 0 
1 0 0 
1 0 0 
1 0 0 
1 0 0 
1 0 0 
1 0 0 
1 0 0 
1 0 0 
1 0 0 
1 0 0 
1 0 0 
1 0 0 
1 0 0 
1 0 0 
1 0 0 
1 0 0 
1 0 0 
1 0 0 
1 0 0 
1 0 0 
1 0 0 
1 0 0 
1 0 0 
1 0 0 
1 0 0 
1 0 0 
1 0 0 
1 0 0 
1 0 0 
1 0 0 
1 0 0 
1 0 0 
1 0 0 
1 0 0 
1 0 0 
1 0 0 
1 0 0 
1 0 0 
1 0 0 
1 0 0 
1 0 0 
1 0 0 
1 0 0 
1 0 0 
1 0 0 
1 0 0 
1 0 0 
1 0 0 
1 0 0 
1 0 0 
1 0 0 
1 0 0 
1 0 0 
1 0 0 
1 0 0 
1 0 0 
1 0 0 
1 0 0 
1 0 0 
1 0 0 
1 0 0 
1 0 0 
1 0 0 
1 0 0 
1 0 0 
1 0 0 
1 0 0 
1 0 0 
1 0 0 
1 0 0 
1 0 0 
1 0 0 
1 0 0 
1 0 0 
1 0 0 
1 0 0 
1 0 0 
1 0 0 
1 0 0 
1 0 0 
1 0 0 
1 0 0 
1 0 0 
1 0 0 
1 0 0 
1 0 0 
1 0 0 
1 0 0 
1 0 0 
1 0 0 
1 0 0 
1 0 0 
1 0 0 
1 0 0 
1 0 0 
1 0 0 
1 0 0 
1 0 0 
1 0 0 
1 0 0 
1 0 0 
1 0 0 
1 0 0 
1 0 0 
1 0 0 
1 0 0 
1 0 0 
1 0 0 
1 0 0 
1 0 0 
1 0 0 
1 0 0 
1 0 0 
1 0 0 
1 0 0 
1 0 0 
1 0 0 
1 0 0 
1 0 0 
1 0 0 
1 0 0 
1 0 0 
1 0 0 
1 0 0 
1 0 0 
1 0 0 
1 0 0 
1 0 0 
1 0 0 
1 0 0 
1 0 0 
1 0 0 
1 0 0 
1 0 0 
1 0 0 
1 0 0 
1 0 0 
1 0 0 
1 0 0 
1 0 0 
1 0 0 
1 0 0 
1 0 0 
1 0 0 
1 0 0 
1 0 0 
1 0 0 
1 0 0 
1 0 0 
1 0 0 
1 0 0 
1 0 0 
1 0 0 
1 0 0 
1 0 0 
1 0 0 
1 0 0 
1 0 0 
1 0 0 
1 0 0 
1 0 0 
1 0 0 
1 0 0 
1 0 0 
1 0 0 
1 0 0 
1 0 0 
1 0 0 
1 0 0 
1 0 0 
1 0 0 
1 0 0 
1 0 0 
1 0 0 
1 0 0 
1 0 0 
1 0 0 
1 0 0 
1 0 0 
1 0 0 
1 0 0 
1 0 0 
1 0 0 
1 0 0 
1 0 0 
1 0 0 
1 0 0 
1 0 0 
1 0 0 
1 0 0 
1 0 0 
1 0 0 
1 0 0 
1 0 0 
1 0 0 
1 0 0 
1 0 0 
1 0 0 
1 0 0 
1 0 0 
1 0 0 
1 0 0 
1 0 0 
1 0 0 
1 0 0 
1 0 0 
1 0 0 
1 0 0 
1 0 0 
1 0 0 
1 0 0 
1 0 0 
1 0 0 
1 0 0 
1 0 0 
1 0 0 
1 0 0 
1 0 0 
1 0 0 
1 0 0 
1 0 0 
1 0 0 
1 0 0 
1 0 0 
1 0 0 
1 0 0 
1 0 0 
1 0 0 
1 0 0 
1 0 0 
1 0 0 
1 0 0 
1 0 0 
1 0 0 
1 0 0 
1 0 0 
1 0 0 
1 0 0 
1 0 0 
1 0 0 
1 0 0 
1 0 0 
1 0 0 
1 0 0 
1 0 0 
1 0 0 
1 0 0 
1 0 0 
1 0 0 
1 0 0 
1 0 0 
1 0 0 
1 0 0 
1 0 0 
1 0 0 
1 0 0 
1 0 0 
1 0 0 
1 0 0 
1 0 0 
1 0 0 
1 0 0 
1 0 0 
1 0 0 
1 0 0 
1 0 0 
1 0 0 
1 0 0 
1 0 0 
1 0 0 
1 0 0 
1 0 0 
1 0 0 
1 0 0 
1 0 0 
1 0 0 
1 0 0 
1 0 0 
1 0 0 
1 0 0 
1 0 0 
1 0 0 
1 0 0 
1 0 0 
1 0 0 
1 0 0 
1 0 0 
1 0 0 
1 0 0 
1 0 0 
1 0 0 
1 0 0 
1 0 0 
1 0 0 
1 0 0 
1 0 0 
1 0 0 
1 0 0 
1 0 0 
1 0 0 
1 0 0 
1 0 0 
1 0 0 
1 0 0 
1 0 0 
1 0 0 
1 0 0 
1 0 0 
1 0 0 
1 0 0 
1 0 0 
1 0 0 
1 0 0 
1 0 0 
1 0 0 
1 0 0 
1 0 0 
1 0 0 
1 0 0 
1 0 0 
1 0 0 
1 0 0 
1 0 0 
1 0 0 
1 0 0 
1 0 0 
1 0 0 
1 0 0 
1 0 0 
1 0 0 
1 0 0 
1 0 0 
1 0 0 
1 0 0 
1 0 0 
1 0 0 
1 0 0 
1 0 0 
1 0 0 
1 0 0 
1 0 0 
1 0 0 
1 0 0 
1 0 0 
1 0 0 
1 0 0 
1 0 0 
1 0 0 
1 0 0 
1 0 0 
1 0 0 
1 0 0 
1 0 0 
1 0 0 
1 0 0 
1 0 0 
1 0 0 
1 0 0 
1 0 0 
1 0 0 
1 0 0 
1 0 0 
1 0 0 
1 0 0 
1 0 0 
1 0 0 
1 0 0 
1 0 0 
1 0 0 
1 0 0 
1 0 0 
1 0 0 
1 0 0 
1 0 0 
1 0 0 
1 0 0 
1 0 0 
1 0 0 
1 0 0 
1 0 0 
1 0 0 
1 0 0 
1 0 0 
1 0 0 
1 0 0 
1 0 0 
1 0 0 
1 0 0 
1 0 0 
1 0 0 
1 0 0 
1 0 0 
1 0 0 
1 0 0 
1 0 0 
1 0 0 
1 0 0 
1 0 0 
1 0 0 
1 0 0 
1 0 0 
1 0 0 
1 0 0 
1 0 0 
1 0 0 
1 0 0 
1 0 0 
1 0 0 
1 0 0 
1 0 0 
1 0 0 
1 0 0 
1 0 0 
1 0 0 
1 0 0 
1 0 0 
1 0 0 
1 0 0 
1 0 0 
1 0 0 
1 0 0 
1 0 0 
1 0 0 
1 0 0 
1 0 0 
1 0 0 
1 0 0 
1 0 0 
1 0 0 
1 0 0 
1 0 0 
1 0 0 
1 0 0 
1 0 0 
1 0 0 
1 0 0 
1 0 0 
1 0 0 
1 0 0 
1 0 0 
1 0 0 
1 0 0 
1 0 0 
1 0 0 
1 0 0 
1 0 0 
1 0 0 
1 0 0 
1 0 0 
1 0 0 
1 0 0 
1 0 0 
1 0 0 
1 0 0 
1 0 0 
1 0 0 
1 0 0 
1 0 0 
1 0 0 
1 0 0 
1 0 0 
1 0 0 
1 0 0 
1 0 0 
1 0 0 
1 0 0 
1 0 0 
1 0 0 
1 0 0 
1 0 0 
1 0 0 
1 0 0 
1 0 0 
1 0 0 
1 0 0 
1 0 0 
1 0 0 
1 0 0 
1 0 0 
1 0 0 
1 0 0 
1 0 0 
1 0 0 
1 0 0 
1 0 0 
1 0 0 
1 0 0 
1 0 0 
1 0 0 
1 0 0 
1 0 0 
1 0 0 
1 0 0 
1 0 0 
1 0 0 
1 0 0 
1 0 0 
1 0 0 
1 0 0 
1 0 0 
1 0 0 
1 0 0 
1 0 0 
1 0 0 
1 0 0 
1 0 0 
1 0 0 
1 0 0 
1 0 0 
1 0 0 
1 0 0 
1 0 0 
1 0 0 
1 0 0 
1 0 0 
1 0 0 
1 0 0 
1 0 0 
1 0 0 
1 0 0 
1 0 0 
1 0 0 
1 0 0 
1 0 0 
1 0 0 
1 0 0 
1 0 0 
1 0 0 
1 0 0 
1 0 0 
1 0 0 
1 0 0 
1 0 0 
1 0 0 
1 0 0 
1 0 0 
1 0 0 
1 0 0 
1 0 0 
1 0 0 
1 0 0 
1 0 0 
1 0 0 
1 0 0 
1 0 0 
1 0 0 
1 0 0 
1 0 0 
1 0 0 
1 0 0 
1 0 0 
1 0 0 
1 0 0 
1 0 0 
1 0 0 
1 0 0 
1 0 0 
1 0 0 
1 0 0 
1 0 0 
1 0 0 
1 0 0 
1 0 0 
1 0 0 
1 0 0 
1 0 0 
1 0 0 
1 0 0 
1 0 0 
1 0 0 
1 0 0 
1 0 0 
1 0 0 
1 0 0 
1 0 0 
1 0 0 
1 0 0 
1 0 0 
1 0 0 
1 0 0 
1 0 0 
1 0 0 
1 0 0 
1 0 0 
1 0 0 
1 0 0 
1 0 0 
1 0 0 
1 0 0 
1 0 0 
1 0 0 
1 0 0 
1 0 0 
1 0 0 
1 0 0 
1 0 0 
1 0 0 
1 0 0 
1 0 0 
1 0 0 
1 0 0 
1 0 0 
1 0 0 
1 0 0 
1 0 0 
1 0 0 
1 0 0 
1 0 0 
1 0 0 
1 0 0 
1 0 0 
1 0 0 
1 0 0 
1 0 0 
1 0 0 
1 0 0 
1 0 0 
1 0 0 
1 0 0 
1 0 0 
1 0 0 
1 0 0 
1 0 0 
1 0 0 
1 0 0 
1 0 0 
1 0 0 
1 0 0 
1 0 0 
1 0 0 
1 0 0 
1 0 0 
1 0 0 
1 0 0 
1 0 0 
1 0 0 
1 0 0 
1 0 0 
1 0 0 
1 0 0 
1 0 0 
1 0 0 
1 0 0 
1 0 0 
1 0 0 
1 0 0 
1 0 0 
1 0 0 
1 0 0 
1 0 0 
1 0 0 
1 0 0 
1 0 0 
1 0 0 
1 0 0 
1 0 0 
1 0 0 
1 0 0 
1 0 0 
1 0 0 
1 0 0 
1 0 0 
1 0 0 
1 0 0 
1 0 0 
1 0 0 
1 0 0 
1 0 0 
1 0 0 
1 0 0 
1 0 0 
1 0 0 
1 0 0 
1 0 0 
1 0 0 
1 0 0 
1 0 0 
1 0 0 
1 0 0 
1 0 0 
1 0 0 
1 0 0 
