2 0 0 
2 0 0 
2 0 0 
2 0 0 
2 0 0 
2 0 0 
2 0 0 
2 0 0 
2 0 0 
2 0 0 
2 0 0 
2 0 0 
2 0 0 
2 0 0 
2 0 0 
2 0 0 
2 0 0 
2 0 0 
2 0 0 
2 0 0 
2 0 0 
2 0 0 
2 0 0 
2 0 0 
2 0 0 
2 0 0 
2 0 0 
2 0 0 
2 0 0 
2 0 0 
2 0 0 
2 0 0 
2 0 0 
2 0 0 
2 0 0 
2 0 0 
2 0 0 
2 0 0 
2 0 0 
2 0 0 
2 0 0 
2 0 0 
2 0 0 
2 0 0 
2 0 0 
2 0 0 
2 0 0 
2 0 0 
2 0 0 
2 0 0 
2 0 0 
2 0 0 
2 0 0 
2 0 0 
2 0 0 
2 0 0 
2 0 0 
2 0 0 
2 0 0 
2 0 0 
2 0 0 
2 0 0 
2 0 0 
2 0 0 
2 0 0 
2 0 0 
2 0 0 
2 0 0 
2 0 0 
2 0 0 
2 0 0 
2 0 0 
2 0 0 
2 0 0 
2 0 0 
2 0 0 
2 0 0 
2 0 0 
2 0 0 
2 0 0 
2 0 0 
2 0 0 
2 0 0 
2 0 0 
2 0 0 
2 0 0 
2 0 0 
2 0 0 
2 0 0 
2 0 0 
2 0 0 
2 0 0 
2 0 0 
2 0 0 
2 0 0 
2 0 0 
2 0 0 
2 0 0 
2 0 0 
2 0 0 
2 0 0 
2 0 0 
2 0 0 
2 0 0 
2 0 0 
2 0 0 
2 0 0 
2 0 0 
2 0 0 
2 0 0 
2 0 0 
2 0 0 
2 0 0 
2 0 0 
2 0 0 
2 0 0 
2 0 0 
2 0 0 
2 0 0 
2 0 0 
2 0 0 
2 0 0 
2 0 0 
2 0 0 
2 0 0 
2 0 0 
2 0 0 
2 0 0 
2 0 0 
2 0 0 
2 0 0 
2 0 0 
2 0 0 
2 0 0 
2 0 0 
2 0 0 
2 0 0 
2 0 0 
2 0 0 
2 0 0 
2 0 0 
2 0 0 
2 0 0 
2 0 0 
2 0 0 
2 0 0 
2 0 0 
2 0 0 
2 0 0 
2 0 0 
2 0 0 
2 0 0 
2 0 0 
2 0 0 
2 0 0 
2 0 0 
2 0 0 
2 0 0 
2 0 0 
2 0 0 
2 0 0 
2 0 0 
2 0 0 
2 0 0 
2 0 0 
2 0 0 
2 0 0 
2 0 0 
2 0 0 
2 0 0 
2 0 0 
2 0 0 
2 0 0 
2 0 0 
2 0 0 
2 0 0 
2 0 0 
2 0 0 
2 0 0 
2 0 0 
2 0 0 
2 0 0 
2 0 0 
2 0 0 
2 0 0 
2 0 0 
2 0 0 
2 0 0 
2 0 0 
2 0 0 
2 0 0 
2 0 0 
2 0 0 
2 0 0 
2 0 0 
2 0 0 
2 0 0 
2 0 0 
2 0 0 
2 0 0 
2 0 0 
2 0 0 
2 0 0 
2 0 0 
2 0 0 
2 0 0 
2 0 0 
2 0 0 
2 0 0 
2 0 0 
2 0 0 
2 0 0 
2 0 0 
2 0 0 
2 0 0 
2 0 0 
2 0 0 
2 0 0 
2 0 0 
2 0 0 
2 0 0 
2 0 0 
2 0 0 
2 0 0 
2 0 0 
2 0 0 
2 0 0 
2 0 0 
2 0 0 
2 0 0 
2 0 0 
2 0 0 
2 0 0 
2 0 0 
2 0 0 
2 0 0 
2 0 0 
2 0 0 
2 0 0 
2 0 0 
2 0 0 
2 0 0 
2 0 0 
2 0 0 
2 0 0 
2 0 0 
2 0 0 
2 0 0 
2 0 0 
2 0 0 
2 0 0 
2 0 0 
2 0 0 
2 0 0 
2 0 0 
2 0 0 
2 0 0 
2 0 0 
2 0 0 
2 0 0 
2 0 0 
2 0 0 
2 0 0 
2 0 0 
2 0 0 
2 0 0 
2 0 0 
2 0 0 
2 0 0 
2 0 0 
2 0 0 
2 0 0 
2 0 0 
2 0 0 
2 0 0 
2 0 0 
2 0 0 
2 0 0 
2 0 0 
2 0 0 
2 0 0 
2 0 0 
2 0 0 
2 0 0 
2 0 0 
2 0 0 
2 0 0 
2 0 0 
2 0 0 
2 0 0 
2 0 0 
2 0 0 
2 0 0 
2 0 0 
2 0 0 
2 0 0 
2 0 0 
2 0 0 
2 0 0 
2 0 0 
2 0 0 
2 0 0 
2 0 0 
2 0 0 
2 0 0 
2 0 0 
2 0 0 
2 0 0 
2 0 0 
2 0 0 
2 0 0 
2 0 0 
2 0 0 
2 0 0 
2 0 0 
2 0 0 
2 0 0 
2 0 0 
2 0 0 
2 0 0 
2 0 0 
2 0 0 
2 0 0 
2 0 0 
2 0 0 
2 0 0 
2 0 0 
2 0 0 
2 0 0 
2 0 0 
2 0 0 
2 0 0 
2 0 0 
2 0 0 
2 0 0 
2 0 0 
2 0 0 
2 0 0 
2 0 0 
2 0 0 
2 0 0 
2 0 0 
2 0 0 
2 0 0 
2 0 0 
2 0 0 
2 0 0 
2 0 0 
2 0 0 
2 0 0 
2 0 0 
2 0 0 
2 0 0 
2 0 0 
2 0 0 
2 0 0 
2 0 0 
2 0 0 
2 0 0 
2 0 0 
2 0 0 
2 0 0 
2 0 0 
2 0 0 
2 0 0 
2 0 0 
2 0 0 
2 0 0 
2 0 0 
2 0 0 
2 0 0 
2 0 0 
2 0 0 
2 0 0 
2 0 0 
2 0 0 
2 0 0 
2 0 0 
2 0 0 
2 0 0 
2 0 0 
2 0 0 
2 0 0 
2 0 0 
2 0 0 
2 0 0 
2 0 0 
2 0 0 
2 0 0 
2 0 0 
2 0 0 
2 0 0 
2 0 0 
2 0 0 
2 0 0 
2 0 0 
2 0 0 
2 0 0 
2 0 0 
2 0 0 
2 0 0 
2 0 0 
2 0 0 
2 0 0 
2 0 0 
2 0 0 
2 0 0 
2 0 0 
2 0 0 
2 0 0 
2 0 0 
2 0 0 
2 0 0 
2 0 0 
2 0 0 
2 0 0 
2 0 0 
2 0 0 
2 0 0 
2 0 0 
2 0 0 
2 0 0 
2 0 0 
2 0 0 
2 0 0 
2 0 0 
2 0 0 
2 0 0 
2 0 0 
2 0 0 
2 0 0 
2 0 0 
2 0 0 
2 0 0 
2 0 0 
2 0 0 
2 0 0 
2 0 0 
2 0 0 
2 0 0 
2 0 0 
2 0 0 
2 0 0 
2 0 0 
2 0 0 
2 0 0 
2 0 0 
2 0 0 
2 0 0 
2 0 0 
2 0 0 
2 0 0 
2 0 0 
2 0 0 
2 0 0 
2 0 0 
2 0 0 
2 0 0 
2 0 0 
2 0 0 
2 0 0 
2 0 0 
2 0 0 
2 0 0 
2 0 0 
2 0 0 
2 0 0 
2 0 0 
2 0 0 
2 0 0 
2 0 0 
2 0 0 
2 0 0 
2 0 0 
2 0 0 
2 0 0 
2 0 0 
2 0 0 
2 0 0 
2 0 0 
2 0 0 
2 0 0 
2 0 0 
2 0 0 
2 0 0 
2 0 0 
2 0 0 
2 0 0 
2 0 0 
2 0 0 
2 0 0 
2 0 0 
2 0 0 
2 0 0 
2 0 0 
2 0 0 
2 0 0 
2 0 0 
2 0 0 
2 0 0 
2 0 0 
2 0 0 
2 0 0 
2 0 0 
2 0 0 
2 0 0 
2 0 0 
2 0 0 
2 0 0 
2 0 0 
2 0 0 
2 0 0 
2 0 0 
2 0 0 
2 0 0 
2 0 0 
2 0 0 
2 0 0 
2 0 0 
2 0 0 
2 0 0 
2 0 0 
2 0 0 
2 0 0 
2 0 0 
2 0 0 
2 0 0 
2 0 0 
2 0 0 
2 0 0 
2 0 0 
2 0 0 
2 0 0 
2 0 0 
2 0 0 
2 0 0 
2 0 0 
2 0 0 
2 0 0 
2 0 0 
2 0 -2.2423e-34 
2 0 0 
2 0 0 
2 0 0 
2 0 0 
2 0 0 
2 0 0 
2 0 0 
2 0 0 
2 0 0 
2 0 0 
2 0 0 
2 0 0 
2 0 0 
2 0 0 
2 0 0 
2 0 0 
2 0 0 
2 0 0 
2 0 2.2423e-34 
2 0 -3.16847e-31 
2 0 -7.31532e-51 
2 0 0 
2 0 0 
2 0 0 
2 0 0 
2 0 0 
2 0 0 
2 0 0 
2 0 0 
2 0 0 
2 0 0 
2 0 0 
2 0 0 
2 0 0 
2 0 0 
2 0 0 
2 0 0 
2 0 1.82883e-51 
2 0 3.16847e-31 
2 0 -1.0951e-27 
2 0 -4.14816e-47 
2 0 0 
2 0 0 
2 0 0 
2 0 0 
2 0 0 
2 0 0 
2 0 0 
2 0 0 
2 0 0 
2 0 0 
2 0 0 
2 0 0 
2 0 0 
2 0 0 
2 0 0 
2 0 0 
2 0 1.79839e-47 
2 0 1.0951e-27 
2 0 7.16668e-24 
2 0 -1.12687e-43 
2 0 6.94273e-49 
2 0 0 
2 0 0 
2 0 0 
2 0 0 
2 0 0 
2 0 0 
2 0 0 
2 0 0 
2 0 0 
2 0 0 
2 0 0 
2 0 0 
2 0 0 
2 0 0 
2 0 0 
2 0 4.67489e-44 
2 0 -7.16668e-24 
2 0 2.329e-21 
2 0 -1.31004e-40 
2 0 2.37586e-45 
2 0 0 
2 0 0 
2 0 0 
2 0 0 
2 0 0 
2 0 0 
2 0 0 
2 0 0 
2 0 0 
2 0 0 
2 0 0 
2 0 0 
2 0 0 
2 0 0 
2 0 0 
2 0 4.86297e-41 
2 0 -2.329e-21 
2 1.5658e-15 -2.16547e-19 
2 1.5658e-15 -8.17412e-38 
2 1.5658e-15 3.52875e-42 
2 1.5658e-15 5.8453e-45 
2 1.5658e-15 0 
2 1.5658e-15 0 
2 1.5658e-15 0 
2 1.5658e-15 0 
2 1.5658e-15 0 
2 1.5658e-15 0 
2 1.5658e-15 0 
2 1.5658e-15 0 
2 1.5658e-15 0 
2 1.5658e-15 0 
2 1.5658e-15 0 
2 1.5658e-15 0 
2 1.5658e-15 0 
2 1.5658e-15 -4.92551e-50 
2 1.5658e-15 4.25063e-38 
2 1.5658e-15 2.16547e-19 
2 2.01428e-13 -7.18343e-17 
2 2.01428e-13 -3.10337e-35 
2 2.01428e-13 3.0322e-39 
2 2.01428e-13 1.44839e-41 
2 2.01428e-13 0 
2 2.01428e-13 0 
2 2.01428e-13 0 
2 2.01428e-13 0 
2 2.01428e-13 0 
2 2.01428e-13 0 
2 2.01428e-13 0 
2 2.01428e-13 0 
2 2.01428e-13 0 
2 2.01428e-13 0 
2 2.01428e-13 0 
2 2.01428e-13 0 
2 2.01428e-13 0 
2 2.01428e-13 -2.11379e-41 
2 2.01428e-13 2.26112e-35 
2 2.01428e-13 7.18343e-17 
2 1.48603e-11 -1.88815e-16 
2 1.48603e-11 -7.72056e-33 
2 1.48603e-11 1.68384e-36 
2 1.48603e-11 1.59654e-38 
2 1.48603e-11 0 
2 1.48603e-11 0 
2 1.48603e-11 0 
2 1.48603e-11 0 
2 1.48603e-11 0 
2 1.48603e-11 0 
2 1.48603e-11 0 
2 1.48603e-11 0 
2 1.48603e-11 0 
2 1.48603e-11 0 
2 1.48603e-11 0 
2 1.48603e-11 0 
2 1.48603e-11 0 
2 1.48603e-11 -4.49027e-38 
2 1.48603e-11 1.67099e-33 
2 1.48603e-11 1.88815e-16 
2 7.7819e-10 -7.2887e-17 
2 7.7819e-10 -3.43427e-31 
2 7.7819e-10 6.36282e-34 
2 7.7819e-10 1.02918e-35 
2 7.7819e-10 0 
2 7.7819e-10 0 
2 7.7819e-10 0 
2 7.7819e-10 0 
2 7.7819e-10 0 
2 7.7819e-10 0 
2 7.7819e-10 0 
2 7.7819e-10 0 
2 7.7819e-10 0 
2 7.7819e-10 0 
2 7.7819e-10 0 
2 7.7819e-10 0 
2 7.7819e-10 -4.68164e-38 
2 7.7819e-10 -4.19077e-35 
2 7.7819e-10 -2.22869e-31 
2 7.7819e-10 7.28869e-17 
2 2.84887e-08 -3.45316e-18 
2 2.84887e-08 5.78762e-29 
2 2.84887e-08 1.67231e-31 
2 2.84887e-08 4.28695e-33 
2 2.84887e-08 0 
2 2.84887e-08 0 
2 2.84887e-08 0 
2 2.84887e-08 0 
2 2.84887e-08 0 
2 2.84887e-08 0 
2 2.84887e-08 0 
2 2.84887e-08 0 
2 2.84887e-08 0 
2 2.84887e-08 0 
2 2.84887e-08 0 
2 2.84887e-08 0 
2 2.84887e-08 -1.40679e-34 
2 2.84887e-08 -2.25589e-32 
2 2.84887e-08 -5.88074e-29 
2 2.84887e-08 3.45334e-18 
2 7.25856e-07 -4.68339e-18 
2 7.25856e-07 8.70014e-27 
2 7.25856e-07 3.09343e-29 
2 7.25856e-07 1.20206e-30 
2 7.25856e-07 0 
2 7.25856e-07 0 
2 7.25856e-07 0 
2 7.25856e-07 0 
2 7.25856e-07 0 
2 7.25856e-07 0 
2 7.25856e-07 0 
2 7.25856e-07 0 
2 7.25856e-07 0 
2 7.25856e-07 0 
2 7.25856e-07 0 
2 7.25856e-07 0 
2 7.25856e-07 -4.13354e-31 
2 7.25856e-07 -7.74777e-30 
2 7.25856e-07 -8.09907e-27 
2 7.25856e-07 4.68381e-18 
2 1.31195e-05 -3.53427e-18 
2 1.31195e-05 7.53493e-25 
2 1.31195e-05 4.21552e-27 
2 1.31195e-05 2.2938e-28 
2 1.31195e-05 2.21154e-32 
2 1.31195e-05 0 
2 1.31195e-05 0 
2 1.31195e-05 0 
2 1.31195e-05 0 
2 1.31195e-05 0 
2 1.31195e-05 0 
2 1.31195e-05 0 
2 1.31195e-05 0 
2 1.31195e-05 0 
2 1.31195e-05 0 
2 1.31195e-05 -1.35903e-31 
2 1.31195e-05 -3.89903e-28 
2 1.31195e-05 -1.91258e-27 
2 1.31195e-05 -6.95806e-25 
2 1.31195e-05 3.5326e-18 
1.99996 0.000172405 -2.3726e-18 
1.99996 0.000172405 3.97787e-23 
1.99996 0.000172405 4.93334e-25 
1.99996 0.000172405 3.05205e-26 
1.99996 0.000172405 3.08761e-29 
1.99996 0.000172405 0 
1.99996 0.000172405 0 
1.99996 0.000172405 0 
1.99996 0.000172405 0 
1.99996 0.000172405 0 
1.99996 0.000172405 0 
1.99996 0.000172405 0 
1.99996 0.000172405 0 
1.99996 0.000172405 0 
1.99996 0.000172405 0 
1.99996 0.000172405 -2.80987e-28 
1.99996 0.000172405 -1.6434e-25 
1.99996 0.000172405 -4.32099e-25 
1.99996 0.000172405 -3.59526e-23 
1.99996 0.000172405 2.37118e-18 
1.99962 0.00167946 -4.91331e-18 
1.99962 0.00167946 1.37111e-21 
1.99962 0.00167946 5.62962e-23 
1.99962 0.00167946 3.81894e-24 
1.99962 0.00167946 1.75773e-26 
1.99962 0.00167946 0 
1.99962 0.00167946 0 
1.99962 0.00167946 0 
1.99962 0.00167946 0 
1.99962 0.00167946 0 
1.99962 0.00167946 0 
1.99962 0.00167946 0 
1.99962 0.00167946 0 
1.99962 0.00167946 0 
1.99962 0.00167946 0 
1.99962 0.00167946 -2.10453e-25 
1.99962 0.00167946 -3.45722e-23 
1.99962 0.00167946 -9.61883e-23 
1.99962 0.00167946 -1.06776e-21 
1.99962 0.00167946 4.93232e-18 
1.99723 0.0122432 -2.60511e-17 
1.99723 0.0122432 4.59909e-20 
1.99723 0.0122432 4.89184e-21 
1.99723 0.0122432 9.11101e-22 
1.99723 0.0122432 5.96548e-24 
1.99723 0.0122432 4.59889e-35 
1.99723 0.0122432 0 
1.99723 0.0122432 0 
1.99723 0.0122432 0 
1.99723 0.0122432 0 
1.99723 0.0122432 0 
1.99723 0.0122432 0 
1.99723 0.0122432 0 
1.99723 0.0122432 0 
1.99723 0.0122432 0 
1.99723 0.0122432 -7.48912e-23 
1.99723 0.0122432 -3.67055e-21 
1.99723 0.0122432 -1.5126e-20 
1.99723 0.0122432 -2.52093e-20 
1.99723 0.0122432 2.56843e-17 
1.98483 0.0667415 -1.75031e-16 
1.98483 0.0667415 6.64507e-19 
1.98483 0.0667415 2.05586e-19 
1.98483 0.0667415 2.21559e-19 
1.98483 0.0667415 1.75254e-21 
1.98483 0.0667415 7.42385e-32 
1.98483 0.0667415 0 
1.98483 0.0667415 0 
1.98483 0.0667415 0 
1.98483 0.0667415 0 
1.98483 0.0667415 0 
1.98483 0.0667415 0 
1.98483 0.0667415 0 
1.98483 0.0667415 0 
1.98483 0.0667415 0 
1.98483 0.0667415 -1.31051e-20 
1.98483 0.0667415 -2.1702e-19 
1.98483 0.0667415 -1.12765e-18 
1.98483 0.0667415 -8.59679e-19 
1.98483 0.0667415 1.42812e-16 
1.9373 0.270166 1.88975e-16 
1.9373 0.270166 -1.27995e-17 
1.9373 0.270166 2.46716e-18 
1.9373 0.270166 2.31243e-17 
1.9373 0.270166 4.12465e-19 
1.9373 0.270166 5.03762e-29 
1.9373 0.270166 0 
1.9373 0.270166 0 
1.9373 0.270166 0 
1.9373 0.270166 0 
1.9373 0.270166 0 
1.9373 0.270166 0 
1.9373 0.270166 0 
1.9373 0.270166 0 
1.9373 0.270166 0 
1.9373 0.270166 -9.7393e-19 
1.9373 0.270166 -1.12237e-17 
1.9373 0.270166 -1.68419e-17 
1.9373 0.270166 -8.2158e-18 
1.9373 0.270166 -1.76286e-16 
1.80718 0.784789 -3.08978e-16 
1.80718 0.784789 -3.3742e-16 
1.80718 0.784789 5.74199e-18 
1.80718 0.784789 5.10873e-17 
1.80718 0.784789 4.50269e-17 
1.80718 0.784789 9.58625e-25 
1.80718 0.784789 0 
1.80718 0.784789 0 
1.80718 0.784789 0 
1.80718 0.784789 0 
1.80718 0.784789 0 
1.80718 0.784789 0 
1.80718 0.784789 0 
1.80718 0.784789 0 
1.80718 0.784789 0 
1.80718 0.784789 -1.34475e-17 
1.80718 0.784789 -9.13621e-17 
1.80718 0.784789 -6.9029e-17 
1.80718 0.784789 6.61178e-16 
1.80718 0.784789 -2.70181e-16 
1.66782 1.31571 2.16103e-16 
1.66782 1.31571 1.55829e-17 
1.66782 1.31571 -9.56425e-17 
1.66782 1.31571 1.03345e-16 
1.66782 1.31571 1.38163e-16 
1.66782 1.31571 8.87782e-22 
1.66782 1.31571 0 
1.66782 1.31571 0 
1.66782 1.31571 0 
1.66782 1.31571 0 
1.66782 1.31571 0 
1.66782 1.31571 0 
1.66782 1.31571 0 
1.66782 1.31571 0 
1.66782 1.31571 0 
1.66782 1.31571 -7.67489e-17 
1.66782 1.31571 -2.63834e-16 
1.66782 1.31571 5.63401e-17 
1.66782 1.31571 6.11386e-17 
1.66782 1.31571 7.39915e-16 
1.55047 1.54997 -8.67632e-16 
1.55047 1.54997 2.24471e-16 
1.55047 1.54997 3.76694e-16 
1.55047 1.54997 2.70718e-16 
1.55047 1.54997 1.43522e-16 
1.55047 1.54997 2.89994e-19 
1.55047 1.54997 0 
1.55047 1.54997 0 
1.55047 1.54997 0 
1.55047 1.54997 0 
1.55047 1.54997 0 
1.55047 1.54997 0 
1.55047 1.54997 0 
1.55047 1.54997 0 
1.55047 1.54997 -8.00719e-25 
1.55047 1.54997 -1.496e-16 
1.55047 1.54997 -3.00664e-16 
1.55047 1.54997 -2.31143e-16 
1.55047 1.54997 -3.2559e-16 
1.55047 1.54997 -7.30818e-16 
1.50426 1.82343 4.58257e-17 
1.50426 1.82343 -1.40755e-16 
1.50426 1.82343 4.57784e-16 
1.50426 1.82343 3.24633e-16 
1.50426 1.82343 1.39075e-16 
1.50426 1.82343 3.27977e-17 
1.50426 1.82343 7.83425e-25 
1.50426 1.82343 0 
1.50426 1.82343 0 
1.50426 1.82343 0 
1.50426 1.82343 0 
1.50426 1.82343 0 
1.50426 1.82343 0 
1.50426 1.82343 0 
1.50426 1.82343 -2.24747e-21 
1.50426 1.82343 -1.21775e-16 
1.50426 1.82343 -7.44113e-17 
1.50426 1.82343 -1.72217e-16 
1.50426 1.82343 -2.36346e-16 
1.50426 1.82343 -2.33383e-16 
1.47364 1.94092 -6.27668e-17 
1.47364 1.94092 -2.06797e-16 
1.47364 1.94092 1.84965e-16 
1.47364 1.94092 3.46992e-16 
1.47364 1.94092 1.79717e-16 
1.47364 1.94092 8.9365e-17 
1.47364 1.94092 7.98183e-22 
1.47364 1.94092 0 
1.47364 1.94092 0 
1.47364 1.94092 0 
1.47364 1.94092 0 
1.47364 1.94092 0 
1.47364 1.94092 0 
1.47364 1.94092 0 
1.47364 1.94092 -1.8438e-18 
1.47364 1.94092 -2.05177e-17 
1.47364 1.94092 1.7939e-16 
1.47364 1.94092 -4.53356e-18 
1.47364 1.94092 -2.07386e-16 
1.47364 1.94092 -2.15099e-16 
1.44804 1.90232 -4.60224e-16 
1.44804 1.90232 -1.3344e-17 
1.44804 1.90232 1.4351e-16 
1.44804 1.90232 4.57566e-16 
1.44804 1.90232 3.10077e-16 
1.44804 1.90232 2.13071e-16 
1.44804 1.90232 2.74693e-19 
1.44804 1.90232 0 
1.44804 1.90232 0 
1.44804 1.90232 0 
1.44804 1.90232 0 
1.44804 1.90232 0 
1.44804 1.90232 0 
1.44804 1.90232 0 
1.44804 1.90232 -2.04674e-16 
1.44804 1.90232 -1.89141e-16 
1.44804 1.90232 9.75637e-17 
1.44804 1.90232 8.32887e-17 
1.44804 1.90232 -6.59259e-17 
1.44804 1.90232 -6.67478e-17 
1.43259 1.83722 1.21582e-16 
1.43259 1.83722 2.19601e-16 
1.43259 1.83722 6.26524e-16 
1.43259 1.83722 5.06962e-16 
1.43259 1.83722 3.98785e-17 
1.43259 1.83722 -4.40428e-17 
1.43259 1.83722 3.22446e-17 
1.43259 1.83722 0 
1.43259 1.83722 0 
1.43259 1.83722 0 
1.43259 1.83722 0 
1.43259 1.83722 0 
1.43259 1.83722 0 
1.43259 1.83722 0 
1.43259 1.83722 -9.56972e-17 
1.43259 1.83722 -2.88308e-16 
1.43259 1.83722 -8.3531e-17 
1.43259 1.83722 4.22106e-18 
1.43259 1.83722 -2.08081e-16 
1.43259 1.83722 -2.1832e-16 
1.43783 1.83501 1.22343e-16 
1.43783 1.83501 8.59652e-17 
1.43783 1.83501 4.02366e-16 
1.43783 1.83501 3.52452e-16 
1.43783 1.83501 -1.18705e-17 
1.43783 1.83501 -1.12657e-17 
1.43783 1.83501 8.29733e-17 
1.43783 1.83501 0 
1.43783 1.83501 0 
1.43783 1.83501 0 
1.43783 1.83501 0 
1.43783 1.83501 0 
1.43783 1.83501 0 
1.43783 1.83501 0 
1.43783 1.83501 -2.27918e-16 
1.43783 1.83501 -1.50117e-16 
1.43783 1.83501 9.9287e-17 
1.43783 1.83501 -2.10687e-16 
1.43783 1.83501 -1.17373e-16 
1.43783 1.83501 -2.77118e-16 
1.46356 1.94523 6.32853e-17 
1.46356 1.94523 -1.01573e-18 
1.46356 1.94523 8.02909e-17 
1.46356 1.94523 4.9762e-17 
1.46356 1.94523 -1.84514e-17 
1.46356 1.94523 4.30211e-17 
1.46356 1.94523 5.60577e-17 
1.46356 1.94523 0 
1.46356 1.94523 0 
1.46356 1.94523 0 
1.46356 1.94523 0 
1.46356 1.94523 0 
1.46356 1.94523 0 
1.46356 1.94523 0 
1.46356 1.94523 -8.76538e-18 
1.46356 1.94523 -5.58577e-17 
1.46356 1.94523 -4.3563e-17 
1.46356 1.94523 -1.44099e-16 
1.46356 1.94523 -1.03693e-16 
1.46356 1.94523 4.38328e-16 
1.4727 1.98706 -2.23198e-16 
1.4727 1.98706 5.76143e-17 
1.4727 1.98706 1.96471e-16 
1.4727 1.98706 -2.07243e-16 
1.4727 1.98706 -1.13543e-16 
1.4727 1.98706 -8.06999e-19 
1.4727 1.98706 9.33129e-19 
1.4727 1.98706 0 
1.4727 1.98706 0 
1.4727 1.98706 0 
1.4727 1.98706 0 
1.4727 1.98706 0 
1.4727 1.98706 0 
1.4727 1.98706 0 
1.4727 1.98706 -8.15935e-21 
1.4727 1.98706 7.01502e-17 
1.4727 1.98706 1.65853e-17 
1.4727 1.98706 1.43473e-17 
1.4727 1.98706 -2.11446e-16 
1.4727 1.98706 -8.10048e-17 
1.45787 1.91751 2.03058e-16 
1.45787 1.91751 1.67645e-16 
1.45787 1.91751 -6.53981e-17 
1.45787 1.91751 -3.15266e-16 
1.45787 1.91751 -1.85455e-16 
1.45787 1.91751 -8.64241e-17 
1.45787 1.91751 4.09913e-21 
1.45787 1.91751 0 
1.45787 1.91751 0 
1.45787 1.91751 0 
1.45787 1.91751 0 
1.45787 1.91751 0 
1.45787 1.91751 0 
1.45787 1.91751 0 
1.45787 1.91751 -6.66555e-24 
1.45787 1.91751 1.7049e-16 
1.45787 1.91751 1.12749e-16 
1.45787 1.91751 1.05863e-17 
1.45787 1.91751 -1.76467e-16 
1.45787 1.91751 -2.25626e-16 
1.30615 1.21401 6.153e-16 
1.30615 1.21401 1.80033e-16 
1.30615 1.21401 -1.71181e-16 
1.30615 1.21401 -1.92265e-16 
1.30615 1.21401 -2.48702e-17 
1.30615 1.21401 -5.23074e-17 
1.30615 1.21401 6.66496e-24 
1.30615 1.21401 0 
1.30615 1.21401 0 
1.30615 1.21401 0 
1.30615 1.21401 0 
1.30615 1.21401 0 
1.30615 1.21401 0 
1.30615 1.21401 0 
1.30615 1.21401 0 
1.30615 1.21401 1.08761e-16 
1.30615 1.21401 8.86453e-17 
1.30615 1.21401 -4.16495e-17 
1.30615 1.21401 -1.13142e-16 
1.30615 1.21401 -2.7843e-16 
1.05312 0.178396 3.94812e-16 
1.05312 0.178396 -6.37579e-17 
1.05312 0.178396 -1.31893e-17 
1.05312 0.178396 -2.09441e-17 
1.05312 0.178396 -9.79678e-18 
1.05312 0.178396 -5.34433e-19 
1.05312 0.178396 0 
1.05312 0.178396 0 
1.05312 0.178396 0 
1.05312 0.178396 0 
1.05312 0.178396 0 
1.05312 0.178396 0 
1.05312 0.178396 0 
1.05312 0.178396 0 
1.05312 0.178396 0 
1.05312 0.178396 5.39848e-18 
1.05312 0.178396 1.25692e-17 
1.05312 0.178396 2.7124e-17 
1.05312 0.178396 -1.55578e-17 
1.05312 0.178396 -2.13581e-16 
1.00531 0.0167697 -1.97586e-17 
1.00531 0.0167697 -8.47972e-18 
1.00531 0.0167697 -7.12447e-19 
1.00531 0.0167697 -7.85872e-19 
1.00531 0.0167697 -2.33782e-19 
1.00531 0.0167697 -1.03173e-21 
1.00531 0.0167697 0 
1.00531 0.0167697 0 
1.00531 0.0167697 0 
1.00531 0.0167697 0 
1.00531 0.0167697 0 
1.00531 0.0167697 0 
1.00531 0.0167697 0 
1.00531 0.0167697 0 
1.00531 0.0167697 0 
1.00531 0.0167697 3.70551e-20 
1.00531 0.0167697 5.22434e-19 
1.00531 0.0167697 1.74584e-18 
1.00531 0.0167697 -5.87954e-19 
1.00531 0.0167697 9.54749e-18 
1.00048 0.00149987 -7.9305e-19 
1.00048 0.00149987 -5.76029e-19 
1.00048 0.00149987 -2.2973e-20 
1.00048 0.00149987 -1.28847e-20 
1.00048 0.00149987 -1.90934e-21 
1.00048 0.00149987 -5.52347e-25 
1.00048 0.00149987 0 
1.00048 0.00149987 0 
1.00048 0.00149987 0 
1.00048 0.00149987 0 
1.00048 0.00149987 0 
1.00048 0.00149987 0 
1.00048 0.00149987 0 
1.00048 0.00149987 0 
1.00048 0.00149987 0 
1.00048 0.00149987 1.01242e-22 
1.00048 0.00149987 1.28473e-20 
1.00048 0.00149987 3.23197e-20 
1.00048 0.00149987 1.15304e-20 
1.00048 0.00149987 -2.9233e-20 
1.00004 0.000116247 4.47931e-21 
1.00004 0.000116247 -2.44197e-20 
1.00004 0.000116247 -2.25656e-22 
1.00004 0.000116247 -1.15216e-22 
1.00004 0.000116247 -7.63968e-24 
1.00004 0.000116247 8.61404e-28 
1.00004 0.000116247 0 
1.00004 0.000116247 0 
1.00004 0.000116247 0 
1.00004 0.000116247 0 
1.00004 0.000116247 0 
1.00004 0.000116247 0 
1.00004 0.000116247 0 
1.00004 0.000116247 0 
1.00004 0.000116247 0 
1.00004 0.000116247 1.23467e-25 
1.00004 0.000116247 1.36987e-22 
1.00004 0.000116247 2.65461e-22 
1.00004 0.000116247 3.82603e-21 
1.00004 0.000116247 -5.25653e-21 
1 7.37156e-06 4.64219e-21 
1 7.37156e-06 -5.65904e-22 
1 7.37156e-06 -1.30652e-25 
1 7.37156e-06 -6.09212e-25 
1 7.37156e-06 -1.6576e-26 
1 7.37156e-06 9.40931e-32 
1 7.37156e-06 0 
1 7.37156e-06 0 
1 7.37156e-06 0 
1 7.37156e-06 0 
1 7.37156e-06 0 
1 7.37156e-06 0 
1 7.37156e-06 0 
1 7.37156e-06 0 
1 7.37156e-06 0 
1 7.37156e-06 5.51004e-29 
1 7.37156e-06 7.62306e-25 
1 7.37156e-06 -2.57466e-25 
1 7.37156e-06 6.89217e-23 
1 7.37156e-06 -7.34423e-23 
1 3.66209e-07 1.23001e-22 
1 3.66209e-07 -6.40441e-24 
1 3.66209e-07 1.01198e-26 
1 3.66209e-07 -1.96783e-27 
1 3.66209e-07 -1.96099e-29 
1 3.66209e-07 3.78433e-35 
1 3.66209e-07 0 
1 3.66209e-07 0 
1 3.66209e-07 0 
1 3.66209e-07 0 
1 3.66209e-07 0 
1 3.66209e-07 0 
1 3.66209e-07 0 
1 3.66209e-07 0 
1 3.66209e-07 0 
1 3.66209e-07 0 
1 3.66209e-07 2.42713e-27 
1 3.66209e-07 -1.47161e-26 
1 3.66209e-07 1.23238e-24 
1 3.66209e-07 2.57746e-23 
1 1.36755e-08 1.33431e-24 
1 1.36755e-08 -4.36856e-26 
1 1.36755e-08 6.09701e-29 
1 1.36755e-08 -3.87254e-30 
1 1.36755e-08 -1.17627e-32 
1 1.36755e-08 0 
1 1.36755e-08 0 
1 1.36755e-08 0 
1 1.36755e-08 0 
1 1.36755e-08 0 
1 1.36755e-08 0 
1 1.36755e-08 0 
1 1.36755e-08 0 
1 1.36755e-08 0 
1 1.36755e-08 0 
1 1.36755e-08 0 
1 1.36755e-08 4.48191e-30 
1 1.36755e-08 -7.24672e-29 
1 1.36755e-08 1.54504e-26 
1 1.36755e-08 1.70724e-24 
1 3.69473e-10 8.19654e-27 
1 3.69473e-10 -2.11663e-28 
1 3.69473e-10 2.24052e-31 
1 3.69473e-10 -4.42544e-33 
1 3.69473e-10 -2.87285e-36 
1 3.69473e-10 0 
1 3.69473e-10 0 
1 3.69473e-10 0 
1 3.69473e-10 0 
1 3.69473e-10 0 
1 3.69473e-10 0 
1 3.69473e-10 0 
1 3.69473e-10 0 
1 3.69473e-10 0 
1 3.69473e-10 0 
1 3.69473e-10 0 
1 3.69473e-10 4.48449e-33 
1 3.69473e-10 -2.44759e-31 
1 3.69473e-10 1.22937e-28 
1 3.69473e-10 1.60058e-26 
1 7.02746e-12 -8.27386e-29 
1 7.02746e-12 -8.05943e-31 
1 7.02746e-12 6.48864e-34 
1 7.02746e-12 -2.54844e-36 
1 7.02746e-12 0 
1 7.02746e-12 0 
1 7.02746e-12 0 
1 7.02746e-12 0 
1 7.02746e-12 0 
1 7.02746e-12 0 
1 7.02746e-12 0 
1 7.02746e-12 0 
1 7.02746e-12 0 
1 7.02746e-12 0 
1 7.02746e-12 0 
1 7.02746e-12 0 
1 7.02746e-12 1.88675e-36 
1 7.02746e-12 -6.73482e-34 
1 7.02746e-12 6.43471e-31 
1 7.02746e-12 8.1597e-29 
1 9.39323e-14 -1.20281e-30 
1 9.39323e-14 -2.45246e-33 
1 9.39323e-14 1.5215e-36 
1 9.39323e-14 -2.66492e-40 
1 9.39323e-14 0 
1 9.39323e-14 0 
1 9.39323e-14 0 
1 9.39323e-14 0 
1 9.39323e-14 0 
1 9.39323e-14 0 
1 9.39323e-14 0 
1 9.39323e-14 0 
1 9.39323e-14 0 
1 9.39323e-14 0 
1 9.39323e-14 0 
1 9.39323e-14 0 
1 9.39323e-14 0 
1 9.39323e-14 -1.54042e-36 
1 9.39323e-14 2.29039e-33 
1 9.39323e-14 3.21996e-31 
1 8.51395e-16 -4.6143e-33 
1 8.51395e-16 -5.70309e-36 
1 8.51395e-16 2.69187e-39 
1 8.51395e-16 9.07059e-43 
1 8.51395e-16 0 
1 8.51395e-16 0 
1 8.51395e-16 0 
1 8.51395e-16 0 
1 8.51395e-16 0 
1 8.51395e-16 0 
1 8.51395e-16 0 
1 8.51395e-16 0 
1 8.51395e-16 0 
1 8.51395e-16 0 
1 8.51395e-16 0 
1 8.51395e-16 0 
1 8.51395e-16 0 
1 8.51395e-16 -2.70246e-39 
1 8.51395e-16 5.63366e-36 
1 8.51395e-16 1.12892e-33 
1 0 -1.46212e-35 
1 0 -9.57155e-39 
1 0 3.31593e-42 
1 0 0 
1 0 0 
1 0 0 
1 0 0 
1 0 0 
1 0 0 
1 0 0 
1 0 0 
1 0 0 
1 0 0 
1 0 0 
1 0 0 
1 0 0 
1 0 0 
1 0 -3.32068e-42 
1 0 9.56893e-39 
1 0 3.30987e-36 
1 0 -3.38491e-38 
1 0 -1.10153e-41 
1 0 2.63693e-45 
1 0 0 
1 0 0 
1 0 0 
1 0 0 
1 0 0 
1 0 0 
1 0 0 
1 0 0 
1 0 0 
1 0 0 
1 0 0 
1 0 0 
1 0 0 
1 0 0 
1 0 -2.63769e-45 
1 0 1.10134e-41 
1 0 7.51936e-39 
1 0 -5.39108e-41 
1 0 -8.22062e-45 
1 0 1.20821e-48 
1 0 0 
1 0 0 
1 0 0 
1 0 0 
1 0 0 
1 0 0 
1 0 0 
1 0 0 
1 0 0 
1 0 0 
1 0 0 
1 0 0 
1 0 0 
1 0 0 
1 0 -1.20821e-48 
1 0 8.21988e-45 
1 0 1.26452e-41 
1 0 -5.58685e-44 
1 0 -3.62714e-48 
1 0 2.38056e-52 
1 0 0 
1 0 0 
1 0 0 
1 0 0 
1 0 0 
1 0 0 
1 0 0 
1 0 0 
1 0 0 
1 0 0 
1 0 0 
1 0 0 
1 0 0 
1 0 0 
1 0 -2.38056e-52 
1 0 3.62707e-48 
1 0 1.50405e-44 
1 0 -3.44893e-47 
1 0 -7.3842e-52 
1 0 0 
1 0 0 
1 0 0 
1 0 0 
1 0 0 
1 0 0 
1 0 0 
1 0 0 
1 0 0 
1 0 0 
1 0 0 
1 0 0 
1 0 0 
1 0 0 
1 0 0 
1 0 0 
1 0 7.3842e-52 
1 0 1.18446e-47 
1 0 -1.06868e-50 
1 0 0 
1 0 0 
1 0 0 
1 0 0 
1 0 0 
1 0 0 
1 0 0 
1 0 0 
1 0 0 
1 0 0 
1 0 0 
1 0 0 
1 0 0 
1 0 0 
1 0 0 
1 0 0 
1 0 0 
1 0 0 
1 0 5.47636e-51 
1 0 -1.10684e-54 
1 0 0 
1 0 0 
1 0 0 
1 0 0 
1 0 0 
1 0 0 
1 0 0 
1 0 0 
1 0 0 
1 0 0 
1 0 0 
1 0 0 
1 0 0 
1 0 0 
1 0 0 
1 0 0 
1 0 0 
1 0 0 
1 0 1.10684e-54 
1 0 0 
1 0 0 
1 0 0 
1 0 0 
1 0 0 
1 0 0 
1 0 0 
1 0 0 
1 0 0 
1 0 0 
1 0 0 
1 0 0 
1 0 0 
1 0 0 
1 0 0 
1 0 0 
1 0 0 
1 0 0 
1 0 0 
1 0 0 
1 0 0 
1 0 0 
1 0 0 
1 0 0 
1 0 0 
1 0 0 
1 0 0 
1 0 0 
1 0 0 
1 0 0 
1 0 0 
1 0 0 
1 0 0 
1 0 0 
1 0 0 
1 0 0 
1 0 0 
1 0 0 
1 0 0 
1 0 0 
1 0 0 
1 0 0 
1 0 0 
1 0 0 
1 0 0 
1 0 0 
1 0 0 
1 0 0 
1 0 0 
1 0 0 
1 0 0 
1 0 0 
1 0 0 
1 0 0 
1 0 0 
1 0 0 
1 0 0 
1 0 0 
1 0 0 
1 0 0 
1 0 0 
1 0 0 
1 0 0 
1 0 0 
1 0 0 
1 0 0 
1 0 0 
1 0 0 
1 0 0 
1 0 0 
1 0 0 
1 0 0 
1 0 0 
1 0 0 
1 0 0 
1 0 0 
1 0 0 
1 0 0 
1 0 0 
1 0 0 
1 0 0 
1 0 0 
1 0 0 
1 0 0 
1 0 0 
1 0 0 
1 0 0 
1 0 0 
1 0 0 
1 0 0 
1 0 0 
1 0 0 
1 0 0 
1 0 0 
1 0 0 
1 0 0 
1 0 0 
1 0 0 
1 0 0 
1 0 0 
1 0 0 
1 0 0 
1 0 0 
1 0 0 
1 0 0 
1 0 0 
1 0 0 
1 0 0 
1 0 0 
1 0 0 
1 0 0 
1 0 0 
1 0 0 
1 0 0 
1 0 0 
1 0 0 
1 0 0 
1 0 0 
1 0 0 
1 0 0 
1 0 0 
1 0 0 
1 0 0 
1 0 0 
1 0 0 
1 0 0 
1 0 0 
1 0 0 
1 0 0 
1 0 0 
1 0 0 
1 0 0 
1 0 0 
1 0 0 
1 0 0 
1 0 0 
1 0 0 
1 0 0 
1 0 0 
1 0 0 
1 0 0 
1 0 0 
1 0 0 
1 0 0 
1 0 0 
1 0 0 
1 0 0 
1 0 0 
1 0 0 
1 0 0 
1 0 0 
1 0 0 
1 0 0 
1 0 0 
1 0 0 
1 0 0 
1 0 0 
1 0 0 
1 0 0 
1 0 0 
1 0 0 
1 0 0 
1 0 0 
1 0 0 
1 0 0 
1 0 0 
1 0 0 
1 0 0 
1 0 0 
1 0 0 
1 0 0 
1 0 0 
1 0 0 
1 0 0 
1 0 0 
1 0 0 
1 0 0 
1 0 0 
1 0 0 
1 0 0 
1 0 0 
1 0 0 
1 0 0 
1 0 0 
1 0 0 
1 0 0 
1 0 0 
1 0 0 
1 0 0 
1 0 0 
1 0 0 
1 0 0 
1 0 0 
1 0 0 
1 0 0 
1 0 0 
1 0 0 
1 0 0 
1 0 0 
1 0 0 
1 0 0 
1 0 0 
1 0 0 
1 0 0 
1 0 0 
1 0 0 
1 0 0 
1 0 0 
1 0 0 
1 0 0 
1 0 0 
1 0 0 
1 0 0 
1 0 0 
1 0 0 
1 0 0 
1 0 0 
1 0 0 
1 0 0 
1 0 0 
1 0 0 
1 0 0 
1 0 0 
1 0 0 
1 0 0 
1 0 0 
1 0 0 
1 0 0 
1 0 0 
1 0 0 
1 0 0 
1 0 0 
1 0 0 
1 0 0 
1 0 0 
1 0 0 
1 0 0 
1 0 0 
1 0 0 
1 0 0 
1 0 0 
1 0 0 
1 0 0 
1 0 0 
1 0 0 
1 0 0 
1 0 0 
1 0 0 
1 0 0 
1 0 0 
1 0 0 
1 0 0 
1 0 0 
1 0 0 
1 0 0 
1 0 0 
1 0 0 
1 0 0 
1 0 0 
1 0 0 
1 0 0 
1 0 0 
1 0 0 
1 0 0 
1 0 0 
1 0 0 
1 0 0 
1 0 0 
1 0 0 
1 0 0 
1 0 0 
1 0 0 
1 0 0 
1 0 0 
1 0 0 
1 0 0 
1 0 0 
1 0 0 
1 0 0 
1 0 0 
1 0 0 
1 0 0 
1 0 0 
1 0 0 
1 0 0 
1 0 0 
1 0 0 
1 0 0 
1 0 0 
1 0 0 
1 0 0 
1 0 0 
1 0 0 
1 0 0 
1 0 0 
1 0 0 
1 0 0 
1 0 0 
1 0 0 
1 0 0 
1 0 0 
1 0 0 
1 0 0 
1 0 0 
1 0 0 
1 0 0 
1 0 0 
1 0 0 
1 0 0 
1 0 0 
1 0 0 
1 0 0 
1 0 0 
1 0 0 
1 0 0 
1 0 0 
1 0 0 
1 0 0 
1 0 0 
1 0 0 
1 0 0 
1 0 0 
1 0 0 
1 0 0 
1 0 0 
1 0 0 
1 0 0 
1 0 0 
1 0 0 
1 0 0 
1 0 0 
1 0 0 
1 0 0 
1 0 0 
1 0 0 
1 0 0 
1 0 0 
1 0 0 
1 0 0 
1 0 0 
1 0 0 
1 0 0 
1 0 0 
1 0 0 
1 0 0 
1 0 0 
1 0 0 
1 0 0 
1 0 0 
1 0 0 
1 0 0 
1 0 0 
1 0 0 
1 0 0 
1 0 0 
1 0 0 
1 0 0 
1 0 0 
1 0 0 
1 0 0 
1 0 0 
1 0 0 
1 0 0 
1 0 0 
1 0 0 
1 0 0 
1 0 0 
1 0 0 
1 0 0 
1 0 0 
1 0 0 
1 0 0 
1 0 0 
1 0 0 
1 0 0 
1 0 0 
1 0 0 
1 0 0 
1 0 0 
1 0 0 
1 0 0 
1 0 0 
1 0 0 
1 0 0 
1 0 0 
1 0 0 
1 0 0 
1 0 0 
1 0 0 
1 0 0 
1 0 0 
1 0 0 
1 0 0 
1 0 0 
1 0 0 
1 0 0 
1 0 0 
1 0 0 
1 0 0 
1 0 0 
1 0 0 
1 0 0 
1 0 0 
1 0 0 
1 0 0 
1 0 0 
1 0 0 
1 0 0 
1 0 0 
1 0 0 
1 0 0 
1 0 0 
1 0 0 
1 0 0 
1 0 0 
1 0 0 
1 0 0 
1 0 0 
1 0 0 
1 0 0 
1 0 0 
1 0 0 
1 0 0 
1 0 0 
1 0 0 
1 0 0 
1 0 0 
1 0 0 
1 0 0 
1 0 0 
1 0 0 
1 0 0 
1 0 0 
1 0 0 
1 0 0 
1 0 0 
1 0 0 
1 0 0 
1 0 0 
1 0 0 
1 0 0 
1 0 0 
1 0 0 
1 0 0 
1 0 0 
1 0 0 
1 0 0 
1 0 0 
1 0 0 
1 0 0 
1 0 0 
1 0 0 
1 0 0 
1 0 0 
1 0 0 
1 0 0 
1 0 0 
1 0 0 
1 0 0 
1 0 0 
1 0 0 
1 0 0 
1 0 0 
1 0 0 
1 0 0 
1 0 0 
1 0 0 
1 0 0 
1 0 0 
1 0 0 
1 0 0 
1 0 0 
1 0 0 
1 0 0 
1 0 0 
1 0 0 
1 0 0 
1 0 0 
1 0 0 
1 0 0 
1 0 0 
1 0 0 
1 0 0 
1 0 0 
1 0 0 
1 0 0 
1 0 0 
1 0 0 
1 0 0 
1 0 0 
1 0 0 
1 0 0 
1 0 0 
1 0 0 
1 0 0 
1 0 0 
1 0 0 
1 0 0 
1 0 0 
1 0 0 
1 0 0 
1 0 0 
1 0 0 
1 0 0 
1 0 0 
1 0 0 
1 0 0 
1 0 0 
1 0 0 
1 0 0 
1 0 0 
1 0 0 
1 0 0 
1 0 0 
1 0 0 
1 0 0 
1 0 0 
1 0 0 
1 0 0 
1 0 0 
1 0 0 
1 0 0 
1 0 0 
1 0 0 
1 0 0 
1 0 0 
1 0 0 
1 0 0 
1 0 0 
1 0 0 
1 0 0 
1 0 0 
1 0 0 
1 0 0 
1 0 0 
1 0 0 
1 0 0 
1 0 0 
1 0 0 
1 0 0 
1 0 0 
1 0 0 
1 0 0 
1 0 0 
1 0 0 
1 0 0 
1 0 0 
1 0 0 
1 0 0 
1 0 0 
1 0 0 
1 0 0 
1 0 0 
1 0 0 
1 0 0 
1 0 0 
1 0 0 
1 0 0 
1 0 0 
1 0 0 
1 0 0 
1 0 0 
1 0 0 
1 0 0 
1 0 0 
1 0 0 
1 0 0 
1 0 0 
1 0 0 
1 0 0 
1 0 0 
1 0 0 
1 0 0 
1 0 0 
1 0 0 
1 0 0 
1 0 0 
1 0 0 
1 0 0 
1 0 0 
1 0 0 
1 0 0 
1 0 0 
1 0 0 
1 0 0 
1 0 0 
1 0 0 
1 0 0 
1 0 0 
1 0 0 
1 0 0 
1 0 0 
1 0 0 
1 0 0 
1 0 0 
1 0 0 
1 0 0 
1 0 0 
1 0 0 
1 0 0 
1 0 0 
1 0 0 
1 0 0 
1 0 0 
1 0 0 
1 0 0 
1 0 0 
1 0 0 
1 0 0 
1 0 0 
1 0 0 
1 0 0 
1 0 0 
1 0 0 
1 0 0 
1 0 0 
1 0 0 
1 0 0 
1 0 0 
1 0 0 
1 0 0 
1 0 0 
1 0 0 
1 0 0 
1 0 0 
1 0 0 
1 0 0 
1 0 0 
1 0 0 
1 0 0 
1 0 0 
1 0 0 
1 0 0 
1 0 0 
1 0 0 
1 0 0 
1 0 0 
1 0 0 
1 0 0 
1 0 0 
1 0 0 
1 0 0 
1 0 0 
1 0 0 
1 0 0 
1 0 0 
1 0 0 
1 0 0 
1 0 0 
1 0 0 
1 0 0 
1 0 0 
1 0 0 
1 0 0 
1 0 0 
1 0 0 
1 0 0 
1 0 0 
1 0 0 
1 0 0 
1 0 0 
1 0 0 
1 0 0 
1 0 0 
1 0 0 
1 0 0 
1 0 0 
1 0 0 
1 0 0 
1 0 0 
1 0 0 
1 0 0 
1 0 0 
1 0 0 
1 0 0 
1 0 0 
1 0 0 
1 0 0 
1 0 0 
1 0 0 
1 1.27536e-74 0 
1 2.81168e-77 0 
1 9.84931e-75 0 
1 8.08183e-72 0 
1 4.59089e-69 0 
1 1.85156e-66 0 
1 5.34513e-64 0 
1 1.09845e-61 0 
1 1.57837e-59 0 
1 1.54008e-57 0 
1 9.86871e-56 0 
1 4.10965e-54 0 
1 1.17368e-52 0 
1 2.45806e-51 0 
1 3.85193e-50 0 
1 4.13959e-49 0 
1 2.55788e-48 0 
1 4.16922e-48 0 
1 -1.11327e-47 0 
1 -4.11798e-47 0 
1 6.42513e-61 0 
1 3.73134e-58 0 
1 2.08881e-55 0 
1 8.25755e-53 0 
1 2.32595e-50 0 
1 4.65094e-48 0 
1 6.51956e-46 0 
1 6.3178e-44 0 
1 4.24093e-42 0 
1 2.03835e-40 0 
1 7.0878e-39 0 
1 1.81484e-37 0 
1 3.47732e-36 0 
1 5.00815e-35 0 
1 5.05808e-34 0 
1 2.88878e-33 0 
1 3.26949e-33 0 
1 -3.72116e-32 0 
1 -3.4747e-31 0 
1 -8.08512e-31 0 
1 -2.34786e-50 2.82012e-50 
1 -2.93683e-47 0 
1 -2.3922e-44 0 
1 -1.33982e-41 0 
1 -5.29599e-39 0 
1 -1.48954e-36 0 
1 -2.96535e-34 0 
1 -4.11265e-32 0 
1 -3.89204e-30 0 
1 -2.4926e-28 0 
1 -1.11611e-26 0 
1 -3.63428e-25 0 
1 -8.88739e-24 0 
1 -1.66968e-22 0 
1 -2.4444e-21 0 
1 -2.80863e-20 0 
1 -2.53963e-19 0 
1 -1.80323e-18 0 
1 -1.00509e-17 0 
1 -4.27791e-17 0 
1 -1.34973e-16 0 
1 -2.0443e-16 -6.5078e-17 
1 -4.00956e-58 3.81869e-54 
1 0 1.31161e-53 
1 -9.97352e-59 0 
1 -4.92173e-55 0 
1 -1.05848e-51 0 
1 -1.32428e-48 0 
1 -1.07882e-45 0 
1 -6.04321e-43 0 
1 -2.38923e-40 0 
1 -6.72182e-38 0 
1 -1.33874e-35 0 
1 -1.85787e-33 0 
1 -1.75997e-31 0 
1 -1.12891e-29 0 
1 -5.06606e-28 0 
1 -1.65448e-26 0 
1 -4.06163e-25 0 
1 -7.66949e-24 0 
1 -1.13035e-22 0 
1 -1.31035e-21 0 
1 -1.19764e-20 0 
1 -8.61436e-20 0 
1 -4.85973e-19 -1.7567e-17 
1 -2.13617e-18 -1.99108e-17 
1 0 0 
1 0 1.66345e-58 
1 0 7.73854e-58 
1 0 2.65837e-57 
1 0 0 
1 0 0 
1 0 0 
1 1.26753e-59 0 
1 6.25145e-56 0 
1 1.34346e-52 0 
1 1.67926e-49 0 
1 1.36636e-46 0 
1 7.64185e-44 0 
1 3.01489e-41 0 
1 8.45725e-39 0 
1 1.67726e-36 0 
1 2.31287e-34 0 
1 2.16925e-32 0 
1 1.37011e-30 0 
1 6.01759e-29 0 
1 1.91012e-27 0 
1 4.51868e-26 0 
1 8.12742e-25 0 
1 1.12227e-23 0 
1 1.19008e-22 -3.68111e-18 
1 9.64994e-22 -5.72721e-18 
1 7.16044e-21 -1.50398e-18 
1 2.31529e-20 -1.11986e-19 
1 0 0 
1 0 0 
1 0 0 
1 0 0 
1 0 0 
1 0 0 
1 0 0 
1 0 0 
1 -2.11695e-58 0 
1 -1.04508e-54 0 
1 -2.24868e-51 0 
1 -2.81516e-48 0 
1 -2.29522e-45 0 
1 -1.28706e-42 0 
1 -5.09563e-40 0 
1 -1.43635e-37 0 
1 -2.86849e-35 0 
1 -3.99688e-33 0 
1 -3.80936e-31 0 
1 -2.46537e-29 0 
1 -1.11909e-27 0 
1 -3.70473e-26 0 
1 -9.23731e-25 0 
1 -1.7751e-23 0 
1 -2.66858e-22 0 
1 -3.16675e-21 -6.00857e-19 
1 -2.97975e-20 -1.30766e-18 
1 -2.23057e-19 -3.29418e-19 
1 -1.3223e-18 -1.79055e-20 
1 -6.24936e-18 -1.38293e-18 
1 0 0 
1 0 0 
1 0 0 
1 0 0 
1 0 0 
1 0 0 
1 0 0 
1 0 0 
1 0 0 
1 0 0 
1 -2.21229e-57 0 
1 -1.09166e-53 0 
1 -2.34757e-50 0 
1 -2.93683e-47 0 
1 -2.3922e-44 0 
1 -1.33982e-41 0 
1 -5.29599e-39 0 
1 -1.48954e-36 0 
1 -2.96535e-34 0 
1 -4.11265e-32 0 
1 -3.89204e-30 0 
1 -2.4926e-28 0 
1 -1.11611e-26 0 
1 -3.63429e-25 0 
1 -8.88739e-24 0 
1 -1.66968e-22 0 
1 -2.44476e-21 0 
1 -2.81292e-20 -7.71957e-20 
1 -2.55249e-19 -2.32196e-19 
1 -1.83206e-18 -5.66358e-20 
1 -1.03395e-17 -2.30026e-21 
1 -4.64464e-17 -2.32581e-19 
1 -1.38667e-16 -2.55222e-17 
1 -2.62491e-16 -7.00437e-17 
1 0 0 
1 0 0 
1 0 0 
1 0 0 
1 0 0 
1 0 0 
1 0 0 
1 0 0 
1 0 0 
1 0 0 
1 0 0 
1 0 0 
1 0 0 
1 0 0 
1 -9.97352e-59 0 
1 -4.92173e-55 0 
1 -1.05848e-51 0 
1 -1.32428e-48 0 
1 -1.07882e-45 0 
1 -6.04321e-43 0 
1 -2.38923e-40 0 
1 -6.72182e-38 0 
1 -1.33874e-35 0 
1 -1.85787e-33 0 
1 -1.75997e-31 0 
1 -1.12891e-29 0 
1 -5.06607e-28 0 
1 -1.65449e-26 0 
1 -4.06168e-25 -7.8529e-21 
1 -7.66991e-24 -3.23026e-20 
1 -1.13076e-22 -7.68158e-21 
1 -1.31322e-21 -2.36736e-22 
1 -1.2068e-20 -3.10026e-20 
1 -8.78132e-20 -5.98122e-18 
1 -5.03493e-19 -1.87132e-17 
1 -2.26101e-18 -2.05919e-17 
1 0 0 
1 0 0 
1 0 0 
1 0 0 
1 0 0 
1 0 0 
1 0 0 
1 0 0 
1 0 0 
1 0 0 
1 0 0 
1 0 0 
1 0 0 
1 0 0 
1 0 0 
1 0 0 
1 0 0 
1 0 0 
1 0 0 
1 0 0 
1 -5.0868e-60 0 
1 -2.5119e-56 0 
1 -5.40677e-53 0 
1 -6.7719e-50 0 
1 -5.52439e-47 0 
1 -3.10018e-44 0 
1 -1.22862e-41 0 
1 -3.46796e-39 0 
1 -6.93915e-37 0 
1 -9.69637e-35 0 
1 -9.28107e-33 -6.33937e-22 
1 -6.04436e-31 -3.53447e-21 
1 -2.766e-29 -8.2382e-22 
1 -9.24851e-28 -1.94618e-23 
1 -2.33418e-26 -3.28953e-21 
1 -4.55319e-25 -1.08138e-18 
1 -6.97471e-24 -3.82822e-18 
1 -8.47687e-23 -6.0611e-18 
1 -8.22438e-22 -1.58613e-18 
1 -6.38735e-21 -8.92039e-20 
1 0 0 
1 0 0 
1 0 0 
1 0 0 
1 0 0 
1 0 0 
1 0 0 
1 0 0 
1 0 0 
1 0 0 
1 0 0 
1 0 0 
1 0 0 
1 0 0 
1 0 0 
1 0 0 
1 0 0 
1 0 0 
1 0 0 
1 0 0 
1 0 0 
1 0 0 
1 0 0 
1 -6.68424e-61 0 
1 -3.30114e-57 0 
1 -7.10673e-54 0 
1 -8.90292e-51 0 
1 -7.26475e-48 0 
1 -4.07824e-45 0 
1 -1.61698e-42 0 
1 -4.56705e-40 0 
1 -9.14664e-38 -4.05034e-23 
1 -1.27983e-35 -3.04821e-22 
1 -1.22755e-33 -6.99169e-23 
1 -8.01944e-32 -1.27065e-24 
1 -3.68523e-30 -2.76869e-22 
1 -1.23874e-28 -1.52498e-19 
1 -3.1468e-27 -6.13985e-19 
1 -6.18748e-26 -1.35467e-18 
1 -9.57181e-25 -3.40526e-19 
1 -1.17764e-23 -1.49564e-20 
1 -1.16023e-22 -1.83129e-21 
1 0 0 
1 0 0 
1 0 0 
1 0 0 
1 0 0 
1 0 0 
1 0 0 
1 0 0 
1 0 0 
1 0 0 
1 0 0 
1 0 0 
1 0 0 
1 0 0 
1 0 0 
1 0 0 
1 0 0 
1 0 0 
1 0 0 
1 0 0 
1 0 0 
1 0 0 
1 0 0 
1 0 0 
1 0 0 
1 0 0 
1 0 0 
1 0 0 
1 0 0 
1 -2.4482e-62 0 
1 -1.20992e-58 0 
1 -2.60703e-55 0 
1 -3.26963e-52 0 
1 -2.67185e-49 -2.03145e-24 
1 -1.50272e-46 -2.06742e-23 
1 -5.97299e-44 -4.68048e-24 
1 -1.69281e-41 -6.52227e-26 
1 -3.40677e-39 -1.83999e-23 
1 -4.80113e-37 -1.69155e-20 
1 -4.65516e-35 -7.80028e-20 
1 -3.09003e-33 -2.36674e-19 
1 -1.44979e-31 -5.76562e-20 
1 -4.99797e-30 -1.99185e-21 
1 -1.30802e-28 -2.30063e-22 
1 -2.66279e-27 -5.48297e-23 
1 -4.2893e-26 -1.38857e-24 
1 0 0 
1 0 0 
1 0 0 
1 0 0 
1 0 0 
1 0 0 
1 0 0 
1 0 0 
1 0 0 
1 0 0 
1 0 0 
1 0 0 
1 0 0 
1 0 0 
1 0 0 
1 0 0 
1 0 0 
1 0 0 
1 0 0 
1 0 0 
1 0 0 
1 0 0 
1 0 0 
1 0 0 
1 0 0 
1 0 0 
1 0 0 
1 0 0 
1 0 0 
1 0 0 
1 0 0 
1 0 0 
1 -3.21702e-63 0 
1 -1.59007e-59 0 
1 -3.42672e-56 -7.87973e-26 
1 -4.29853e-53 -1.09436e-24 
1 -3.51357e-50 -2.45084e-25 
1 -1.9768e-47 -2.58961e-27 
1 -7.86096e-45 -9.56805e-25 
1 -2.22928e-42 -1.47793e-21 
1 -4.49045e-40 -7.89076e-21 
1 -6.33679e-38 -3.25477e-20 
1 -6.15658e-36 -7.73635e-21 
1 -4.09899e-34 -2.11289e-22 
1 -1.93093e-32 -2.32445e-23 
1 -6.6903e-31 -5.43253e-24 
1 -1.76173e-29 -1.10103e-25 
1 -3.61326e-28 -1.15366e-26 
1 0 0 
1 0 0 
1 0 0 
1 0 0 
1 0 0 
1 0 0 
1 0 0 
1 0 0 
1 0 0 
1 0 0 
1 0 0 
1 0 0 
1 0 0 
1 0 0 
1 0 0 
1 0 0 
1 0 0 
1 0 0 
1 0 0 
1 0 0 
1 0 0 
1 0 0 
1 0 0 
1 0 0 
1 0 0 
1 0 0 
1 0 0 
1 0 0 
1 0 0 
1 0 0 
1 0 0 
1 0 0 
1 0 0 
1 0 0 
1 0 0 
1 0 0 
1 0 -2.31038e-27 
1 0 -4.4557e-26 
1 -1.17828e-64 -9.8875e-27 
1 -5.82786e-61 -7.76412e-29 
1 -1.25705e-57 -3.8352e-26 
1 -1.57864e-54 -1.0139e-22 
1 -1.29222e-51 -6.35468e-22 
1 -7.28389e-49 -3.54211e-21 
1 -2.9037e-46 -8.25513e-22 
1 -8.26257e-44 -1.78169e-23 
1 -1.67236e-41 -1.88165e-24 
1 -2.3767e-39 -4.32603e-25 
1 -2.3337e-37 -6.96977e-27 
1 -1.57794e-35 -7.07375e-28 
1 -7.58353e-34 -1.6005e-28 
1 -2.69187e-32 -1.94524e-30 
1 0 0 
1 0 0 
1 0 0 
1 0 0 
1 0 0 
1 0 0 
1 0 0 
1 0 0 
1 0 0 
1 0 0 
1 0 0 
1 0 0 
1 0 0 
1 0 0 
1 0 0 
1 0 0 
1 0 0 
1 0 0 
1 0 0 
1 0 0 
1 0 0 
1 0 0 
1 0 0 
1 0 0 
1 0 0 
1 0 0 
1 0 0 
1 0 0 
1 0 0 
1 0 0 
1 0 0 
1 0 0 
1 0 0 
1 0 0 
1 0 0 
1 0 0 
1 0 0 
1 0 -4.96124e-29 
1 0 -1.36371e-27 
1 0 -3.00253e-28 
1 0 -1.70093e-30 
1 -1.5483e-65 -1.15798e-27 
1 -7.65898e-62 -5.41757e-24 
1 -1.65229e-58 -4.05608e-23 
1 -2.07542e-55 -3.04929e-22 
1 -1.69931e-52 -6.99414e-23 
1 -9.5818e-50 -1.18781e-24 
1 -3.8215e-47 -1.21202e-25 
1 -1.0881e-44 -2.74816e-26 
1 -2.20429e-42 -3.48214e-28 
1 -3.13678e-40 -3.43886e-29 
1 -3.08613e-38 -7.69533e-30 
1 -2.09281e-36 -7.28187e-32 
1 -1.0097e-34 -7.01005e-33 
1 0 0 
1 0 0 
1 0 0 
1 0 0 
1 0 0 
1 0 0 
1 0 0 
1 0 0 
1 0 0 
1 0 0 
1 0 0 
1 0 0 
1 0 0 
1 0 0 
1 0 0 
1 0 0 
1 0 0 
1 0 0 
1 0 0 
1 0 0 
1 0 0 
1 0 0 
1 0 0 
1 0 0 
1 0 0 
1 0 0 
1 0 0 
1 0 0 
1 0 0 
1 0 0 
1 0 0 
1 0 0 
1 0 0 
1 0 0 
1 0 0 
1 0 0 
1 0 0 
1 0 0 
1 0 0 
1 0 -7.51173e-31 
1 0 -3.03756e-29 
1 0 -6.6437e-30 
1 0 -2.61755e-32 
1 0 -2.55016e-29 
1 0 -2.22272e-25 
1 0 -2.03318e-24 
1 0 -2.06752e-23 
1 -5.67089e-67 -4.68074e-24 
1 -2.80713e-63 -6.1999e-26 
1 -6.06123e-60 -6.1449e-27 
1 -7.62199e-57 -1.37704e-27 
1 -6.2497e-54 -1.35017e-29 
1 -3.53054e-51 -1.30257e-30 
1 -1.41156e-48 -2.88741e-31 
1 -4.03273e-46 -2.07622e-33 
1 -8.20857e-44 -1.96118e-34 
1 -1.17626e-41 -4.31037e-35 
1 -1.16933e-39 -2.22685e-37 
1 0 0 
1 0 0 
1 0 0 
1 0 0 
1 0 0 
1 0 0 
1 0 0 
1 0 0 
1 0 0 
1 0 0 
1 0 0 
1 0 0 
1 0 0 
1 0 0 
1 0 0 
1 0 0 
1 0 0 
1 0 0 
1 0 0 
1 0 0 
1 0 0 
1 0 0 
1 0 0 
1 0 0 
1 0 0 
1 0 0 
1 0 0 
1 0 0 
1 0 0 
1 0 0 
1 0 0 
1 0 0 
1 0 0 
1 0 0 
1 0 0 
1 0 0 
1 0 0 
1 0 0 
1 0 0 
1 0 0 
1 0 -7.77157e-33 
1 0 -4.73392e-31 
1 0 -1.02992e-31 
1 0 -2.73907e-34 
1 0 -3.93936e-31 
1 0 -6.84533e-27 
1 0 -7.8836e-26 
1 0 -1.09438e-24 
1 0 -2.45087e-25 
1 0 -2.49474e-27 
1 -7.45175e-68 -2.41239e-28 
1 -3.68913e-64 -5.35249e-29 
1 -7.96696e-61 -3.9659e-31 
1 -1.00205e-57 -3.75109e-32 
1 -8.21853e-55 -8.24869e-33 
1 -4.64434e-52 -4.36347e-35 
1 -1.85772e-49 -4.05766e-36 
1 -5.31066e-47 -8.86177e-37 
1 -1.08193e-44 -3.25939e-39 
1 -1.55238e-42 -2.9936e-40 
1 0 0 
1 0 0 
1 0 0 
1 0 0 
1 0 0 
1 0 0 
1 0 0 
1 0 0 
1 0 0 
1 0 0 
1 0 0 
1 0 0 
1 0 0 
1 0 0 
1 0 0 
1 0 0 
1 0 0 
1 0 0 
1 0 0 
1 0 0 
1 0 0 
1 0 0 
1 0 0 
1 0 0 
1 0 0 
1 0 0 
1 0 0 
1 0 0 
1 0 0 
1 0 0 
1 0 0 
1 0 0 
1 0 0 
1 0 0 
1 0 0 
1 0 0 
1 0 0 
1 0 0 
1 0 0 
1 0 0 
1 0 0 
1 0 0 
1 0 -5.52534e-35 
1 0 -4.99602e-33 
1 0 -1.08296e-33 
1 0 -1.96237e-36 
1 0 -4.1326e-33 
1 0 -1.5323e-28 
1 0 -2.31098e-27 
1 0 -4.45571e-26 
1 0 -9.88754e-27 
1 0 -7.55958e-29 
1 0 -7.16017e-30 
1 0 -1.57541e-30 
1 0 -8.54086e-33 
1 0 -7.94804e-34 
1 -2.72931e-69 -1.73632e-34 
1 -1.35212e-65 -6.50358e-37 
1 -2.92259e-62 -5.97521e-38 
1 -3.68002e-59 -1.29859e-38 
1 -3.02258e-56 -3.2959e-41 
1 -1.71125e-53 -3.00268e-42 
1 -6.86176e-51 -6.50336e-43 
1 -1.96815e-48 -1.13286e-45 
1 0 0 
1 0 0 
1 0 0 
1 0 0 
1 0 0 
1 0 0 
1 0 0 
1 0 0 
1 0 0 
1 0 0 
1 0 0 
1 0 0 
1 0 0 
1 0 0 
1 0 0 
1 0 0 
1 0 0 
1 0 0 
1 0 0 
1 0 0 
1 0 0 
1 0 0 
1 0 0 
1 0 0 
1 0 0 
1 0 0 
1 0 0 
1 0 0 
1 0 0 
1 0 0 
1 0 0 
1 0 0 
1 0 0 
1 0 0 
1 0 0 
1 0 0 
1 0 0 
1 0 0 
1 0 0 
1 0 0 
1 0 0 
1 0 0 
1 0 0 
1 0 -2.74903e-37 
1 0 -3.59941e-35 
1 0 -7.78301e-36 
1 0 -9.81479e-39 
1 0 -2.96557e-35 
1 0 -2.39685e-30 
1 0 -4.96188e-29 
1 0 -1.36371e-27 
1 0 -3.00254e-28 
1 0 -1.66985e-30 
1 0 -1.55513e-31 
1 0 -3.39836e-32 
1 0 -1.29702e-34 
1 0 -1.19205e-35 
1 0 -2.59104e-36 
1 0 -6.65888e-39 
1 -3.58641e-70 -6.06741e-40 
1 -1.77696e-66 -1.31419e-40 
1 -3.84148e-63 -2.30815e-43 
1 -4.83806e-60 -2.09138e-44 
1 -3.97477e-57 -4.51955e-45 
1 -2.2511e-54 -5.5477e-48 
1 -9.03054e-52 -5.00777e-49 
1 0 0 
1 0 0 
1 0 0 
1 0 0 
1 0 0 
1 0 0 
1 0 0 
1 0 0 
1 0 0 
1 0 0 
1 0 0 
1 0 0 
1 0 0 
1 0 0 
1 0 0 
1 0 0 
1 0 0 
1 0 0 
1 0 0 
1 0 0 
1 0 0 
1 0 0 
1 0 0 
1 0 0 
1 0 0 
1 0 0 
1 0 0 
1 0 0 
1 0 0 
1 0 0 
1 0 0 
1 0 0 
1 0 0 
1 0 0 
1 0 0 
1 0 0 
1 0 0 
1 0 0 
1 0 0 
1 0 0 
1 0 0 
1 0 0 
1 0 0 
1 0 0 
1 0 0 
1 0 -9.70834e-40 
1 0 -1.80707e-37 
1 0 -3.90084e-38 
1 0 -3.47907e-41 
1 0 -1.48486e-37 
1 0 -2.53573e-32 
1 0 -7.51219e-31 
1 0 -3.03757e-29 
1 0 -6.64371e-30 
1 0 -2.58531e-32 
1 0 -2.37692e-33 
1 0 -5.16719e-34 
1 0 -1.34501e-36 
1 0 -1.22573e-37 
1 0 -2.65509e-38 
1 0 -4.70225e-41 
1 0 -4.26094e-42 
1 0 -9.20834e-43 
1 0 -1.13669e-45 
1 0 -1.0261e-46 
1 -1.31358e-71 -2.21407e-47 
1 -6.5128e-68 -1.93744e-50 
1 -1.4092e-64 -1.74429e-51 
1 -1.77677e-61 -3.75963e-52 
1 -1.46181e-58 -2.34484e-55 
1 0 0 
1 0 0 
1 0 0 
1 0 0 
1 0 0 
1 0 0 
1 0 0 
1 0 0 
1 0 0 
1 0 0 
1 0 0 
1 0 0 
1 0 0 
1 0 0 
1 0 0 
1 0 0 
1 0 0 
1 0 0 
1 0 0 
1 0 0 
1 0 0 
1 0 0 
1 0 0 
1 0 0 
1 0 0 
1 0 0 
1 0 0 
1 0 0 
1 0 0 
1 0 0 
1 0 0 
1 0 0 
1 0 0 
1 0 0 
1 0 0 
1 0 0 
1 0 0 
1 0 0 
1 0 0 
1 0 0 
1 0 0 
1 0 0 
1 0 0 
1 0 0 
1 0 0 
1 0 0 
1 0 -2.44401e-42 
1 0 -6.42259e-40 
1 0 -1.38476e-40 
1 0 -8.78227e-44 
1 0 -5.26745e-40 
1 0 -1.82978e-34 
1 0 -7.7718e-33 
1 0 -4.73392e-31 
1 0 -1.02992e-31 
1 0 -2.7161e-34 
1 0 -2.47563e-35 
1 0 -5.36287e-36 
1 0 -9.5785e-39 
1 0 -8.68021e-40 
1 0 -1.87594e-40 
1 0 -2.32889e-43 
1 0 -2.10238e-44 
1 0 -4.53648e-45 
1 0 -3.98554e-48 
1 0 -3.58827e-49 
1 0 -7.73422e-50 
1 0 -4.83778e-53 
1 -1.72609e-72 -4.3471e-54 
1 -8.55912e-69 -9.36233e-55 
1 -1.85227e-65 -4.13652e-58 
1 -2.33588e-62 -3.71155e-59 
1 0 0 
1 0 0 
1 0 0 
1 0 0 
1 0 0 
1 0 0 
1 0 0 
1 0 0 
1 0 0 
1 0 0 
1 0 0 
1 0 0 
1 0 0 
1 0 0 
1 0 0 
1 0 0 
1 0 0 
1 0 0 
1 0 0 
1 0 0 
1 0 0 
1 0 0 
1 0 0 
1 0 0 
1 0 0 
1 0 0 
1 0 0 
1 0 0 
1 0 0 
1 0 0 
1 0 0 
1 0 0 
1 0 0 
1 0 0 
1 0 0 
1 0 0 
1 0 0 
1 0 0 
1 0 0 
1 0 0 
1 0 0 
1 0 0 
1 0 0 
1 0 0 
1 0 0 
1 0 0 
1 0 0 
1 0 0 
1 0 -4.34749e-45 
1 0 -1.62441e-42 
1 0 -3.49927e-43 
1 0 -1.56544e-46 
1 0 -1.33041e-42 
1 0 -9.19608e-37 
1 0 -5.52543e-35 
1 0 -4.99602e-33 
1 0 -1.08296e-33 
1 0 -1.95092e-36 
1 0 -1.7681e-37 
1 0 -3.82128e-38 
1 0 -4.77123e-41 
1 0 -4.30735e-42 
1 0 -9.29444e-43 
1 0 -8.19848e-46 
1 0 -7.38143e-47 
1 0 -1.59102e-47 
1 0 -9.98095e-51 
1 0 -8.96871e-52 
1 0 -1.9316e-52 
1 0 -8.55303e-56 
1 0 -7.67435e-57 
1 0 -1.65184e-57 
1 0 -5.03142e-61 
1 0 -4.50945e-62 
1 -6.32204e-74 -9.70172e-63 
1 -3.13704e-70 -1.92524e-66 
1 0 0 
1 0 0 
1 0 0 
1 0 0 
1 0 0 
1 0 0 
1 0 0 
1 0 0 
1 0 0 
1 0 0 
1 0 0 
1 0 0 
1 0 0 
1 0 0 
1 0 0 
1 0 0 
1 0 0 
1 0 0 
1 0 0 
1 0 0 
1 0 0 
1 0 0 
1 0 0 
1 0 0 
1 0 0 
1 0 0 
1 0 0 
1 0 0 
1 0 0 
1 0 0 
1 0 0 
1 0 0 
1 0 0 
1 0 0 
1 0 0 
1 0 0 
1 0 0 
1 0 0 
1 0 0 
1 0 0 
1 0 0 
1 0 0 
1 0 0 
1 0 0 
1 0 0 
1 0 0 
1 0 0 
1 0 0 
1 0 0 
1 0 -5.32203e-48 
1 0 -2.89973e-45 
1 0 -6.24239e-46 
1 0 -1.91941e-49 
1 0 -2.37246e-45 
1 0 -3.27084e-39 
1 0 -2.74905e-37 
1 0 -3.59941e-35 
1 0 -7.78301e-36 
1 0 -9.77433e-39 
1 0 -8.82435e-40 
1 0 -1.90416e-40 
1 0 -1.68643e-43 
1 0 -1.51839e-44 
1 0 -3.27281e-45 
1 0 -2.05916e-48 
1 0 -1.85035e-49 
1 0 -3.98512e-50 
1 0 -1.76848e-53 
1 0 -1.58681e-54 
1 0 -3.41548e-55 
1 0 -1.0421e-58 
1 0 -9.33992e-60 
1 0 -2.00941e-60 
1 0 -3.99281e-64 
1 0 -3.57545e-65 
1 0 -7.68953e-66 
1 0 -8.89245e-70 
1 -8.30739e-75 -7.95742e-71 
1 0 0 
1 0 0 
1 0 0 
1 0 0 
1 0 0 
1 0 0 
1 0 0 
1 0 0 
1 0 0 
1 0 0 
1 0 0 
1 0 0 
1 0 0 
1 0 0 
1 0 0 
1 0 0 
1 0 0 
1 0 0 
1 0 0 
1 0 0 
1 0 0 
1 0 0 
1 0 0 
1 0 0 
1 0 0 
1 0 0 
1 0 0 
1 0 0 
1 0 0 
1 0 0 
1 0 0 
1 0 0 
1 0 0 
1 0 0 
1 0 0 
1 0 0 
1 0 0 
1 0 0 
1 0 0 
1 0 0 
1 0 0 
1 0 0 
1 0 0 
1 0 0 
1 0 0 
1 0 0 
1 0 0 
1 0 0 
1 0 0 
1 0 0 
1 0 -4.24467e-51 
1 0 -3.55937e-48 
1 0 -7.65851e-49 
1 0 -1.53277e-52 
1 0 -2.90984e-48 
1 0 -8.27709e-42 
1 0 -9.70838e-40 
1 0 -1.80707e-37 
1 0 -3.90084e-38 
1 0 -3.46887e-41 
1 0 -3.12329e-42 
1 0 -6.73215e-43 
1 0 -4.24818e-46 
1 0 -3.81742e-47 
1 0 -8.22167e-48 
1 0 -3.6566e-51 
1 0 -3.28098e-52 
1 0 -7.06206e-53 
1 0 -2.15837e-56 
1 0 -1.93447e-57 
1 0 -4.16186e-58 
1 0 -8.28082e-62 
1 0 -7.41524e-63 
1 0 -1.59476e-63 
1 0 -1.84616e-67 
1 0 -1.65204e-68 
1 0 -3.55194e-69 
1 0 -1.79271e-73 
1 0 -1.60335e-74 
1 0 -3.4465e-75 
1 0 0 
1 0 0 
1 0 0 
1 0 0 
1 0 0 
1 0 0 
1 0 0 
1 0 0 
1 0 0 
1 0 0 
1 0 0 
1 0 0 
1 0 0 
1 0 0 
1 0 0 
1 0 0 
1 0 0 
1 0 0 
1 0 0 
1 0 0 
1 0 0 
1 0 0 
1 0 0 
1 0 0 
1 0 0 
1 0 0 
1 0 0 
1 0 0 
1 0 0 
1 0 0 
1 0 0 
1 0 0 
1 0 0 
1 0 0 
1 0 0 
1 0 0 
1 0 0 
1 0 0 
1 0 0 
1 0 0 
1 0 0 
1 0 0 
1 0 0 
1 0 0 
1 0 0 
1 0 0 
1 0 0 
1 0 0 
1 0 0 
1 0 0 
1 0 -1.97036e-54 
1 0 -2.84487e-51 
1 0 -6.11868e-52 
1 0 -7.12203e-56 
1 0 -2.32427e-51 
1 0 -1.47814e-44 
1 0 -2.44402e-42 
1 0 -6.42259e-40 
1 0 -1.38476e-40 
1 0 -8.76413e-44 
1 0 -7.87553e-45 
1 0 -1.69618e-45 
1 0 -7.56051e-49 
1 0 -6.7839e-50 
1 0 -1.46019e-50 
1 0 -4.47035e-54 
1 0 -4.00662e-55 
1 0 -8.61995e-56 
1 0 -1.71738e-59 
1 0 -1.53787e-60 
1 0 -3.30742e-61 
1 0 -3.8328e-65 
1 0 -3.42979e-66 
1 0 -7.37418e-67 
1 0 -3.72483e-71 
1 0 -3.33139e-72 
1 0 -7.16104e-73 
1 0 0 
1 0 0 
1 0 0 
1 0 0 
1 0 0 
1 0 0 
1 0 0 
1 0 0 
1 0 0 
1 0 0 
1 0 0 
1 0 0 
1 0 0 
1 0 0 
1 0 0 
1 0 0 
1 0 0 
1 0 0 
1 0 0 
1 0 0 
1 0 0 
1 0 0 
1 0 0 
1 0 0 
1 0 0 
1 0 0 
1 0 0 
1 0 0 
1 0 0 
1 0 0 
1 0 0 
1 0 0 
1 0 0 
1 0 0 
1 0 0 
1 0 0 
1 0 0 
1 0 0 
1 0 0 
1 0 0 
1 0 0 
1 0 0 
1 0 0 
1 0 0 
1 0 0 
1 0 0 
1 0 0 
1 0 0 
1 0 0 
1 0 0 
1 0 0 
1 0 0 
1 0 0 
1 0 -3.98756e-58 
1 0 -1.32279e-54 
1 0 -2.84412e-55 
1 0 -1.44244e-59 
1 0 -1.08019e-54 
1 0 -1.81495e-47 
1 0 -4.3475e-45 
1 0 -1.62441e-42 
1 0 -3.49927e-43 
1 0 -1.56322e-46 
1 0 -1.40266e-47 
1 0 -3.01913e-48 
1 0 -9.2588e-52 
1 0 -8.29836e-53 
1 0 -1.78534e-53 
1 0 -3.56172e-57 
1 0 -3.18943e-58 
1 0 -6.85934e-59 
1 0 -7.95725e-63 
1 0 -7.12057e-64 
1 0 -1.53095e-64 
1 0 -7.73936e-69 
1 0 -6.92187e-70 
1 0 -1.4879e-70 
1 0 0 
1 0 0 
1 0 0 
1 0 0 
1 0 0 
1 0 0 
1 0 0 
1 0 0 
1 0 0 
1 0 0 
1 0 0 
1 0 0 
1 0 0 
1 0 0 
1 0 0 
1 0 0 
1 0 0 
1 0 0 
1 0 0 
1 0 0 
1 0 0 
1 0 0 
1 0 0 
1 0 0 
1 0 0 
1 0 0 
1 0 0 
1 0 0 
1 0 0 
1 0 0 
1 0 0 
1 0 0 
1 0 0 
1 0 0 
1 0 0 
1 0 0 
1 0 0 
1 0 0 
1 0 0 
1 0 0 
1 0 0 
1 0 0 
1 0 0 
1 0 0 
1 0 0 
1 0 0 
1 0 0 
1 0 0 
1 0 0 
1 0 0 
1 0 0 
1 0 0 
1 0 0 
1 0 0 
1 0 0 
1 0 0 
1 0 0 
1 0 -2.68048e-58 
1 0 -5.76188e-59 
1 0 0 
1 0 -2.18807e-58 
1 0 -1.45097e-50 
1 0 -5.32203e-48 
1 0 -2.89973e-45 
1 0 -6.24239e-46 
1 0 -1.91764e-49 
1 0 -1.71872e-50 
1 0 -3.69771e-51 
1 0 -7.38672e-55 
1 0 -6.61462e-56 
1 0 -1.42257e-56 
1 0 -1.652e-60 
1 0 -1.4783e-61 
1 0 -3.1784e-62 
1 0 -1.60806e-66 
1 0 -1.43821e-67 
1 0 -3.09152e-68 
1 0 0 
1 0 0 
1 0 0 
1 0 0 
1 0 0 
1 0 0 
1 0 0 
1 0 0 
1 0 0 
1 0 0 
1 0 0 
1 0 0 
1 0 0 
1 0 0 
1 0 0 
1 0 0 
1 0 0 
1 0 0 
1 0 0 
1 0 0 
1 0 0 
1 0 0 
1 0 0 
1 0 0 
1 0 0 
1 0 0 
1 0 0 
1 0 0 
1 0 0 
1 0 0 
1 0 0 
1 0 0 
1 0 0 
1 0 0 
1 0 0 
1 0 0 
1 0 0 
1 0 0 
1 0 0 
1 0 0 
1 0 0 
1 0 0 
1 0 0 
1 0 0 
1 0 0 
1 0 0 
1 0 0 
1 0 0 
1 0 0 
1 0 0 
1 0 0 
1 0 0 
1 0 0 
1 0 0 
1 0 0 
1 0 0 
1 0 0 
1 0 0 
1 0 0 
1 0 0 
1 0 0 
1 0 0 
1 0 0 
1 0 0 
1 0 -6.74787e-54 
1 0 -4.24467e-51 
1 0 -3.55937e-48 
1 0 -7.65851e-49 
1 0 -1.53194e-52 
1 0 -1.37182e-53 
1 0 -2.9503e-54 
1 0 -3.4297e-58 
1 0 -3.06908e-59 
1 0 -6.59864e-60 
1 0 -3.34119e-64 
1 0 -2.98827e-65 
1 0 -6.42348e-66 
1 0 0 
1 0 0 
1 0 0 
1 0 0 
1 0 0 
1 0 0 
1 0 0 
1 0 0 
1 0 0 
1 0 0 
1 0 0 
1 0 0 
1 0 0 
1 0 0 
1 0 0 
1 0 0 
1 0 0 
1 0 0 
1 0 0 
1 0 0 
1 0 0 
1 0 0 
1 0 0 
1 0 0 
1 0 0 
1 0 0 
1 0 0 
1 0 0 
1 0 0 
1 0 0 
1 0 0 
1 0 0 
1 0 0 
1 0 0 
1 0 0 
1 0 0 
1 0 0 
1 0 0 
1 0 0 
1 0 0 
1 0 0 
1 0 0 
1 0 0 
1 0 0 
1 0 0 
1 0 0 
1 0 0 
1 0 0 
1 0 0 
1 0 0 
1 0 0 
1 0 0 
1 0 0 
1 0 0 
1 0 0 
1 0 0 
1 0 0 
1 0 0 
1 0 0 
1 0 0 
1 0 0 
1 0 0 
1 0 0 
1 0 0 
1 0 0 
1 0 0 
1 0 0 
1 0 -1.36758e-57 
1 0 -1.97036e-54 
1 0 -2.84487e-51 
1 0 -6.11868e-52 
1 0 -7.12037e-56 
1 0 -6.37169e-57 
1 0 -1.36994e-57 
1 0 -6.94223e-62 
1 0 -6.20894e-63 
1 0 -1.33465e-63 
1 0 0 
1 0 0 
1 0 0 
1 0 0 
1 0 0 
1 0 0 
1 0 0 
1 0 0 
1 0 0 
1 0 0 
1 0 0 
1 0 0 
1 0 0 
1 0 0 
1 0 0 
1 0 0 
1 0 0 
1 0 0 
1 0 0 
1 0 0 
1 0 0 
1 0 0 
1 0 0 
1 0 0 
1 0 0 
1 0 0 
1 0 0 
1 0 0 
1 0 0 
1 0 0 
1 0 0 
1 0 0 
1 0 0 
1 0 0 
1 0 0 
1 0 0 
1 0 0 
1 0 0 
1 0 0 
1 0 0 
1 0 0 
1 0 0 
1 0 0 
1 0 0 
1 0 0 
1 0 0 
1 0 0 
1 0 0 
1 0 0 
1 0 0 
1 0 0 
1 0 0 
1 0 0 
1 0 0 
1 0 0 
1 0 0 
1 0 0 
1 0 0 
1 0 0 
1 0 0 
1 0 0 
1 0 0 
1 0 0 
1 0 0 
1 0 0 
1 0 0 
1 0 0 
1 0 0 
1 0 0 
1 0 0 
1 0 0 
1 0 -3.98756e-58 
1 0 -1.32279e-54 
1 0 -2.84412e-55 
1 0 -1.44244e-59 
1 0 -1.29008e-60 
1 0 -2.7731e-61 
1 0 0 
1 0 0 
1 0 0 
1 0 0 
1 0 0 
1 0 0 
1 0 0 
1 0 0 
1 0 0 
1 0 0 
1 0 0 
1 0 0 
1 0 0 
1 0 0 
1 0 0 
1 0 0 
1 0 0 
1 0 0 
1 0 0 
1 0 0 
1 0 0 
1 0 0 
1 0 0 
1 0 0 
1 0 0 
1 0 0 
1 0 0 
1 0 0 
1 0 0 
1 0 0 
1 0 0 
1 0 0 
1 0 0 
1 0 0 
1 0 0 
1 0 0 
1 0 0 
1 0 0 
1 0 0 
1 0 0 
1 0 0 
1 0 0 
1 0 0 
1 0 0 
1 0 0 
1 0 0 
1 0 0 
1 0 0 
1 0 0 
1 0 0 
1 0 0 
1 0 0 
1 0 0 
1 0 0 
1 0 0 
1 0 0 
1 0 0 
1 0 0 
1 0 0 
1 0 0 
1 0 0 
1 0 0 
1 0 0 
1 0 0 
1 0 0 
1 0 0 
1 0 0 
1 0 0 
1 0 0 
1 0 0 
1 0 0 
1 0 0 
1 0 0 
1 0 0 
1 0 0 
1 0 -2.68048e-58 
1 0 -5.76188e-59 
1 0 0 
1 0 0 
1 0 0 
1 0 0 
1 0 0 
1 0 0 
1 0 0 
1 0 0 
1 0 0 
1 0 0 
1 0 0 
1 0 0 
1 0 0 
1 0 0 
1 0 0 
1 0 0 
1 0 0 
1 0 0 
1 0 0 
1 0 0 
1 0 0 
1 0 0 
1 0 0 
1 0 0 
1 0 0 
1 0 0 
1 0 0 
1 0 0 
1 0 0 
1 0 0 
1 0 0 
1 0 0 
1 0 0 
1 0 0 
1 0 0 
1 0 0 
1 0 0 
1 0 0 
1 0 0 
1 0 0 
1 0 0 
1 0 0 
1 0 0 
1 0 0 
1 0 0 
1 0 0 
1 0 0 
1 0 0 
1 0 0 
1 0 0 
1 0 0 
1 0 0 
1 0 0 
1 0 0 
1 0 0 
1 0 0 
1 0 0 
1 0 0 
1 0 0 
1 0 0 
1 0 0 
1 0 0 
1 0 0 
1 0 0 
1 0 0 
1 0 0 
1 0 0 
1 0 0 
1 0 0 
1 0 0 
1 0 0 
1 0 0 
1 0 0 
1 0 0 
1 0 0 
1 0 0 
1 0 0 
1 0 0 
1 0 0 
1 0 0 
1 0 0 
1 0 0 
1 0 0 
1 0 0 
1 0 0 
1 0 0 
1 0 0 
1 0 0 
1 0 0 
1 0 0 
1 0 0 
1 0 0 
1 0 0 
1 0 0 
1 0 0 
1 0 0 
1 0 0 
1 0 0 
1 0 0 
1 0 0 
1 0 0 
1 0 0 
1 0 0 
1 0 0 
1 0 0 
1 0 0 
1 0 0 
1 0 0 
1 0 0 
1 0 0 
1 0 0 
1 0 0 
1 0 0 
1 0 0 
1 0 0 
1 0 0 
1 0 0 
1 0 0 
1 0 0 
1 0 0 
1 0 0 
1 0 0 
1 0 0 
1 0 0 
1 0 0 
1 0 0 
1 0 0 
1 0 0 
1 0 0 
1 0 0 
1 0 0 
1 0 0 
1 0 0 
1 0 0 
1 0 0 
1 0 0 
1 0 0 
1 0 0 
1 0 0 
1 0 0 
1 0 0 
1 0 0 
1 0 0 
1 0 0 
1 0 0 
1 0 0 
1 0 0 
1 0 0 
1 0 0 
1 0 0 
1 0 0 
1 0 0 
1 0 0 
1 0 0 
1 0 0 
1 0 0 
1 0 0 
1 0 0 
1 0 0 
1 0 0 
1 0 0 
1 0 0 
1 0 0 
1 0 0 
1 0 0 
1 0 0 
1 0 0 
1 0 0 
1 0 0 
1 0 0 
1 0 0 
1 0 0 
1 0 0 
1 0 0 
1 0 0 
1 0 0 
1 0 0 
1 0 0 
1 0 0 
1 0 0 
1 0 0 
1 0 0 
1 0 0 
1 0 0 
1 0 0 
1 0 0 
1 0 0 
1 0 0 
1 0 0 
1 0 0 
1 0 0 
1 0 0 
1 0 0 
1 0 0 
1 0 0 
1 0 0 
1 0 0 
1 0 0 
1 0 0 
1 0 0 
1 0 0 
1 0 0 
1 0 0 
1 0 0 
1 0 0 
1 0 0 
1 0 0 
1 0 0 
1 0 0 
1 0 0 
1 0 0 
1 0 0 
1 0 0 
1 0 0 
1 0 0 
1 0 0 
1 0 0 
1 0 0 
1 0 0 
1 0 0 
1 0 0 
1 0 0 
1 0 0 
1 0 0 
1 0 0 
1 0 0 
1 0 0 
1 0 0 
1 0 0 
1 0 0 
1 0 0 
1 0 0 
1 0 0 
1 0 0 
1 0 0 
1 0 0 
1 0 0 
1 0 0 
1 0 0 
1 0 0 
1 0 0 
1 0 0 
1 0 0 
1 0 0 
1 0 0 
1 0 0 
1 0 0 
1 0 0 
1 0 0 
1 0 0 
1 0 0 
1 0 0 
1 0 0 
1 0 0 
1 0 0 
1 0 0 
1 0 0 
1 0 0 
1 0 0 
1 0 0 
1 0 0 
1 0 0 
1 0 0 
1 0 0 
1 0 0 
1 0 0 
1 0 0 
1 0 0 
1 0 0 
1 0 0 
1 0 0 
1 0 0 
1 0 0 
1 0 0 
1 0 0 
1 0 0 
1 0 0 
1 0 0 
1 0 0 
1 0 0 
1 0 0 
1 0 0 
1 0 0 
1 0 0 
1 0 0 
1 0 0 
1 0 0 
1 0 0 
1 0 0 
1 0 0 
1 0 0 
1 0 0 
1 0 0 
1 0 0 
1 0 0 
1 0 0 
1 0 0 
1 0 0 
1 0 0 
1 0 0 
1 0 0 
1 0 0 
1 0 0 
1 0 0 
1 0 0 
1 0 0 
1 0 0 
1 0 0 
1 0 0 
1 0 0 
1 0 0 
1 0 0 
1 0 0 
1 0 0 
1 0 0 
1 0 0 
1 0 0 
1 0 0 
1 0 0 
1 0 0 
1 0 0 
1 0 0 
1 0 0 
1 0 0 
1 0 0 
1 0 0 
1 0 0 
1 0 0 
1 0 0 
1 0 0 
1 0 0 
1 0 0 
1 0 0 
1 0 0 
1 0 0 
1 0 0 
1 0 0 
1 0 0 
1 0 0 
1 0 0 
1 0 0 
1 0 0 
1 0 0 
1 0 0 
1 0 0 
1 0 0 
1 0 0 
1 0 0 
1 0 0 
1 0 0 
1 0 0 
1 0 0 
1 0 0 
1 0 0 
1 0 0 
1 0 0 
1 0 0 
1 0 0 
1 0 0 
1 0 0 
1 0 0 
1 0 0 
1 0 0 
1 0 0 
1 0 0 
1 0 0 
1 0 0 
1 0 0 
1 0 0 
1 0 0 
1 0 0 
1 0 0 
1 0 0 
1 0 0 
1 0 0 
1 0 0 
1 0 0 
1 0 0 
1 0 0 
1 0 0 
1 0 0 
1 0 0 
1 0 0 
1 0 0 
1 0 0 
1 0 0 
1 0 0 
1 0 0 
1 0 0 
1 0 0 
1 0 0 
1 0 0 
1 0 0 
1 0 0 
1 0 0 
1 0 0 
1 0 0 
1 0 0 
1 0 0 
1 0 0 
1 0 0 
1 0 0 
1 0 0 
1 0 0 
1 0 0 
1 0 0 
1 0 0 
1 0 0 
1 0 0 
1 0 0 
1 0 0 
1 0 0 
1 0 0 
1 0 0 
1 0 0 
1 0 0 
1 0 0 
1 0 0 
1 0 0 
1 0 0 
1 0 0 
1 0 0 
1 0 0 
1 0 0 
1 0 0 
1 0 0 
1 0 0 
1 0 0 
1 0 0 
1 0 0 
1 0 0 
1 0 0 
1 0 0 
1 0 0 
1 0 0 
1 0 0 
1 0 0 
1 0 0 
1 0 0 
1 0 0 
1 0 0 
1 0 0 
1 0 0 
1 0 0 
1 0 0 
1 0 0 
1 0 0 
1 0 0 
1 0 0 
1 0 0 
1 0 0 
1 0 0 
1 0 0 
1 0 0 
1 0 0 
1 0 0 
1 0 0 
1 0 0 
1 0 0 
1 0 0 
1 0 0 
1 0 0 
1 0 0 
1 0 0 
1 0 0 
1 0 0 
1 0 0 
1 0 0 
1 0 0 
1 0 0 
1 0 0 
1 0 0 
1 0 0 
1 0 0 
1 0 0 
1 0 0 
1 0 0 
1 0 0 
1 0 0 
1 0 0 
1 0 0 
1 0 0 
1 0 0 
1 0 0 
1 0 0 
1 0 0 
1 0 0 
1 0 0 
1 0 0 
1 0 0 
1 0 0 
1 0 0 
1 0 0 
1 0 0 
1 0 0 
1 0 0 
1 0 0 
1 0 0 
1 0 0 
1 0 0 
1 0 0 
1 0 0 
1 0 0 
1 0 0 
1 0 0 
1 0 0 
1 0 0 
1 0 0 
1 0 0 
1 0 0 
1 0 0 
1 0 0 
1 0 0 
1 0 0 
1 0 0 
1 0 0 
1 0 0 
1 0 0 
1 0 0 
1 0 0 
1 0 0 
1 0 0 
1 0 0 
1 0 0 
1 0 0 
1 0 0 
1 0 0 
1 0 0 
1 0 0 
1 0 0 
1 0 0 
1 0 0 
1 0 0 
1 0 0 
1 0 0 
1 0 0 
1 0 0 
1 0 0 
1 0 0 
1 0 0 
1 0 0 
1 0 0 
1 0 0 
1 0 0 
1 0 0 
1 0 0 
1 0 0 
1 0 0 
1 0 0 
1 0 0 
1 0 0 
1 0 0 
1 0 0 
1 0 0 
1 0 0 
1 0 0 
1 0 0 
1 0 0 
1 0 0 
1 0 0 
1 0 0 
1 0 0 
1 0 0 
1 0 0 
1 0 0 
1 0 0 
1 0 0 
1 0 0 
1 0 0 
1 0 0 
1 0 0 
1 0 0 
1 0 0 
1 0 0 
1 0 0 
1 0 0 
1 0 0 
1 0 0 
1 0 0 
1 0 0 
1 0 0 
1 0 0 
1 0 0 
1 0 0 
1 0 0 
1 0 0 
1 0 0 
1 0 0 
1 0 0 
1 0 0 
1 0 0 
1 0 0 
1 0 0 
1 0 0 
1 0 0 
1 0 0 
1 0 0 
1 0 0 
1 0 0 
1 0 0 
1 0 0 
1 0 0 
1 0 0 
1 0 0 
1 0 0 
1 0 0 
1 0 0 
1 0 0 
1 0 0 
1 0 0 
1 0 0 
1 0 0 
1 0 0 
1 0 0 
1 0 0 
1 0 0 
1 0 0 
1 0 0 
1 0 0 
1 0 0 
1 0 0 
1 0 0 
1 0 0 
1 0 0 
1 0 0 
1 0 0 
1 0 0 
1 0 0 
1 0 0 
1 0 0 
1 0 0 
1 0 0 
1 0 0 
1 0 0 
1 0 0 
1 0 0 
1 0 0 
1 0 0 
1 0 0 
1 0 0 
1 0 0 
1 0 0 
1 0 0 
1 0 0 
1 0 0 
1 0 0 
1 0 0 
1 0 0 
1 0 0 
1 0 0 
1 0 0 
1 0 0 
1 0 0 
1 0 0 
1 0 0 
1 0 0 
1 0 0 
1 0 0 
1 0 0 
1 0 0 
1 0 0 
1 0 0 
1 0 0 
1 0 0 
1 0 0 
1 0 0 
1 0 0 
1 0 0 
1 0 0 
1 0 0 
1 0 0 
1 0 0 
1 0 0 
1 0 0 
1 0 0 
1 0 0 
1 0 0 
1 0 0 
1 0 0 
1 0 0 
1 0 0 
1 0 0 
1 0 0 
1 0 0 
1 0 0 
1 0 0 
1 0 0 
1 0 0 
1 0 0 
1 0 0 
1 0 0 
1 0 0 
1 0 0 
1 0 0 
1 0 0 
1 0 0 
1 0 0 
1 0 0 
1 0 0 
1 0 0 
1 0 0 
1 0 0 
1 0 0 
1 0 0 
1 0 0 
1 0 0 
1 0 0 
1 0 0 
1 0 0 
1 0 0 
1 0 0 
1 0 0 
1 0 0 
1 0 0 
1 0 0 
1 0 0 
1 0 0 
1 0 0 
1 0 0 
1 0 0 
1 0 0 
1 0 0 
1 0 0 
1 0 0 
1 0 0 
1 0 0 
1 0 0 
1 0 0 
1 0 0 
1 0 0 
1 0 0 
1 0 0 
1 0 0 
1 0 0 
1 0 0 
1 0 0 
1 0 0 
1 0 0 
1 0 0 
1 0 0 
1 0 0 
1 0 0 
1 0 0 
1 0 0 
1 0 0 
1 0 0 
1 0 0 
1 0 0 
1 0 0 
1 0 0 
1 0 0 
1 0 0 
1 0 0 
1 0 0 
1 0 0 
1 0 0 
1 0 0 
1 0 0 
1 0 0 
1 0 0 
1 0 0 
1 0 0 
1 0 0 
1 0 0 
1 0 0 
1 0 0 
1 0 0 
1 0 0 
1 0 0 
1 0 0 
1 0 0 
1 0 0 
1 0 0 
1 0 0 
1 0 0 
1 0 0 
1 0 0 
1 0 0 
1 0 0 
1 0 0 
1 0 0 
1 0 0 
1 0 0 
1 0 0 
1 0 0 
1 0 0 
1 0 0 
1 0 0 
1 0 0 
1 0 0 
1 0 0 
1 0 0 
1 0 0 
1 0 0 
1 0 0 
1 0 0 
1 0 0 
1 0 0 
1 0 0 
1 0 0 
1 0 0 
1 0 0 
1 0 0 
1 0 0 
1 0 0 
1 0 0 
1 0 0 
1 0 0 
1 0 0 
1 0 0 
1 0 0 
1 0 0 
1 0 0 
1 0 0 
1 0 0 
1 0 0 
1 0 0 
1 0 0 
1 0 0 
1 0 0 
1 0 0 
1 0 0 
1 0 0 
1 0 0 
1 0 0 
1 0 0 
1 0 0 
1 0 0 
1 0 0 
1 0 0 
1 0 0 
1 0 0 
1 0 0 
1 0 0 
1 0 0 
1 0 0 
1 0 0 
1 0 0 
1 0 0 
1 0 0 
1 0 0 
1 0 0 
1 0 0 
1 0 0 
1 0 0 
1 0 0 
1 0 0 
1 0 0 
1 0 0 
1 0 0 
1 0 0 
1 0 0 
1 0 0 
1 0 0 
1 0 0 
1 0 0 
1 0 0 
1 0 0 
1 0 0 
1 0 0 
1 0 0 
1 0 0 
1 0 0 
1 0 0 
1 0 0 
1 0 0 
1 0 0 
1 0 0 
1 0 0 
1 0 0 
1 0 0 
1 0 0 
1 0 0 
1 0 0 
1 0 0 
1 0 0 
1 0 0 
1 0 0 
1 0 0 
1 0 0 
1 0 0 
1 0 0 
1 0 0 
1 0 0 
1 0 0 
1 0 0 
1 0 0 
1 0 0 
1 0 0 
1 0 0 
1 0 0 
1 0 0 
1 0 0 
1 0 0 
1 0 0 
1 0 0 
1 0 0 
1 0 0 
1 0 0 
1 0 0 
1 0 0 
1 0 0 
1 0 0 
1 0 0 
1 0 0 
1 0 0 
1 0 0 
1 0 0 
1 0 0 
1 0 0 
1 0 0 
1 0 0 
1 0 0 
1 0 0 
1 0 0 
1 0 0 
1 0 0 
1 0 0 
1 0 0 
1 0 0 
1 0 0 
1 0 0 
1 0 0 
1 0 0 
1 0 0 
1 0 0 
1 0 0 
1 0 0 
1 0 0 
1 0 0 
1 0 0 
1 0 0 
1 0 0 
1 0 0 
1 0 0 
1 0 0 
1 0 0 
1 0 0 
1 0 0 
1 0 0 
1 0 0 
1 0 0 
1 0 0 
1 0 0 
1 0 0 
1 0 0 
1 0 0 
1 0 0 
1 0 0 
1 0 0 
1 0 0 
1 0 0 
1 0 0 
1 0 0 
1 0 0 
1 0 0 
1 0 0 
1 0 0 
1 0 0 
1 0 0 
1 0 0 
1 0 0 
1 0 0 
1 0 0 
1 0 0 
1 0 0 
1 0 0 
1 0 0 
1 0 0 
1 0 0 
1 0 0 
1 0 0 
1 0 0 
1 0 0 
1 0 0 
1 0 0 
1 0 0 
1 0 0 
1 0 0 
1 0 0 
1 0 0 
1 0 0 
1 0 0 
1 0 0 
1 0 0 
1 0 0 
1 0 0 
1 0 0 
1 0 0 
1 0 0 
1 0 0 
1 0 0 
1 0 0 
1 0 0 
1 0 0 
1 0 0 
1 0 0 
1 0 0 
1 0 0 
1 0 0 
1 0 0 
1 0 0 
1 0 0 
1 0 0 
1 0 0 
1 0 0 
1 0 0 
1 0 0 
1 0 0 
1 0 0 
1 0 0 
1 0 0 
1 0 0 
1 0 0 
1 0 0 
1 0 0 
1 0 0 
1 0 0 
1 0 0 
1 0 0 
1 0 0 
1 0 0 
1 0 0 
1 0 0 
1 0 0 
1 0 0 
1 0 0 
1 0 0 
1 0 0 
1 0 0 
1 0 0 
1 0 0 
1 0 0 
1 0 0 
1 0 0 
1 0 0 
1 0 0 
1 0 0 
1 0 0 
1 0 0 
1 0 0 
1 0 0 
1 0 0 
1 0 0 
1 0 0 
1 0 0 
1 0 0 
1 0 0 
1 0 0 
1 0 0 
1 0 0 
1 0 0 
1 0 0 
1 0 0 
1 0 0 
1 0 0 
1 0 0 
1 0 0 
1 0 0 
1 0 0 
1 0 0 
1 0 0 
1 0 0 
1 0 0 
1 0 0 
1 0 0 
1 0 0 
1 0 0 
1 0 0 
1 0 0 
1 0 0 
1 0 0 
1 0 0 
1 0 0 
1 0 0 
1 0 0 
1 0 0 
1 0 0 
1 0 0 
1 0 0 
1 0 0 
1 0 0 
1 0 0 
1 0 0 
1 0 0 
1 0 0 
1 0 0 
1 0 0 
1 0 0 
1 0 0 
1 0 0 
1 0 0 
1 0 0 
1 0 0 
1 0 0 
1 0 0 
1 0 0 
1 0 0 
1 0 0 
1 0 0 
1 0 0 
1 0 0 
1 0 0 
1 0 0 
1 0 0 
1 0 0 
1 0 0 
1 0 0 
1 0 0 
1 0 0 
1 0 0 
1 0 0 
1 0 0 
1 0 0 
1 0 0 
1 0 0 
1 0 0 
1 0 0 
1 0 0 
1 0 0 
1 0 0 
1 0 0 
1 0 0 
1 0 0 
1 0 0 
1 0 0 
1 0 0 
1 0 0 
1 0 0 
1 0 0 
1 0 0 
1 0 0 
1 0 0 
1 0 0 
1 0 0 
1 0 0 
1 0 0 
1 0 0 
1 0 0 
1 0 0 
1 0 0 
1 0 0 
1 0 0 
1 0 0 
1 0 0 
1 0 0 
1 0 0 
1 0 0 
1 0 0 
1 0 0 
1 0 0 
1 0 0 
1 0 0 
1 0 0 
1 0 0 
1 0 0 
1 0 0 
1 0 0 
1 0 0 
1 0 0 
1 0 0 
1 0 0 
1 0 0 
1 0 0 
1 0 0 
1 0 0 
1 0 0 
1 0 0 
1 0 0 
1 0 0 
1 0 0 
1 0 0 
1 0 0 
1 0 0 
1 0 0 
1 0 0 
1 0 0 
1 0 0 
1 0 0 
1 0 0 
1 0 0 
1 0 0 
1 0 0 
1 0 0 
1 0 0 
1 0 0 
1 0 0 
1 0 0 
1 0 0 
1 0 0 
1 0 0 
1 0 0 
1 0 0 
1 0 0 
1 0 0 
1 0 0 
1 0 0 
1 0 0 
1 0 0 
1 0 0 
1 0 0 
1 0 0 
1 0 0 
1 0 0 
1 0 0 
1 0 0 
1 0 0 
1 0 0 
1 0 0 
1 0 0 
1 0 0 
1 0 0 
1 0 0 
1 0 0 
1 0 0 
1 0 0 
1 0 0 
1 0 0 
1 0 0 
1 0 0 
1 0 0 
1 0 0 
1 0 0 
1 0 0 
1 0 0 
1 0 0 
1 0 0 
1 0 0 
1 0 0 
1 0 0 
1 0 0 
1 0 0 
1 0 0 
1 0 0 
1 0 0 
1 0 0 
1 0 0 
1 0 0 
1 0 0 
1 0 0 
1 0 0 
1 0 0 
1 0 0 
1 0 0 
1 0 0 
1 0 0 
1 0 0 
1 0 0 
1 0 0 
1 0 0 
1 0 0 
1 0 0 
1 0 0 
1 0 0 
1 0 0 
1 0 0 
1 0 0 
1 0 0 
1 0 0 
1 0 0 
1 0 0 
1 0 0 
1 0 0 
1 0 0 
1 0 0 
1 0 0 
1 0 0 
1 0 0 
1 0 0 
1 0 0 
1 0 0 
1 0 0 
1 0 0 
1 0 0 
1 0 0 
1 0 0 
1 0 0 
1 0 0 
1 0 0 
1 0 0 
1 0 0 
1 0 0 
1 0 0 
1 0 0 
1 0 0 
1 0 0 
1 0 0 
1 0 0 
1 0 0 
1 0 0 
1 0 0 
1 0 0 
1 0 0 
1 0 0 
1 0 0 
1 0 0 
1 0 0 
1 0 0 
1 0 0 
1 0 0 
1 0 0 
1 0 0 
1 0 0 
1 0 0 
1 0 0 
1 0 0 
1 0 0 
1 0 0 
1 0 0 
1 0 0 
1 0 0 
1 0 0 
1 0 0 
1 0 0 
1 0 0 
1 0 0 
1 0 0 
1 0 0 
1 0 0 
1 0 0 
1 0 0 
1 0 0 
1 0 0 
1 0 0 
1 0 0 
1 0 0 
1 0 0 
1 0 0 
1 0 0 
1 0 0 
1 0 0 
1 0 0 
1 0 0 
1 0 0 
1 0 0 
1 0 0 
1 0 0 
1 0 0 
1 0 0 
1 0 0 
1 0 0 
1 0 0 
1 0 0 
1 0 0 
1 0 0 
1 0 0 
1 0 0 
1 0 0 
1 0 0 
1 0 0 
1 0 0 
1 0 0 
1 0 0 
1 0 0 
1 0 0 
1 0 0 
1 0 0 
1 0 0 
1 0 0 
1 0 0 
1 0 0 
1 0 0 
1 0 0 
1 0 0 
1 0 0 
1 0 0 
1 0 0 
1 0 0 
1 0 0 
1 0 0 
1 0 0 
1 0 0 
1 0 0 
1 0 0 
1 0 0 
1 0 0 
1 0 0 
1 0 0 
1 0 0 
1 0 0 
1 0 0 
1 0 0 
1 0 0 
1 0 0 
1 0 0 
1 0 0 
1 0 0 
1 0 0 
1 0 0 
1 0 0 
1 0 0 
1 0 0 
1 0 0 
1 0 0 
1 0 0 
1 0 0 
1 0 0 
1 0 0 
1 0 0 
1 0 0 
1 0 0 
1 0 0 
1 0 0 
1 0 0 
1 0 0 
1 0 0 
1 0 0 
1 0 0 
1 0 0 
1 0 0 
1 0 0 
1 0 0 
1 0 0 
1 0 0 
1 0 0 
1 0 0 
1 0 0 
1 0 0 
1 0 0 
1 0 0 
1 0 0 
1 0 0 
1 0 0 
1 0 0 
1 0 0 
1 0 0 
1 0 0 
1 0 0 
1 0 0 
1 0 0 
1 0 0 
1 0 0 
1 0 0 
1 0 0 
1 0 0 
1 0 0 
1 0 0 
1 0 0 
1 0 0 
1 0 0 
1 0 0 
1 0 0 
1 0 0 
1 0 0 
1 0 0 
1 0 0 
1 0 0 
1 0 0 
1 0 0 
1 0 0 
1 0 0 
1 0 0 
1 0 0 
1 0 0 
1 0 0 
1 0 0 
1 0 0 
1 0 0 
1 0 0 
1 0 0 
1 0 0 
1 0 0 
1 0 0 
1 0 0 
1 0 0 
1 0 0 
1 0 0 
1 0 0 
1 0 0 
1 0 0 
1 0 0 
1 0 0 
1 0 0 
1 0 0 
1 0 0 
1 0 0 
1 0 0 
1 0 0 
1 0 0 
1 0 0 
1 0 0 
1 0 0 
1 0 0 
1 0 0 
1 0 0 
1 0 0 
1 0 0 
1 0 0 
1 0 0 
1 0 0 
1 0 0 
1 0 0 
1 0 0 
1 0 0 
1 0 0 
1 0 0 
1 0 0 
1 0 0 
1 0 0 
1 0 0 
1 0 0 
1 0 0 
1 0 0 
1 0 0 
1 0 0 
1 0 0 
1 0 0 
1 0 0 
1 0 0 
1 0 0 
1 0 0 
1 0 0 
1 0 0 
1 0 0 
1 0 0 
1 0 0 
1 0 0 
1 0 0 
1 0 0 
1 0 0 
1 0 0 
1 0 0 
1 0 0 
1 0 0 
1 0 0 
1 0 0 
1 0 0 
1 0 0 
1 0 0 
1 0 0 
1 0 0 
1 0 0 
1 0 0 
1 0 0 
1 0 0 
1 0 0 
1 0 0 
1 0 0 
1 0 0 
1 0 0 
1 0 0 
1 0 0 
1 0 0 
1 0 0 
1 0 0 
1 0 0 
1 0 0 
1 0 0 
1 0 0 
1 0 0 
1 0 0 
1 0 0 
1 0 0 
1 0 0 
1 0 0 
1 0 0 
1 0 0 
1 0 0 
1 0 0 
1 0 0 
1 0 0 
1 0 0 
1 0 0 
1 0 0 
1 0 0 
1 0 0 
1 0 0 
1 0 0 
1 0 0 
1 0 0 
1 0 0 
1 0 0 
1 0 0 
1 0 0 
1 0 0 
1 0 0 
1 0 0 
1 0 0 
1 0 0 
1 0 0 
1 0 0 
1 0 0 
1 0 0 
1 0 0 
1 0 0 
1 0 0 
1 0 0 
1 0 0 
1 0 0 
1 0 0 
1 0 0 
1 0 0 
1 0 0 
1 0 0 
1 0 0 
1 0 0 
1 0 0 
1 0 0 
1 0 0 
1 0 0 
1 0 0 
1 0 0 
1 0 0 
1 0 0 
1 0 0 
1 0 0 
1 0 0 
1 0 0 
1 0 0 
1 0 0 
1 0 0 
1 0 0 
1 0 0 
1 0 0 
1 0 0 
1 0 0 
1 0 0 
1 0 0 
1 0 0 
1 0 0 
1 0 0 
1 0 0 
1 0 0 
1 0 0 
1 0 0 
1 0 0 
1 0 0 
1 0 0 
1 0 0 
1 0 0 
1 0 0 
1 0 0 
1 0 0 
1 0 0 
1 0 0 
1 0 0 
1 0 0 
1 0 0 
1 0 0 
1 0 0 
1 0 0 
1 0 0 
1 0 0 
1 0 0 
1 0 0 
1 0 0 
1 0 0 
1 0 0 
1 0 0 
1 0 0 
1 0 0 
1 0 0 
1 0 0 
1 0 0 
1 0 0 
1 0 0 
1 0 0 
1 0 0 
1 0 0 
1 0 0 
1 0 0 
1 0 0 
1 0 0 
1 0 0 
1 0 0 
1 0 0 
1 0 0 
1 0 0 
1 0 0 
1 0 0 
1 0 0 
1 0 0 
1 0 0 
1 0 0 
1 0 0 
1 0 0 
1 0 0 
1 0 0 
1 0 0 
1 0 0 
1 0 0 
1 0 0 
1 0 0 
1 0 0 
1 0 0 
1 0 0 
1 0 0 
1 0 0 
1 0 0 
1 0 0 
1 0 0 
1 0 0 
1 0 0 
1 0 0 
1 0 0 
1 0 0 
1 0 0 
1 0 0 
1 0 0 
1 0 0 
1 0 0 
1 0 0 
1 0 0 
1 0 0 
1 0 0 
1 0 0 
1 0 0 
1 0 0 
1 0 0 
1 0 0 
1 0 0 
1 0 0 
1 0 0 
1 0 0 
1 0 0 
1 0 0 
1 0 0 
1 0 0 
1 0 0 
1 0 0 
1 0 0 
1 0 0 
1 0 0 
1 0 0 
1 0 0 
1 0 0 
1 0 0 
1 0 0 
1 0 0 
1 0 0 
1 0 0 
1 0 0 
1 0 0 
1 0 0 
1 0 0 
1 0 0 
1 0 0 
1 0 0 
1 0 0 
1 0 0 
1 0 0 
1 0 0 
1 0 0 
1 0 0 
1 0 0 
1 0 0 
1 0 0 
1 0 0 
1 0 0 
1 0 0 
1 0 0 
1 0 0 
1 0 0 
1 0 0 
1 0 0 
1 0 0 
1 0 0 
1 0 0 
1 0 0 
1 0 0 
1 0 0 
1 0 0 
1 0 0 
1 0 0 
1 0 0 
1 0 0 
1 0 0 
1 0 0 
1 0 0 
1 0 0 
1 0 0 
1 0 0 
1 0 0 
1 0 0 
1 0 0 
1 0 0 
1 0 0 
1 0 0 
1 0 0 
1 0 0 
1 0 0 
1 0 0 
1 0 0 
1 0 0 
1 0 0 
1 0 0 
1 0 0 
1 0 0 
1 0 0 
1 0 0 
1 0 0 
1 0 0 
1 0 0 
1 0 0 
1 0 0 
1 0 0 
1 0 0 
1 0 0 
1 0 0 
1 0 0 
1 0 0 
1 0 0 
1 0 0 
1 0 0 
1 0 0 
1 0 0 
1 0 0 
1 0 0 
1 0 0 
1 0 0 
1 0 0 
1 0 0 
1 0 0 
1 0 0 
1 0 0 
1 0 0 
1 0 0 
1 0 0 
1 0 0 
1 0 0 
1 0 0 
1 0 0 
1 0 0 
1 0 0 
1 0 0 
1 0 0 
1 0 0 
1 0 0 
1 0 0 
1 0 0 
1 0 0 
1 0 0 
1 0 0 
1 0 0 
1 0 0 
1 0 0 
1 0 0 
1 0 0 
1 0 0 
1 0 0 
1 0 0 
1 0 0 
1 0 0 
1 0 0 
1 0 0 
1 0 0 
1 0 0 
1 0 0 
1 0 0 
1 0 0 
1 0 0 
1 0 0 
1 0 0 
1 0 0 
1 0 0 
1 0 0 
1 0 0 
1 0 0 
1 0 0 
1 0 0 
1 0 0 
1 0 0 
1 0 0 
1 0 0 
1 0 0 
1 0 0 
1 0 0 
1 0 0 
1 0 0 
1 0 0 
1 0 0 
1 0 0 
1 0 0 
1 0 0 
1 0 0 
1 0 0 
1 0 0 
1 0 0 
1 0 0 
1 0 0 
1 0 0 
1 0 0 
1 0 0 
1 0 0 
1 0 0 
1 0 0 
1 0 0 
1 0 0 
1 0 0 
1 0 0 
1 0 0 
1 0 0 
1 0 0 
1 0 0 
1 0 0 
1 0 0 
1 0 0 
1 0 0 
1 0 0 
1 0 0 
1 0 0 
1 0 0 
1 0 0 
1 0 0 
1 0 0 
1 0 0 
1 0 0 
1 0 0 
1 0 0 
1 0 0 
1 0 0 
1 0 0 
1 0 0 
1 0 0 
1 0 0 
1 0 0 
1 0 0 
1 0 0 
1 0 0 
1 0 0 
1 0 0 
1 0 0 
1 0 0 
1 0 0 
1 0 0 
1 0 0 
1 0 0 
1 0 0 
1 0 0 
1 0 0 
1 0 0 
1 0 0 
1 0 0 
1 0 0 
1 0 0 
1 0 0 
1 0 0 
1 0 0 
1 0 0 
1 0 0 
1 0 0 
1 0 0 
1 0 0 
1 0 0 
1 0 0 
1 0 0 
1 0 0 
1 0 0 
1 0 0 
1 0 0 
1 0 0 
1 0 0 
1 0 0 
1 0 0 
1 0 0 
1 0 0 
1 0 0 
1 0 0 
1 0 0 
1 0 0 
1 0 0 
1 0 0 
1 0 0 
1 0 0 
1 0 0 
1 0 0 
1 0 0 
1 0 0 
1 0 0 
1 0 0 
1 0 0 
1 0 0 
1 0 0 
1 0 0 
1 0 0 
1 0 0 
1 0 0 
1 0 0 
1 0 0 
1 0 0 
1 0 0 
1 0 0 
1 0 0 
1 0 0 
1 0 0 
1 0 0 
1 0 0 
1 0 0 
1 0 0 
1 0 0 
1 0 0 
1 0 0 
1 0 0 
1 0 0 
1 0 0 
1 0 0 
1 0 0 
1 0 0 
1 0 0 
1 0 0 
1 0 0 
1 0 0 
1 0 0 
1 0 0 
1 0 0 
1 0 0 
1 0 0 
1 0 0 
1 0 0 
1 0 0 
1 0 0 
1 0 0 
1 0 0 
1 0 0 
1 0 0 
1 0 0 
1 0 0 
1 0 0 
1 0 0 
1 0 0 
1 0 0 
1 0 0 
1 0 0 
1 0 0 
1 0 0 
1 0 0 
1 0 0 
1 0 0 
1 0 0 
1 0 0 
1 0 0 
1 0 0 
1 0 0 
1 0 0 
1 0 0 
1 0 0 
1 0 0 
1 0 0 
1 0 0 
1 0 0 
1 0 0 
1 0 0 
1 0 0 
1 0 0 
1 0 0 
1 0 0 
1 0 0 
1 0 0 
1 0 0 
1 0 0 
1 0 0 
1 0 0 
1 0 0 
1 0 0 
1 0 0 
1 0 0 
1 0 0 
1 0 0 
1 0 0 
1 0 0 
1 0 0 
1 0 0 
1 0 0 
1 0 0 
1 0 0 
1 0 0 
1 0 0 
1 0 0 
1 0 0 
1 0 0 
1 0 0 
1 0 0 
1 0 0 
1 0 0 
1 0 0 
1 0 0 
1 0 0 
1 0 0 
1 0 0 
1 0 0 
1 0 0 
1 0 0 
1 0 0 
1 0 0 
1 0 0 
1 0 0 
1 0 0 
1 0 0 
1 0 0 
1 0 0 
1 0 0 
1 0 0 
1 0 0 
1 0 0 
1 0 0 
1 0 0 
1 0 0 
1 0 0 
1 0 0 
1 0 0 
1 0 0 
1 0 0 
1 0 0 
1 0 0 
1 0 0 
1 0 0 
1 0 0 
1 0 0 
1 0 0 
1 0 0 
1 0 0 
1 0 0 
1 0 0 
1 0 0 
1 0 0 
1 0 0 
1 0 0 
1 0 0 
1 0 0 
1 0 0 
1 0 0 
1 0 0 
1 0 0 
1 0 0 
1 0 0 
1 0 0 
1 0 0 
1 0 0 
1 0 0 
1 0 0 
1 0 0 
1 0 0 
1 0 0 
1 0 0 
1 0 0 
1 0 0 
1 0 0 
1 0 0 
1 0 0 
1 0 0 
1 0 0 
1 0 0 
1 0 0 
1 0 0 
1 0 0 
1 0 0 
1 0 0 
1 0 0 
1 0 0 
1 0 0 
1 0 0 
1 0 0 
1 0 0 
1 0 0 
1 0 0 
1 0 0 
1 0 0 
1 0 0 
1 0 0 
1 0 0 
1 0 0 
1 0 0 
1 0 0 
1 0 0 
1 0 0 
1 0 0 
1 0 0 
1 0 0 
1 0 0 
1 0 0 
1 0 0 
1 0 0 
1 0 0 
1 0 0 
1 0 0 
1 0 0 
1 0 0 
1 0 0 
1 0 0 
1 0 0 
1 0 0 
1 0 0 
1 0 0 
1 0 0 
1 0 0 
1 0 0 
1 0 0 
1 0 0 
1 0 0 
1 0 0 
1 0 0 
1 0 0 
1 0 0 
1 0 0 
1 0 0 
1 0 0 
1 0 0 
1 0 0 
1 0 0 
1 0 0 
1 0 0 
1 0 0 
1 0 0 
1 0 0 
1 0 0 
1 0 0 
1 0 0 
1 0 0 
1 0 0 
1 0 0 
1 0 0 
1 0 0 
1 0 0 
1 0 0 
1 0 0 
1 0 0 
1 0 0 
1 0 0 
1 0 0 
1 0 0 
1 0 0 
1 0 0 
1 0 0 
1 0 0 
1 0 0 
1 0 0 
1 0 0 
1 0 0 
1 0 0 
1 0 0 
1 0 0 
1 0 0 
1 0 0 
1 0 0 
1 0 0 
1 0 0 
1 0 0 
1 0 0 
1 0 0 
1 0 0 
1 0 0 
1 0 0 
1 0 0 
1 0 0 
1 0 0 
1 0 0 
1 0 0 
1 0 0 
1 0 0 
1 0 0 
1 0 0 
1 0 0 
1 0 0 
1 0 0 
1 0 0 
1 0 0 
1 0 0 
1 0 0 
1 0 0 
1 0 0 
1 0 0 
1 0 0 
1 0 0 
1 0 0 
1 0 0 
1 0 0 
1 0 0 
1 0 0 
1 0 0 
1 0 0 
1 0 0 
1 0 0 
1 0 0 
1 0 0 
1 0 0 
1 0 0 
1 0 0 
1 0 0 
1 0 0 
1 0 0 
1 0 0 
1 0 0 
1 0 0 
1 0 0 
1 0 0 
1 0 0 
1 0 0 
1 0 0 
1 0 0 
1 0 0 
1 0 0 
1 0 0 
1 0 0 
1 0 0 
1 0 0 
1 0 0 
1 0 0 
1 0 0 
1 0 0 
1 0 0 
1 0 0 
1 0 0 
1 0 0 
1 0 0 
1 0 0 
1 0 0 
1 0 0 
1 0 0 
1 0 0 
1 0 0 
1 0 0 
1 0 0 
1 0 0 
1 0 0 
1 0 0 
1 0 0 
1 0 0 
1 0 0 
1 0 0 
1 0 0 
1 0 0 
1 0 0 
1 0 0 
1 0 0 
1 0 0 
1 0 0 
1 0 0 
1 0 0 
1 0 0 
1 0 0 
1 0 0 
1 0 0 
1 0 0 
1 0 0 
1 0 0 
1 0 0 
1 0 0 
1 0 0 
1 0 0 
1 0 0 
1 0 0 
1 0 0 
1 0 0 
1 0 0 
1 0 0 
1 0 0 
1 0 0 
1 0 0 
1 0 0 
1 0 0 
1 0 0 
1 0 0 
1 0 0 
1 0 0 
1 0 0 
1 0 0 
1 0 0 
1 0 0 
1 0 0 
1 0 0 
1 0 0 
1 0 0 
1 0 0 
1 0 0 
1 0 0 
1 0 0 
1 0 0 
1 0 0 
1 0 0 
1 0 0 
1 0 0 
1 0 0 
1 0 0 
1 0 0 
1 0 0 
1 0 0 
1 0 0 
1 0 0 
1 0 0 
1 0 0 
1 0 0 
1 0 0 
1 0 0 
1 0 0 
1 0 0 
1 0 0 
1 0 0 
1 0 0 
1 0 0 
1 0 0 
1 0 0 
1 0 0 
1 0 0 
1 0 0 
1 0 0 
1 0 0 
1 0 0 
1 0 0 
1 0 0 
1 0 0 
1 0 0 
1 0 0 
1 0 0 
1 0 0 
1 0 0 
1 0 0 
1 0 0 
1 0 0 
1 0 0 
1 0 0 
1 0 0 
1 0 0 
1 0 0 
1 0 0 
1 0 0 
1 0 0 
1 0 0 
1 0 0 
1 0 0 
1 0 0 
1 0 0 
1 0 0 
1 0 0 
1 0 0 
1 0 0 
1 0 0 
1 0 0 
1 0 0 
1 0 0 
1 0 0 
1 0 0 
1 0 0 
1 0 0 
1 0 0 
1 0 0 
1 0 0 
1 0 0 
1 0 0 
1 0 0 
1 0 0 
1 0 0 
1 0 0 
1 0 0 
1 0 0 
1 0 0 
1 0 0 
1 0 0 
1 0 0 
1 0 0 
1 0 0 
1 0 0 
1 0 0 
1 0 0 
1 0 0 
1 0 0 
1 0 0 
1 0 0 
1 0 0 
1 0 0 
1 0 0 
1 0 0 
1 0 0 
1 0 0 
1 0 0 
1 0 0 
1 0 0 
1 0 0 
1 0 0 
1 0 0 
1 0 0 
1 0 0 
1 0 0 
1 0 0 
1 0 0 
1 0 0 
1 0 0 
1 0 0 
1 0 0 
1 0 0 
1 0 0 
1 0 0 
1 0 0 
1 0 0 
1 0 0 
1 0 0 
1 0 0 
1 0 0 
1 0 0 
1 0 0 
1 0 0 
1 0 0 
1 0 0 
1 0 0 
1 0 0 
1 0 0 
1 0 0 
1 0 0 
1 0 0 
1 0 0 
1 0 0 
1 0 0 
1 0 0 
1 0 0 
1 0 0 
1 0 0 
1 0 0 
1 0 0 
1 0 0 
1 0 0 
1 0 0 
1 0 0 
1 0 0 
1 0 0 
1 0 0 
1 0 0 
1 0 0 
1 0 0 
1 0 0 
1 0 0 
1 0 0 
1 0 0 
1 0 0 
1 0 0 
1 0 0 
1 0 0 
1 0 0 
1 0 0 
1 0 0 
1 0 0 
1 0 0 
1 0 0 
1 0 0 
1 0 0 
1 0 0 
1 0 0 
1 0 0 
1 0 0 
1 0 0 
1 0 0 
1 0 0 
1 0 0 
1 0 0 
1 0 0 
1 0 0 
1 0 0 
1 0 0 
1 0 0 
1 0 0 
1 0 0 
1 0 0 
1 0 0 
1 0 0 
1 0 0 
1 0 0 
1 0 0 
1 0 0 
1 0 0 
1 0 0 
1 0 0 
1 0 0 
1 0 0 
1 0 0 
1 0 0 
1 0 0 
1 0 0 
1 0 0 
1 0 0 
1 0 0 
1 0 0 
1 0 0 
1 0 0 
1 0 0 
1 0 0 
1 0 0 
1 0 0 
1 0 0 
1 0 0 
1 0 0 
1 0 0 
1 0 0 
1 0 0 
1 0 0 
1 0 0 
1 0 0 
1 0 0 
1 0 0 
1 0 0 
1 0 0 
1 0 0 
1 0 0 
1 0 0 
1 0 0 
1 0 0 
1 0 0 
1 0 0 
1 0 0 
1 0 0 
1 0 0 
1 0 0 
1 0 0 
1 0 0 
1 0 0 
1 0 0 
1 0 0 
1 0 0 
1 0 0 
1 0 0 
1 0 0 
1 0 0 
1 0 0 
1 0 0 
1 0 0 
1 0 0 
1 0 0 
1 0 0 
1 0 0 
1 0 0 
1 0 0 
1 0 0 
1 0 0 
1 0 0 
1 0 0 
1 0 0 
1 0 0 
1 0 0 
1 0 0 
1 0 0 
1 0 0 
1 0 0 
1 0 0 
1 0 0 
1 0 0 
1 0 0 
1 0 0 
1 0 0 
1 0 0 
1 0 0 
1 0 0 
1 0 0 
1 0 0 
1 0 0 
1 0 0 
1 0 0 
1 0 0 
1 0 0 
1 0 0 
1 0 0 
1 0 0 
1 0 0 
1 0 0 
1 0 0 
1 0 0 
1 0 0 
1 0 0 
1 0 0 
1 0 0 
1 0 0 
1 0 0 
1 0 0 
1 0 0 
1 0 0 
1 0 0 
1 0 0 
1 0 0 
1 0 0 
1 0 0 
1 0 0 
1 0 0 
1 0 0 
1 0 0 
1 0 0 
1 0 0 
1 0 0 
1 0 0 
1 0 0 
1 0 0 
1 0 0 
1 0 0 
1 0 0 
1 0 0 
1 0 0 
1 0 0 
1 0 0 
1 0 0 
1 0 0 
1 0 0 
1 0 0 
1 0 0 
1 0 0 
1 0 0 
1 0 0 
1 0 0 
1 0 0 
1 0 0 
1 0 0 
1 0 0 
1 0 0 
1 0 0 
1 0 0 
1 0 0 
1 0 0 
1 0 0 
1 0 0 
1 0 0 
1 0 0 
1 0 0 
1 0 0 
1 0 0 
1 0 0 
1 0 0 
1 0 0 
1 0 0 
1 0 0 
1 0 0 
1 0 0 
1 0 0 
1 0 0 
1 0 0 
1 0 0 
1 0 0 
1 0 0 
1 0 0 
1 0 0 
1 0 0 
1 0 0 
1 0 0 
1 0 0 
1 0 0 
1 0 0 
1 0 0 
1 0 0 
1 0 0 
1 0 0 
1 0 0 
1 0 0 
1 0 0 
1 0 0 
1 0 0 
1 0 0 
1 0 0 
1 0 0 
1 0 0 
1 0 0 
1 0 0 
1 0 0 
1 0 0 
1 0 0 
1 0 0 
1 0 0 
1 0 0 
1 0 0 
1 0 0 
1 0 0 
1 0 0 
1 0 0 
1 0 0 
1 0 0 
1 0 0 
1 0 0 
1 0 0 
1 0 0 
1 0 0 
1 0 0 
1 0 0 
1 0 0 
1 0 0 
1 0 0 
1 0 0 
1 0 0 
1 0 0 
1 0 0 
1 0 0 
1 0 0 
1 0 0 
1 0 0 
1 0 0 
1 0 0 
1 0 0 
1 0 0 
1 0 0 
1 0 0 
1 0 0 
1 0 0 
1 0 0 
1 0 0 
1 0 0 
1 0 0 
1 0 0 
1 0 0 
1 0 0 
1 0 0 
1 0 0 
1 0 0 
1 0 0 
1 0 0 
1 0 0 
1 0 0 
1 0 0 
1 0 0 
1 0 0 
1 0 0 
1 0 0 
1 0 0 
1 0 0 
1 0 0 
1 0 0 
1 0 0 
1 0 0 
1 0 0 
1 0 0 
1 0 0 
1 0 0 
1 0 0 
1 0 0 
1 0 0 
1 0 0 
1 0 0 
1 0 0 
1 0 0 
1 0 0 
1 0 0 
1 0 0 
1 0 0 
1 0 0 
1 0 0 
1 0 0 
1 0 0 
1 0 0 
1 0 0 
1 0 0 
1 0 0 
1 0 0 
1 0 0 
1 0 0 
1 0 0 
1 0 0 
1 0 0 
1 0 0 
1 0 0 
1 0 0 
1 0 0 
1 0 0 
1 0 0 
1 0 0 
1 0 0 
1 0 0 
1 0 0 
1 0 0 
1 0 0 
1 0 0 
1 0 0 
1 0 0 
1 0 0 
1 0 0 
1 0 0 
1 0 0 
1 0 0 
1 0 0 
1 0 0 
1 0 0 
1 0 0 
1 0 0 
1 0 0 
1 0 0 
1 0 0 
1 0 0 
1 0 0 
1 0 0 
1 0 0 
1 0 0 
1 0 0 
1 0 0 
1 0 0 
1 0 0 
1 0 0 
1 0 0 
1 0 0 
1 0 0 
1 0 0 
1 0 0 
1 0 0 
1 0 0 
1 0 0 
1 0 0 
1 0 0 
1 0 0 
1 0 0 
1 0 0 
1 0 0 
1 0 0 
1 0 0 
1 0 0 
1 0 0 
1 0 0 
1 0 0 
1 0 0 
1 0 0 
1 0 0 
1 0 0 
1 0 0 
1 0 0 
1 0 0 
1 0 0 
1 0 0 
1 0 0 
1 0 0 
1 0 0 
1 0 0 
1 0 0 
1 0 0 
1 0 0 
1 0 0 
1 0 0 
1 0 0 
1 0 0 
1 0 0 
1 0 0 
1 0 0 
1 0 0 
1 0 0 
1 0 0 
1 0 0 
1 0 0 
1 0 0 
1 0 0 
1 0 0 
1 0 0 
1 0 0 
1 0 0 
1 0 0 
1 0 0 
1 0 0 
1 0 0 
1 0 0 
1 0 0 
1 0 0 
1 0 0 
1 0 0 
1 0 0 
1 0 0 
1 0 0 
1 0 0 
1 0 0 
1 0 0 
1 0 0 
1 0 0 
1 0 0 
1 0 0 
1 0 0 
1 0 0 
1 0 0 
1 0 0 
1 0 0 
1 0 0 
1 0 0 
1 0 0 
1 0 0 
1 0 0 
1 0 0 
1 0 0 
1 0 0 
1 0 0 
1 0 0 
1 0 0 
1 0 0 
1 0 0 
1 0 0 
1 0 0 
1 0 0 
1 0 0 
1 0 0 
1 0 0 
1 0 0 
1 0 0 
1 0 0 
1 0 0 
1 0 0 
1 0 0 
1 0 0 
1 0 0 
1 0 0 
1 0 0 
1 0 0 
1 0 0 
1 0 0 
1 0 0 
1 0 0 
1 0 0 
1 0 0 
1 0 0 
1 0 0 
1 0 0 
1 0 0 
1 0 0 
1 0 0 
1 0 0 
1 0 0 
1 0 0 
1 0 0 
1 0 0 
1 0 0 
1 0 0 
1 0 0 
1 0 0 
1 0 0 
1 0 0 
1 0 0 
1 0 0 
1 0 0 
1 0 0 
1 0 0 
1 0 0 
1 0 0 
1 0 0 
1 0 0 
1 0 0 
1 0 0 
1 0 0 
1 0 0 
1 0 0 
1 0 0 
1 0 0 
1 0 0 
1 0 0 
1 0 0 
1 0 0 
1 0 0 
1 0 0 
1 0 0 
1 0 0 
1 0 0 
1 0 0 
1 0 0 
1 0 0 
1 0 0 
1 0 0 
1 0 0 
1 0 0 
1 0 0 
1 0 0 
1 0 0 
1 0 0 
1 0 0 
1 0 0 
1 0 0 
1 0 0 
1 0 0 
1 0 0 
1 0 0 
1 0 0 
1 0 0 
1 0 0 
1 0 0 
1 0 0 
1 0 0 
1 0 0 
1 0 0 
1 0 0 
1 0 0 
1 0 0 
1 0 0 
1 0 0 
1 0 0 
1 0 0 
1 0 0 
1 0 0 
1 0 0 
1 0 0 
1 0 0 
1 0 0 
1 0 0 
1 0 0 
1 0 0 
1 0 0 
1 0 0 
1 0 0 
1 0 0 
1 0 0 
1 0 0 
1 0 0 
1 0 0 
1 0 0 
1 0 0 
1 0 0 
1 0 0 
1 0 0 
1 0 0 
1 0 0 
1 0 0 
1 0 0 
1 0 0 
1 0 0 
1 0 0 
1 0 0 
1 0 0 
1 0 0 
1 0 0 
1 0 0 
1 0 0 
1 0 0 
1 0 0 
1 0 0 
1 0 0 
1 0 0 
1 0 0 
1 0 0 
1 0 0 
1 0 0 
1 0 0 
1 0 0 
1 0 0 
1 0 0 
1 0 0 
1 0 0 
1 0 0 
1 0 0 
1 0 0 
1 0 0 
1 0 0 
1 0 0 
1 0 0 
1 0 0 
1 0 0 
1 0 0 
1 0 0 
1 0 0 
1 0 0 
1 0 0 
1 0 0 
1 0 0 
1 0 0 
1 0 0 
1 0 0 
1 0 0 
1 0 0 
1 0 0 
1 0 0 
1 0 0 
1 0 0 
1 0 0 
1 0 0 
1 0 0 
1 0 0 
1 0 0 
1 0 0 
1 0 0 
1 0 0 
1 0 0 
1 0 0 
1 0 0 
1 0 0 
1 0 0 
1 0 0 
1 0 0 
1 0 0 
1 0 0 
1 0 0 
1 0 0 
1 0 0 
1 0 0 
1 0 0 
1 0 0 
1 0 0 
1 0 0 
1 0 0 
1 0 0 
1 0 0 
1 0 0 
1 0 0 
1 0 0 
1 0 0 
1 0 0 
1 0 0 
1 0 0 
1 0 0 
1 0 0 
1 0 0 
1 0 0 
1 0 0 
1 0 0 
1 0 0 
1 0 0 
1 0 0 
1 0 0 
1 0 0 
1 0 0 
1 0 0 
1 0 0 
1 0 0 
1 0 0 
1 0 0 
1 0 0 
1 0 0 
1 0 0 
1 0 0 
1 0 0 
1 0 0 
1 0 0 
1 0 0 
1 0 0 
1 0 0 
1 0 0 
1 0 0 
1 0 0 
1 0 0 
1 0 0 
1 0 0 
1 0 0 
1 0 0 
1 0 0 
1 0 0 
1 0 0 
1 0 0 
1 0 0 
1 0 0 
1 0 0 
1 0 0 
1 0 0 
1 0 0 
1 0 0 
1 0 0 
1 0 0 
1 0 0 
1 0 0 
1 0 0 
1 0 0 
1 0 0 
1 0 0 
1 0 0 
1 0 0 
1 0 0 
1 0 0 
1 0 0 
1 0 0 
1 0 0 
1 0 0 
1 0 0 
1 0 0 
1 0 0 
1 0 0 
1 0 0 
1 0 0 
1 0 0 
1 0 0 
1 0 0 
1 0 0 
1 0 0 
1 0 0 
1 0 0 
1 0 0 
1 0 0 
1 0 0 
1 0 0 
1 0 0 
1 0 0 
1 0 0 
1 0 0 
1 0 0 
1 0 0 
1 0 0 
1 0 0 
1 0 0 
1 0 0 
1 0 0 
1 0 0 
1 0 0 
1 0 0 
1 0 0 
1 0 0 
1 0 0 
1 0 0 
1 0 0 
1 0 0 
1 0 0 
1 0 0 
1 0 0 
1 0 0 
1 0 0 
1 0 0 
1 0 0 
1 0 0 
1 0 0 
1 0 0 
1 0 0 
1 0 0 
1 0 0 
1 0 0 
1 0 0 
1 0 0 
1 0 0 
1 0 0 
1 0 0 
1 0 0 
1 0 0 
1 0 0 
1 0 0 
1 0 0 
1 0 0 
1 0 0 
1 0 0 
1 0 0 
1 0 0 
1 0 0 
1 0 0 
1 0 0 
1 0 0 
1 0 0 
1 0 0 
1 0 0 
1 0 0 
1 0 0 
1 0 0 
1 0 0 
1 0 0 
1 0 0 
1 0 0 
1 0 0 
1 0 0 
1 0 0 
1 0 0 
1 0 0 
1 0 0 
1 0 0 
1 0 0 
1 0 0 
1 0 0 
1 0 0 
1 0 0 
1 0 0 
1 0 0 
1 0 0 
1 0 0 
1 0 0 
1 0 0 
1 0 0 
1 0 0 
1 0 0 
1 0 0 
1 0 0 
1 0 0 
1 0 0 
1 0 0 
1 0 0 
1 0 0 
1 0 0 
1 0 0 
1 0 0 
1 0 0 
1 0 0 
1 0 0 
1 0 0 
1 0 0 
1 0 0 
1 0 0 
1 0 0 
1 0 0 
1 0 0 
1 0 0 
1 0 0 
1 0 0 
1 0 0 
1 0 0 
1 0 0 
1 0 0 
1 0 0 
1 0 0 
1 0 0 
1 0 0 
1 0 0 
1 0 0 
1 0 0 
1 0 0 
1 0 0 
1 0 0 
1 0 0 
1 0 0 
1 0 0 
1 0 0 
1 0 0 
1 0 0 
1 0 0 
1 0 0 
1 0 0 
1 0 0 
1 0 0 
1 0 0 
1 0 0 
1 0 0 
1 0 0 
1 0 0 
1 0 0 
1 0 0 
1 0 0 
1 0 0 
1 0 0 
1 0 0 
1 0 0 
1 0 0 
1 0 0 
1 0 0 
1 0 0 
1 0 0 
1 0 0 
1 0 0 
1 0 0 
1 0 0 
1 0 0 
1 0 0 
1 0 0 
1 0 0 
1 0 0 
1 0 0 
1 0 0 
1 0 0 
1 0 0 
1 0 0 
1 0 0 
1 0 0 
1 0 0 
