2 0 0 
2 0 0 
2 0 0 
2 0 0 
2 0 0 
2 0 0 
2 0 0 
2 0 0 
2 0 0 
2 0 0 
2 0 0 
2 0 0 
2 0 0 
2 0 0 
2 0 0 
2 0 0 
2 0 0 
2 0 0 
2 0 0 
2 0 0 
2 0 0 
2 0 0 
2 0 0 
2 0 0 
2 0 0 
2 0 0 
2 0 0 
2 0 0 
2 0 0 
2 0 0 
2 0 0 
2 0 0 
2 0 0 
2 0 0 
2 0 0 
2 0 0 
2 0 0 
2 0 0 
2 0 0 
2 0 0 
2 0 0 
2 0 0 
2 0 0 
2 0 0 
2 0 0 
2 0 0 
2 0 0 
2 0 0 
2 0 0 
2 0 0 
2 0 0 
2 0 0 
2 0 0 
2 0 0 
2 0 0 
2 0 0 
2 0 0 
2 0 0 
2 0 0 
2 0 0 
2 0 0 
2 0 0 
2 0 0 
2 0 0 
2 0 0 
2 0 0 
2 0 0 
2 0 0 
2 0 0 
2 0 0 
2 0 0 
2 0 0 
2 0 0 
2 0 0 
2 0 0 
2 0 0 
2 0 0 
2 0 0 
2 0 0 
2 0 0 
2 0 0 
2 0 0 
2 0 0 
2 0 0 
2 0 0 
2 0 0 
2 0 0 
2 0 0 
2 0 0 
2 0 0 
2 0 0 
2 0 0 
2 0 0 
2 0 0 
2 0 0 
2 0 0 
2 0 0 
2 0 0 
2 0 0 
2 0 0 
2 0 0 
2 0 0 
2 0 0 
2 0 0 
2 0 0 
2 0 0 
2 0 0 
2 0 0 
2 0 0 
2 0 0 
2 0 0 
2 0 0 
2 0 0 
2 0 0 
2 0 0 
2 0 0 
2 0 0 
2 0 0 
2 0 0 
2 0 0 
2 0 0 
2 0 0 
2 0 0 
2 0 0 
2 0 0 
2 0 0 
2 0 0 
2 0 0 
2 0 0 
2 0 0 
2 0 0 
2 0 0 
2 0 0 
2 0 0 
2 0 0 
2 0 0 
2 0 0 
2 0 0 
2 0 0 
2 0 0 
2 0 0 
2 0 0 
2 0 0 
2 0 0 
2 0 0 
2 0 0 
2 0 0 
2 0 0 
2 0 0 
2 0 0 
2 0 0 
2 0 0 
2 0 0 
2 0 0 
2 0 0 
2 0 0 
2 0 0 
2 0 0 
2 0 0 
2 0 0 
2 0 0 
2 0 0 
2 0 0 
2 0 0 
2 0 0 
2 0 0 
2 0 0 
2 0 0 
2 0 0 
2 0 0 
2 0 0 
2 0 0 
2 0 0 
2 0 0 
2 0 0 
2 0 0 
2 0 0 
2 0 0 
2 0 0 
2 0 0 
2 0 0 
2 0 0 
2 0 0 
2 0 0 
2 0 0 
2 0 0 
2 0 0 
2 0 0 
2 0 0 
2 0 0 
2 0 0 
2 0 0 
2 0 0 
2 0 0 
2 0 0 
2 0 0 
2 0 0 
2 0 0 
2 0 0 
2 0 0 
2 0 0 
2 0 0 
2 0 0 
2 0 0 
2 0 0 
2 0 0 
2 0 0 
2 0 0 
2 0 0 
2 0 0 
2 0 0 
2 0 0 
2 0 0 
2 0 0 
2 0 0 
2 0 0 
2 0 0 
2 0 0 
2 0 0 
2 0 0 
2 0 0 
2 0 0 
2 0 0 
2 0 0 
2 0 0 
2 0 0 
2 0 0 
2 0 0 
2 0 0 
2 0 0 
2 0 0 
2 0 0 
2 0 0 
2 0 0 
2 0 0 
2 0 0 
2 0 0 
2 0 0 
2 0 0 
2 0 0 
2 0 0 
2 0 0 
2 0 0 
2 0 0 
2 0 0 
2 0 0 
2 0 0 
2 0 0 
2 0 0 
2 0 0 
2 0 0 
2 0 0 
2 0 0 
2 0 0 
2 0 0 
2 0 0 
2 0 0 
2 0 0 
2 0 0 
2 0 0 
2 0 0 
2 0 0 
2 0 0 
2 0 0 
2 0 0 
2 0 0 
2 0 0 
2 0 0 
2 0 0 
2 0 0 
2 0 0 
2 0 0 
2 0 0 
2 0 0 
2 0 0 
2 0 0 
2 0 0 
2 0 0 
2 0 0 
2 0 0 
2 0 0 
2 0 0 
2 0 0 
2 0 0 
2 0 0 
2 0 0 
2 0 0 
2 0 0 
2 0 0 
2 0 0 
2 0 0 
2 0 0 
2 0 0 
2 0 0 
2 0 0 
2 0 0 
2 0 0 
2 0 0 
2 0 0 
2 0 0 
2 0 0 
2 0 0 
2 0 0 
2 0 0 
2 0 0 
2 0 0 
2 0 0 
2 0 0 
2 0 0 
2 0 0 
2 0 0 
2 0 0 
2 0 0 
2 0 0 
2 0 0 
2 0 0 
2 0 0 
2 0 0 
2 0 0 
2 0 0 
2 0 0 
2 0 0 
2 0 0 
2 0 0 
2 0 0 
2 0 0 
2 0 0 
2 0 0 
2 0 0 
2 0 0 
2 0 0 
2 0 0 
2 0 0 
2 0 0 
2 0 0 
2 0 0 
2 0 0 
2 0 0 
2 0 0 
2 0 0 
2 0 -8.01198e-52 
2 0 0 
2 0 0 
2 0 0 
2 0 0 
2 0 0 
2 0 0 
2 0 0 
2 0 0 
2 0 0 
2 0 0 
2 0 0 
2 0 0 
2 0 0 
2 0 0 
2 0 0 
2 0 0 
2 0 0 
2 0 0 
2 0 8.01198e-52 
2 0 -2.47845e-48 
2 0 -2.61384e-68 
2 0 0 
2 0 0 
2 0 0 
2 0 0 
2 0 0 
2 0 0 
2 0 0 
2 0 0 
2 0 0 
2 0 0 
2 0 0 
2 0 0 
2 0 0 
2 0 0 
2 0 0 
2 0 0 
2 0 6.5346e-69 
2 0 2.47845e-48 
2 0 -2.60043e-43 
2 0 -1.9214e-64 
2 0 0 
2 0 0 
2 0 0 
2 0 0 
2 0 0 
2 0 0 
2 0 0 
2 0 0 
2 0 0 
2 0 0 
2 0 0 
2 0 0 
2 0 0 
2 0 0 
2 0 0 
2 0 0 
2 0 7.52388e-65 
2 0 2.60043e-43 
2 0 -9.30097e-40 
2 0 -6.81485e-61 
2 0 2.48071e-66 
2 0 0 
2 0 0 
2 0 0 
2 0 0 
2 0 0 
2 0 0 
2 0 0 
2 0 0 
2 0 0 
2 0 0 
2 0 0 
2 0 0 
2 0 0 
2 0 0 
2 0 0 
2 0 2.82462e-61 
2 0 9.30097e-40 
2 0 -1.16485e-37 
2 0 -1.32382e-57 
2 0 1.26577e-62 
2 0 0 
2 0 0 
2 0 0 
2 0 0 
2 0 0 
2 0 0 
2 0 0 
2 0 0 
2 0 0 
2 0 0 
2 0 0 
2 0 0 
2 0 0 
2 0 0 
2 0 0 
2 0 5.30223e-58 
2 0 1.16485e-37 
2 0 7.72871e-35 
2 0 -1.59745e-54 
2 0 2.96999e-59 
2 0 2.08859e-62 
2 0 0 
2 0 0 
2 0 0 
2 0 0 
2 0 0 
2 0 0 
2 0 0 
2 0 0 
2 0 0 
2 0 0 
2 0 0 
2 0 0 
2 0 0 
2 0 -1.75994e-67 
2 0 6.59876e-55 
2 0 -7.72871e-35 
2 0 6.11246e-32 
2 0 -1.3038e-51 
2 0 4.26679e-56 
2 0 8.68487e-59 
2 0 0 
2 0 0 
2 0 0 
2 0 0 
2 0 0 
2 0 0 
2 0 0 
2 0 0 
2 0 0 
2 0 0 
2 0 0 
2 0 0 
2 0 0 
2 0 -7.55281e-59 
2 0 6.04184e-52 
2 0 -6.11246e-32 
2 0 2.15437e-29 
2 0 -7.59931e-49 
2 0 4.20982e-53 
2 0 1.67804e-55 
2 0 0 
2 0 0 
2 0 0 
2 0 0 
2 0 0 
2 0 0 
2 0 0 
2 0 0 
2 0 0 
2 0 0 
2 0 0 
2 0 0 
2 0 0 
2 0 -2.87358e-55 
2 0 4.13404e-49 
2 0 -2.15437e-29 
2 0 3.66855e-27 
2 0 -3.27923e-46 
2 0 1.39136e-48 
2 0 1.998e-52 
2 0 0 
2 0 0 
2 0 0 
2 0 0 
2 0 0 
2 0 0 
2 0 0 
2 0 0 
2 0 0 
2 0 0 
2 0 0 
2 0 0 
2 0 -1.6728e-55 
2 0 -5.67203e-50 
2 0 2.10164e-46 
2 0 -3.66898e-27 
2 0 2.64563e-24 
2 0 -1.07676e-43 
2 0 -2.13261e-31 
2 0 1.63914e-49 
2 0 0 
2 0 0 
2 0 0 
2 0 0 
2 0 0 
2 0 0 
2 0 0 
2 0 0 
2 0 0 
2 0 0 
2 0 0 
2 0 0 
2 0 -7.83755e-52 
2 0 2.13261e-31 
2 0 7.97058e-44 
2 0 -2.64648e-24 
2 0 1.62535e-21 
2 0 -2.7754e-41 
2 0 -3.5723e-28 
2 0 9.81262e-47 
2 0 0 
2 0 0 
2 0 0 
2 0 0 
2 0 0 
2 0 0 
2 0 0 
2 0 0 
2 0 0 
2 0 0 
2 0 0 
2 0 0 
2 0 -2.51219e-48 
2 0 3.5723e-28 
2 0 2.31352e-41 
2 0 -2.39918e-21 
2 8.74072e-16 2.24986e-18 
2 8.74072e-16 -5.36301e-39 
2 8.74072e-16 -2.40457e-25 
2 8.74072e-16 4.4277e-44 
2 8.74072e-16 7.90207e-50 
2 8.74072e-16 0 
2 8.74072e-16 0 
2 8.74072e-16 0 
2 8.74072e-16 0 
2 8.74072e-16 0 
2 8.74072e-16 0 
2 8.74072e-16 0 
2 8.74072e-16 0 
2 8.74072e-16 0 
2 8.74072e-16 0 
2 8.74072e-16 -4.85597e-49 
2 8.74072e-16 -4.51341e-45 
2 8.74072e-16 2.40457e-25 
2 8.74072e-16 5.54313e-39 
2 8.74072e-16 -2.5095e-18 
2 3.55386e-14 3.41626e-16 
2 3.55386e-14 -2.01214e-25 
2 3.55386e-14 -8.16926e-23 
2 3.55386e-14 1.53406e-41 
2 3.55386e-14 2.43108e-46 
2 3.55386e-14 0 
2 3.55386e-14 0 
2 3.55386e-14 0 
2 3.55386e-14 0 
2 3.55386e-14 0 
2 3.55386e-14 0 
2 3.55386e-14 0 
2 3.55386e-14 0 
2 3.55386e-14 0 
2 3.55386e-14 0 
2 3.55386e-14 -1.81998e-45 
2 3.55386e-14 -4.82024e-42 
2 3.55386e-14 8.16926e-23 
2 3.55386e-14 3.2302e-37 
2 3.55386e-14 -3.41575e-16 
2 1.53999e-12 -6.68228e-16 
2 1.53999e-12 -9.05749e-18 
2 1.53997e-12 -1.42065e-20 
2 1.53997e-12 4.12569e-39 
2 1.53997e-12 3.38212e-43 
2 1.53997e-12 0 
2 1.53997e-12 0 
2 1.53997e-12 0 
2 1.53997e-12 0 
2 1.53997e-12 0 
2 1.53997e-12 0 
2 1.53997e-12 0 
2 1.53997e-12 0 
2 1.53997e-12 0 
2 1.53997e-12 0 
2 1.53997e-12 -2.99222e-42 
2 1.53997e-12 -3.31431e-39 
2 1.53997e-12 1.42065e-20 
2 1.53999e-12 9.05728e-18 
2 1.53999e-12 3.40645e-16 
2 5.18487e-11 4.26577e-18 
2 5.18483e-11 -9.12881e-18 
2 5.18483e-11 -1.07887e-18 
2 5.18483e-11 8.71644e-37 
2 5.18483e-11 2.83572e-40 
2 5.18483e-11 1.64232e-52 
2 5.18483e-11 0 
2 5.18483e-11 0 
2 5.18483e-11 0 
2 5.18483e-11 0 
2 5.18483e-11 0 
2 5.18483e-11 0 
2 5.18483e-11 0 
2 5.18483e-11 0 
2 5.18483e-11 0 
2 5.18483e-11 -2.86558e-39 
2 5.18483e-11 -1.54445e-36 
2 5.18483e-11 1.07887e-18 
2 5.18483e-11 9.05728e-18 
2 5.18483e-11 4.93086e-18 
2 1.35799e-09 1.22627e-16 
2 1.35799e-09 -8.77266e-18 
2 1.35799e-09 -1.60054e-17 
2 1.35799e-09 1.50165e-34 
2 1.35799e-09 1.62521e-37 
2 1.35799e-09 5.40353e-49 
2 1.35799e-09 0 
2 1.35799e-09 0 
2 1.35799e-09 0 
2 1.35799e-09 0 
2 1.35799e-09 0 
2 1.35799e-09 0 
2 1.35799e-09 0 
2 1.35799e-09 0 
2 1.35799e-09 0 
2 1.35799e-09 -1.78154e-36 
2 1.35799e-09 -5.01475e-34 
2 1.35799e-09 1.60054e-17 
2 1.35799e-09 -4.33194e-31 
2 1.35799e-09 -7.05523e-17 
2 2.78219e-08 -7.88299e-17 
2 2.78219e-08 -8.07135e-17 
2 2.78219e-08 -8.76801e-17 
2 2.78219e-08 2.36643e-32 
2 2.78219e-08 6.91455e-35 
2 2.78219e-08 8.08569e-46 
2 2.78219e-08 0 
2 2.78219e-08 0 
2 2.78219e-08 0 
2 2.78219e-08 0 
2 2.78219e-08 0 
2 2.78219e-08 0 
2 2.78219e-08 0 
2 2.78219e-08 0 
2 2.78219e-08 0 
2 2.78219e-08 -7.55787e-34 
2 2.78219e-08 -1.14718e-31 
2 2.78219e-08 8.76801e-17 
2 2.78219e-08 -2.99578e-29 
2 2.78219e-08 -2.08294e-16 
2 4.49862e-07 5.88183e-17 
2 4.49862e-07 2.08673e-16 
2 4.49862e-07 -1.46132e-16 
2 4.49862e-07 4.04827e-30 
2 4.49862e-07 2.31672e-32 
2 4.49862e-07 3.90296e-42 
2 4.49862e-07 0 
2 4.49862e-07 0 
2 4.49862e-07 0 
2 4.49862e-07 0 
2 4.49862e-07 0 
2 4.49862e-07 0 
2 4.49862e-07 0 
2 4.49862e-07 0 
2 4.49862e-07 0 
2 4.49862e-07 -2.23152e-31 
2 4.49862e-07 -1.84885e-29 
2 4.49862e-07 1.46299e-16 
2 4.49862e-07 -1.48452e-27 
2 4.49862e-07 -1.14976e-16 
2 5.796e-06 -1.29452e-16 
2 5.796e-06 -1.54664e-16 
2 5.796e-06 -8.95931e-17 
2 5.796e-06 7.30491e-28 
2 5.796e-06 6.24973e-30 
2 5.796e-06 8.47793e-39 
2 5.796e-06 0 
2 5.796e-06 0 
2 5.796e-06 0 
2 5.796e-06 0 
2 5.796e-06 0 
2 5.796e-06 0 
2 5.796e-06 0 
2 5.796e-06 0 
2 5.796e-06 0 
2 5.796e-06 -4.5774e-29 
2 5.796e-06 -2.09086e-27 
2 5.796e-06 8.76801e-17 
2 5.796e-06 -5.38598e-26 
2 5.796e-06 -8.08439e-18 
1.99999 5.99789e-05 -2.35521e-16 
1.99999 5.99789e-05 -5.5769e-16 
1.99999 5.99789e-05 -3.58476e-16 
1.99999 5.99789e-05 1.0915e-25 
1.99999 5.99789e-05 1.31822e-27 
1.99999 5.99789e-05 9.74818e-32 
1.99999 5.99789e-05 0 
1.99999 5.99789e-05 0 
1.99999 5.99789e-05 0 
1.99999 5.99789e-05 0 
1.99999 5.99789e-05 0 
1.99999 5.99789e-05 0 
1.99999 5.99789e-05 0 
1.99999 5.99789e-05 0 
1.99999 5.99789e-05 -9.74711e-32 
1.99999 5.99789e-05 -6.37597e-27 
1.99999 5.99789e-05 -1.66752e-25 
1.99999 5.99789e-05 1.60056e-17 
1.99999 5.99789e-05 -1.65049e-24 
1.99999 5.99789e-05 1.65268e-17 
1.99989 0.000501097 -8.73863e-17 
1.99989 0.000501097 -7.93971e-17 
1.99989 0.000501097 -3.07589e-18 
1.99989 0.000501097 1.11266e-23 
1.99989 0.000501097 2.02173e-25 
1.99989 0.000501097 4.5557e-28 
1.99989 0.000501097 1.77013e-42 
1.99989 0.000501097 0 
1.99989 0.000501097 0 
1.99989 0.000501097 0 
1.99989 0.000501097 0 
1.99989 0.000501097 0 
1.99989 0.000501097 0 
1.99989 0.000501097 0 
1.99989 0.000501097 -4.55561e-28 
1.99989 0.000501097 -5.74026e-25 
1.99989 0.000501097 -9.60147e-24 
1.99989 0.000501097 1.08029e-18 
1.99989 0.000501097 -7.1927e-23 
1.99989 0.000501097 1.15855e-17 
1.99924 0.00338473 -5.18822e-18 
1.99924 0.00338473 -4.29881e-19 
1.99924 0.00338473 -1.38277e-20 
1.99924 0.00338473 8.44763e-22 
1.99924 0.00338473 2.0301e-23 
1.99924 0.00338473 1.52663e-24 
1.99924 0.00338473 5.71048e-37 
1.99924 0.00338473 0 
1.99924 0.00338473 0 
1.99924 0.00338473 0 
1.99924 0.00338473 0 
1.99924 0.00338473 0 
1.99924 0.00338473 0 
1.99924 0.00338473 0 
1.99924 0.00338473 -1.52662e-24 
1.99924 0.00338473 -3.06494e-23 
1.99924 0.00338473 -3.94748e-22 
1.99924 0.00338473 1.27442e-20 
1.99924 0.00338473 -3.18066e-21 
1.99924 0.00338473 5.02168e-18 
1.99583 0.0184164 -1.99864e-17 
1.99583 0.0184164 -4.76623e-21 
1.99583 0.0184164 7.08243e-21 
1.99583 0.0184164 3.61424e-20 
1.99583 0.0184164 1.14013e-21 
1.99583 0.0184164 1.6585e-21 
1.99583 0.0184164 -6.31388e-32 
1.99583 0.0184164 0 
1.99583 0.0184164 0 
1.99583 0.0184164 0 
1.99583 0.0184164 0 
1.99583 0.0184164 0 
1.99583 0.0184164 0 
1.99583 0.0184164 0 
1.99583 0.0184164 -1.6585e-21 
1.99583 0.0184164 -8.83489e-22 
1.99583 0.0184164 -1.02469e-20 
1.99583 0.0184164 -8.42552e-20 
1.99583 0.0184164 2.07699e-20 
1.99583 0.0184164 1.76676e-17 
1.9818 0.0799587 -7.46979e-17 
1.9818 0.0799587 -4.84901e-19 
1.9818 0.0799587 -8.02147e-20 
1.9818 0.0799587 -3.87256e-19 
1.9818 0.0799587 2.77254e-20 
1.9818 0.0799587 6.72565e-19 
1.9818 0.0799587 -1.04154e-28 
1.9818 0.0799587 0 
1.9818 0.0799587 0 
1.9818 0.0799587 0 
1.9818 0.0799587 0 
1.9818 0.0799587 0 
1.9818 0.0799587 0 
1.9818 0.0799587 0 
1.9818 0.0799587 -6.72563e-19 
1.9818 0.0799587 -1.96921e-20 
1.9818 0.0799587 -2.53892e-19 
1.9818 0.0799587 -2.33915e-19 
1.9818 0.0799587 7.16282e-19 
1.9818 0.0799587 8.00867e-17 
1.93656 0.273526 -1.32212e-16 
1.93656 0.273526 -1.55128e-17 
1.93656 0.273526 -2.8178e-18 
1.93656 0.273526 -7.81661e-17 
1.93656 0.273526 6.93598e-19 
1.93656 0.273526 9.32179e-17 
1.93656 0.273526 -1.89225e-25 
1.93656 0.273526 -7.03636e-25 
1.93656 0.273526 0 
1.93656 0.273526 0 
1.93656 0.273526 0 
1.93656 0.273526 0 
1.93656 0.273526 7.03636e-25 
1.93656 0.273526 0 
1.93656 0.273526 -9.32156e-17 
1.93656 0.273526 -6.33004e-19 
1.93656 0.273526 -1.87332e-18 
1.93656 0.273526 1.01425e-17 
1.93656 0.273526 1.02425e-17 
1.93656 0.273526 2.40926e-16 
1.82269 0.727584 -1.21411e-16 
1.82269 0.727584 -1.04594e-16 
1.82269 0.727584 -1.93412e-17 
1.82269 0.727584 -5.8361e-16 
1.82269 0.727584 3.64075e-17 
1.82269 0.727584 2.86437e-16 
1.82269 0.727584 2.37102e-21 
1.82269 0.727584 -7.37706e-22 
1.82269 0.727584 0 
1.82269 0.727584 0 
1.82269 0.727584 0 
1.82269 0.727584 0 
1.82269 0.727584 7.37705e-22 
1.82269 0.727584 1.4941e-28 
1.82269 0.727584 -2.86147e-16 
1.82269 0.727584 -7.44835e-18 
1.82269 0.727584 2.09117e-18 
1.82269 0.727584 1.24735e-16 
1.82269 0.727584 4.18652e-16 
1.82269 0.727584 9.69303e-17 
1.69494 1.21521 5.40522e-16 
1.69494 1.21521 -3.72148e-16 
1.69494 1.21521 -1.0504e-17 
1.69494 1.21521 -2.23648e-16 
1.69494 1.21521 -2.75652e-16 
1.69494 1.21521 2.64722e-16 
1.69494 1.21521 6.31888e-18 
1.69494 1.21521 -2.7054e-19 
1.69494 1.21521 -2.28294e-21 
1.69494 1.21521 0 
1.69494 1.21521 0 
1.69494 1.21521 2.28294e-21 
1.69494 1.21521 2.68256e-19 
1.69494 1.21521 2.14602e-25 
1.69494 1.21521 -2.62761e-16 
1.69494 1.21521 -3.28108e-17 
1.69494 1.21521 4.72224e-17 
1.69494 1.21521 5.97188e-16 
1.69494 1.21521 3.64408e-16 
1.69494 1.21521 2.23684e-16 
1.58952 1.46432 1.2489e-16 
1.58952 1.46432 1.17087e-16 
1.58952 1.46432 -6.08697e-17 
1.58952 1.46432 -1.08544e-16 
1.58952 1.46432 -2.21003e-16 
1.58952 1.46432 1.62075e-16 
1.58952 1.46432 1.76527e-16 
1.58952 1.46432 -3.59069e-17 
1.58952 1.46432 -1.75761e-18 
1.58952 1.46432 0 
1.58952 1.46432 0 
1.58952 1.46432 1.75761e-18 
1.58952 1.46432 3.40066e-17 
1.58952 1.46432 1.20138e-22 
1.58952 1.46432 -1.81414e-16 
1.58952 1.46432 -1.94633e-16 
1.58952 1.46432 -2.79022e-17 
1.58952 1.46432 2.73674e-16 
1.58952 1.46432 1.1753e-16 
1.58952 1.46432 7.01686e-16 
1.53691 1.74521 -3.84311e-16 
1.53691 1.74521 -8.09898e-17 
1.53691 1.74521 3.68089e-16 
1.53691 1.74521 -3.30242e-17 
1.53691 1.74521 1.03629e-16 
1.53691 1.74521 6.71579e-17 
1.53691 1.74521 -1.78885e-16 
1.53691 1.74521 -2.68821e-16 
1.53691 1.74521 -1.73206e-16 
1.53691 1.74521 0 
1.53691 1.74521 0 
1.53691 1.74521 1.73205e-16 
1.53691 1.74521 9.03385e-17 
1.53691 1.74521 3.19773e-20 
1.53691 1.74521 5.20586e-19 
1.53691 1.74521 5.39256e-17 
1.53691 1.74521 2.03907e-16 
1.53691 1.74521 -6.18539e-17 
1.53691 1.74521 -1.85108e-16 
1.53691 1.74521 1.91147e-16 
1.49179 1.85591 -2.15115e-16 
1.49179 1.85591 1.99144e-18 
1.49179 1.85591 1.49873e-16 
1.49179 1.85591 1.0698e-16 
1.49179 1.85591 -4.48139e-17 
1.49179 1.85591 -4.61461e-18 
1.49179 1.85591 -6.63522e-17 
1.49179 1.85591 -2.35828e-16 
1.49179 1.85591 -1.35422e-17 
1.49179 1.85591 0 
1.49179 1.85591 0 
1.49179 1.85591 7.31853e-18 
1.49179 1.85591 2.33957e-16 
1.49179 1.85591 9.01856e-18 
1.49179 1.85591 -2.39857e-16 
1.49179 1.85591 1.68066e-16 
1.49179 1.85591 2.38578e-16 
1.49179 1.85591 -1.63175e-16 
1.49179 1.85591 -5.51932e-16 
1.49179 1.85591 -4.90566e-16 
1.45765 1.8313 8.60339e-17 
1.45765 1.8313 -1.28028e-17 
1.45765 1.8313 2.68373e-17 
1.45765 1.8313 7.92483e-17 
1.45765 1.8313 1.21126e-16 
1.45765 1.8313 -6.51246e-17 
1.45765 1.8313 3.09339e-17 
1.45765 1.8313 3.5929e-17 
1.45765 1.8313 -1.71553e-16 
1.45765 1.8313 -4.97618e-25 
1.45765 1.8313 0 
1.45765 1.8313 5.65728e-21 
1.45765 1.8313 1.75479e-16 
1.45765 1.8313 1.9867e-16 
1.45765 1.8313 -1.71695e-16 
1.45765 1.8313 -3.32933e-16 
1.45765 1.8313 -1.41634e-16 
1.45765 1.8313 -1.73192e-16 
1.45765 1.8313 -2.98098e-16 
1.45765 1.8313 -1.33468e-16 
1.44118 1.84993 7.76949e-17 
1.44118 1.84993 -3.65509e-17 
1.44118 1.84993 3.66203e-17 
1.44118 1.84993 3.25252e-16 
1.44118 1.84993 7.07475e-17 
1.44118 1.84993 -1.20701e-16 
1.44118 1.84993 -2.57242e-16 
1.44118 1.84993 2.88691e-16 
1.44118 1.84993 1.70617e-16 
1.44118 1.84993 -6.00991e-22 
1.44118 1.84993 0 
1.44118 1.84993 0 
1.44118 1.84993 -1.71314e-16 
1.44118 1.84993 -6.90674e-17 
1.44118 1.84993 -2.96692e-17 
1.44118 1.84993 -3.1766e-16 
1.44118 1.84993 -2.85544e-16 
1.44118 1.84993 -5.38922e-16 
1.44118 1.84993 -4.09242e-16 
1.44118 1.84993 1.231e-16 
1.45466 1.93509 -9.76717e-17 
1.45466 1.93509 -1.06852e-16 
1.45466 1.93509 -1.19131e-16 
1.45466 1.93509 -1.67107e-16 
1.45466 1.93509 1.17033e-16 
1.45466 1.93509 -3.12557e-17 
1.45466 1.93509 6.52333e-17 
1.45466 1.93509 1.49556e-16 
1.45466 1.93509 2.79601e-18 
1.45466 1.93509 -2.42076e-19 
1.45466 1.93509 0 
1.45466 1.93509 0 
1.45466 1.93509 -4.10022e-17 
1.45466 1.93509 1.12855e-16 
1.45466 1.93509 -8.16417e-17 
1.45466 1.93509 -2.28713e-16 
1.45466 1.93509 -3.70892e-16 
1.45466 1.93509 -2.56187e-16 
1.45466 1.93509 -1.54536e-16 
1.45466 1.93509 8.62062e-17 
1.46157 1.95534 1.06374e-16 
1.46157 1.95534 7.71035e-17 
1.46157 1.95534 -1.25357e-17 
1.46157 1.95534 -2.17213e-16 
1.46157 1.95534 -3.84407e-17 
1.46157 1.95534 -4.56722e-18 
1.46157 1.95534 1.3487e-16 
1.46157 1.95534 2.8511e-16 
1.46157 1.95534 -3.49928e-17 
1.46157 1.95534 -3.2888e-17 
1.46157 1.95534 0 
1.46157 1.95534 0 
1.46157 1.95534 -2.58572e-16 
1.46157 1.95534 -1.33256e-17 
1.46157 1.95534 2.34912e-16 
1.46157 1.95534 -3.48978e-17 
1.46157 1.95534 -1.48211e-16 
1.46157 1.95534 9.80413e-17 
1.46157 1.95534 4.74726e-17 
1.46157 1.95534 -6.58125e-17 
1.45894 1.9259 -8.19278e-17 
1.45894 1.9259 3.45209e-17 
1.45894 1.9259 -6.412e-16 
1.45894 1.9259 -4.8189e-17 
1.45894 1.9259 1.74923e-16 
1.45894 1.9259 2.91886e-16 
1.45894 1.9259 6.94743e-16 
1.45894 1.9259 -1.53895e-16 
1.45894 1.9259 -2.62044e-16 
1.45894 1.9259 -8.87846e-17 
1.45894 1.9259 0 
1.45894 1.9259 0 
1.45894 1.9259 -5.90563e-17 
1.45894 1.9259 -5.04627e-17 
1.45894 1.9259 -1.59781e-16 
1.45894 1.9259 -5.29264e-17 
1.45894 1.9259 1.5196e-16 
1.45894 1.9259 2.81788e-16 
1.45894 1.9259 2.78935e-16 
1.45894 1.9259 1.93547e-16 
1.44402 1.84622 5.91662e-17 
1.44402 1.84622 1.2525e-16 
1.44402 1.84622 -9.99448e-17 
1.44402 1.84622 -2.11919e-16 
1.44402 1.84622 3.05407e-16 
1.44402 1.84622 3.99327e-16 
1.44402 1.84622 -5.43104e-17 
1.44402 1.84622 -6.01511e-17 
1.44402 1.84622 -5.80927e-17 
1.44402 1.84622 -5.52076e-17 
1.44402 1.84622 0 
1.44402 1.84622 0 
1.44402 1.84622 -1.78656e-16 
1.44402 1.84622 -9.13312e-19 
1.44402 1.84622 -1.75182e-16 
1.44402 1.84622 -3.09247e-16 
1.44402 1.84622 5.43363e-17 
1.44402 1.84622 3.42469e-16 
1.44402 1.84622 2.73475e-16 
1.44402 1.84622 -9.16432e-17 
1.44132 1.83882 -1.16965e-16 
1.44132 1.83882 2.76335e-16 
1.44132 1.83882 8.7853e-17 
1.44132 1.83882 -1.91518e-16 
1.44132 1.83882 4.747e-17 
1.44132 1.83882 1.08345e-16 
1.44132 1.83882 3.74442e-17 
1.44132 1.83882 -2.01573e-17 
1.44132 1.83882 -6.81487e-19 
1.44132 1.83882 -7.58722e-19 
1.44132 1.83882 0 
1.44132 1.83882 0 
1.44132 1.83882 -7.35923e-18 
1.44132 1.83882 -2.84427e-21 
1.44132 1.83882 -1.17639e-16 
1.44132 1.83882 -1.58925e-16 
1.44132 1.83882 -9.4571e-17 
1.44132 1.83882 -8.73112e-19 
1.44132 1.83882 1.61112e-16 
1.44132 1.83882 2.43597e-16 
1.45006 1.88855 -1.58334e-16 
1.45006 1.88855 -1.28154e-16 
1.45006 1.88855 1.03927e-16 
1.45006 1.88855 2.25771e-16 
1.45006 1.88855 -6.9126e-17 
1.45006 1.88855 1.01668e-16 
1.45006 1.88855 3.85303e-16 
1.45006 1.88855 1.77233e-16 
1.45006 1.88855 4.52584e-18 
1.45006 1.88855 -2.80518e-21 
1.45006 1.88855 0 
1.45006 1.88855 0 
1.45006 1.88855 -5.7717e-21 
1.45006 1.88855 -3.93218e-24 
1.45006 1.88855 -1.78507e-16 
1.45006 1.88855 -3.18599e-16 
1.45006 1.88855 -2.51564e-16 
1.45006 1.88855 -1.58664e-16 
1.45006 1.88855 -1.09225e-16 
1.45006 1.88855 2.23878e-16 
1.46339 1.95539 -5.22124e-17 
1.46339 1.95539 -3.98515e-17 
1.46339 1.95539 1.02629e-16 
1.46339 1.95539 4.61485e-17 
1.46339 1.95539 -1.21908e-16 
1.46339 1.95539 2.53156e-16 
1.46339 1.95539 3.88354e-16 
1.46339 1.95539 6.22655e-18 
1.46339 1.95539 -3.97389e-24 
1.46339 1.95539 -3.97389e-24 
1.46339 1.95539 0 
1.46339 1.95539 0 
1.46339 1.95539 0 
1.46339 1.95539 0 
1.46339 1.95539 1.05429e-16 
1.46339 1.95539 -7.22949e-17 
1.46339 1.95539 -4.49934e-16 
1.46339 1.95539 -3.42474e-16 
1.46339 1.95539 -1.93215e-16 
1.46339 1.95539 -9.36597e-17 
1.45866 1.91053 4.31096e-17 
1.45866 1.91053 -1.10212e-16 
1.45866 1.91053 1.11741e-16 
1.45866 1.91053 8.86114e-17 
1.45866 1.91053 -1.38939e-16 
1.45866 1.91053 -3.54804e-18 
1.45866 1.91053 7.13115e-17 
1.45866 1.91053 -1.74634e-16 
1.45866 1.91053 0 
1.45866 1.91053 0 
1.45866 1.91053 0 
1.45866 1.91053 0 
1.45866 1.91053 0 
1.45866 1.91053 0 
1.45866 1.91053 1.58279e-16 
1.45866 1.91053 6.7287e-17 
1.45866 1.91053 -1.06171e-16 
1.45866 1.91053 -2.26696e-16 
1.45866 1.91053 -3.01453e-16 
1.45866 1.91053 -1.27161e-16 
1.34389 1.38168 3.5931e-16 
1.34389 1.38168 3.32271e-16 
1.34389 1.38168 1.25715e-16 
1.34389 1.38168 -1.01e-16 
1.34389 1.38168 -2.169e-16 
1.34389 1.38168 -1.31477e-16 
1.34389 1.38168 -3.91605e-18 
1.34389 1.38168 -7.34293e-18 
1.34389 1.38168 0 
1.34389 1.38168 0 
1.34389 1.38168 0 
1.34389 1.38168 0 
1.34389 1.38168 0 
1.34389 1.38168 4.52864e-18 
1.34389 1.38168 2.64345e-16 
1.34389 1.38168 1.3259e-16 
1.34389 1.38168 1.10606e-17 
1.34389 1.38168 1.24091e-16 
1.34389 1.38168 -1.65859e-16 
1.34389 1.38168 -1.3229e-15 
1.06777 0.231207 -3.05887e-16 
1.06777 0.231207 1.17841e-16 
1.06777 0.231207 3.44827e-17 
1.06777 0.231207 -1.20132e-17 
1.06777 0.231207 -3.45965e-17 
1.06777 0.231207 -5.22379e-17 
1.06777 0.231207 1.49184e-21 
1.06777 0.231207 -4.69621e-21 
1.06777 0.231207 0 
1.06777 0.231207 0 
1.06777 0.231207 0 
1.06777 0.231207 0 
1.06777 0.231207 0 
1.06777 0.231207 0 
1.06777 0.231207 4.84094e-17 
1.06777 0.231207 4.08231e-17 
1.06777 0.231207 4.41655e-18 
1.06777 0.231207 -2.41747e-17 
1.06777 0.231207 -6.75685e-17 
1.06777 0.231207 -2.83758e-16 
1.00702 0.0222043 -2.86263e-17 
1.00702 0.0222043 9.15166e-18 
1.00702 0.0222043 -1.32696e-19 
1.00702 0.0222043 -2.55692e-19 
1.00702 0.0222043 -4.74927e-19 
1.00702 0.0222043 -5.69941e-19 
1.00702 0.0222043 1.64752e-24 
1.00702 0.0222043 -6.8135e-31 
1.00702 0.0222043 0 
1.00702 0.0222043 0 
1.00702 0.0222043 0 
1.00702 0.0222043 0 
1.00702 0.0222043 0 
1.00702 0.0222043 0 
1.00702 0.0222043 4.9847e-19 
1.00702 0.0222043 4.64335e-19 
1.00702 0.0222043 1.37136e-19 
1.00702 0.0222043 1.52487e-19 
1.00702 0.0222043 -6.75309e-18 
1.00702 0.0222043 -3.37504e-17 
1.00066 0.00206172 -2.04642e-18 
1.00066 0.00206172 1.32591e-19 
1.00066 0.00206172 -1.20701e-20 
1.00066 0.00206172 -8.68266e-21 
1.00066 0.00206172 -5.30404e-21 
1.00066 0.00206172 -3.47723e-21 
1.00066 0.00206172 3.63904e-27 
1.00066 0.00206172 0 
1.00066 0.00206172 0 
1.00066 0.00206172 0 
1.00066 0.00206172 0 
1.00066 0.00206172 0 
1.00066 0.00206172 0 
1.00066 0.00206172 0 
1.00066 0.00206172 2.70817e-21 
1.00066 0.00206172 4.34616e-21 
1.00066 0.00206172 5.43322e-21 
1.00066 0.00206172 3.72853e-20 
1.00066 0.00206172 -2.24854e-19 
1.00066 0.00206172 -7.55065e-19 
1.00006 0.000181392 -1.76677e-19 
1.00006 0.000181392 -1.11019e-20 
1.00006 0.000181392 -2.9567e-22 
1.00006 0.000181392 -2.72892e-22 
1.00006 0.000181392 -9.61064e-23 
1.00006 0.000181392 -1.52322e-23 
1.00006 0.000181392 7.24806e-30 
1.00006 0.000181392 0 
1.00006 0.000181392 0 
1.00006 0.000181392 0 
1.00006 0.000181392 0 
1.00006 0.000181392 0 
1.00006 0.000181392 0 
1.00006 0.000181392 0 
1.00006 0.000181392 8.51594e-24 
1.00006 0.000181392 4.62771e-23 
1.00006 0.000181392 1.88209e-22 
1.00006 0.000181392 8.04735e-22 
1.00006 0.000181392 -1.5497e-21 
1.00006 0.000181392 -8.83975e-21 
1 1.46994e-05 -1.60666e-21 
1 1.46994e-05 -2.79686e-22 
1 1.46994e-05 -7.73233e-24 
1 1.46994e-05 -6.30667e-24 
1 1.46994e-05 -1.62921e-24 
1 1.46994e-05 -5.33886e-26 
1 1.46994e-05 1.05182e-32 
1 1.46994e-05 0 
1 1.46994e-05 0 
1 1.46994e-05 0 
1 1.46994e-05 0 
1 1.46994e-05 0 
1 1.46994e-05 0 
1 1.46994e-05 0 
1 1.46994e-05 1.46021e-26 
1 1.46994e-05 4.08466e-25 
1 1.46994e-05 4.98748e-24 
1 1.46994e-05 1.59582e-23 
1 1.46994e-05 3.39138e-23 
1 1.46994e-05 2.69085e-22 
1 1.05187e-06 4.9255e-23 
1 1.05187e-06 -8.27737e-24 
1 1.05187e-06 -1.51457e-25 
1 1.05187e-06 -9.96063e-26 
1 1.05187e-06 -1.78915e-26 
1 1.05187e-06 -1.54402e-28 
1 1.05187e-06 9.9939e-36 
1 1.05187e-06 0 
1 1.05187e-06 0 
1 1.05187e-06 0 
1 1.05187e-06 0 
1 1.05187e-06 0 
1 1.05187e-06 0 
1 1.05187e-06 0 
1 1.05187e-06 1.25236e-29 
1 1.05187e-06 2.48182e-27 
1 1.05187e-06 9.33794e-26 
1 1.05187e-06 2.3737e-25 
1 1.05187e-06 1.64e-24 
1 1.05187e-06 2.76174e-24 
1 6.42677e-08 3.74293e-24 
1 6.42677e-08 -2.24033e-25 
1 6.42677e-08 -1.68164e-27 
1 6.42677e-08 -1.08321e-27 
1 6.42677e-08 -1.27901e-28 
1 6.42677e-08 -3.29616e-31 
1 6.42677e-08 5.59162e-39 
1 6.42677e-08 0 
1 6.42677e-08 0 
1 6.42677e-08 0 
1 6.42677e-08 0 
1 6.42677e-08 0 
1 6.42677e-08 0 
1 6.42677e-08 0 
1 6.42677e-08 4.20522e-33 
1 6.42677e-08 1.0153e-29 
1 6.42677e-08 1.15701e-27 
1 6.42677e-08 2.23047e-27 
1 6.42677e-08 3.55178e-26 
1 6.42677e-08 2.39382e-25 
1 3.27224e-09 6.85198e-26 
1 3.27224e-09 -4.2341e-27 
1 3.27224e-09 -1.82717e-30 
1 3.27224e-09 -8.32957e-30 
1 3.27224e-09 -6.23644e-31 
1 3.27224e-09 -3.49627e-34 
1 3.27224e-09 1.40929e-42 
1 3.27224e-09 0 
1 3.27224e-09 0 
1 3.27224e-09 0 
1 3.27224e-09 0 
1 3.27224e-09 0 
1 3.27224e-09 0 
1 3.27224e-09 0 
1 3.27224e-09 0 
1 3.27224e-09 2.83231e-32 
1 3.27224e-09 9.64279e-30 
1 3.27224e-09 6.41684e-30 
1 3.27224e-09 6.55821e-28 
1 3.27224e-09 2.18962e-26 
1 1.36095e-10 1.02915e-27 
1 1.36095e-10 -5.44375e-29 
1 1.36095e-10 9.22742e-31 
1 1.36095e-10 -4.64056e-32 
1 1.36095e-10 -2.14404e-33 
1 1.36095e-10 1.13201e-36 
1 1.36095e-10 0 
1 1.36095e-10 0 
1 1.36095e-10 0 
1 1.36095e-10 0 
1 1.36095e-10 0 
1 1.36095e-10 0 
1 1.36095e-10 0 
1 1.36095e-10 0 
1 1.36095e-10 0 
1 1.36095e-10 5.41539e-35 
1 1.36095e-10 5.59894e-32 
1 1.36095e-10 -4.36176e-31 
1 1.36095e-10 1.04062e-29 
1 1.36095e-10 5.65877e-28 
1 4.54323e-12 1.11069e-29 
1 4.54323e-12 -4.95069e-31 
1 4.54323e-12 7.32475e-33 
1 4.54323e-12 -1.9058e-34 
1 4.54323e-12 -5.28889e-36 
1 4.54323e-12 5.63596e-39 
1 4.54323e-12 0 
1 4.54323e-12 0 
1 4.54323e-12 0 
1 4.54323e-12 0 
1 4.54323e-12 0 
1 4.54323e-12 0 
1 4.54323e-12 0 
1 4.54323e-12 0 
1 4.54323e-12 0 
1 4.54323e-12 6.9962e-38 
1 4.54323e-12 2.32943e-34 
1 4.54323e-12 -3.60477e-33 
1 4.54323e-12 1.32018e-31 
1 4.54323e-12 1.12231e-29 
1 1.19941e-13 2.07809e-32 
1 1.19941e-13 -3.35829e-33 
1 1.19941e-13 1.55354e-35 
1 1.19941e-13 -5.825e-37 
1 1.19941e-13 -9.3966e-39 
1 1.19941e-13 1.70907e-42 
1 1.19941e-13 0 
1 1.19941e-13 0 
1 1.19941e-13 0 
1 1.19941e-13 0 
1 1.19941e-13 0 
1 1.19941e-13 0 
1 1.19941e-13 0 
1 1.19941e-13 0 
1 1.19941e-13 0 
1 1.19941e-13 5.84314e-41 
1 1.19941e-13 7.05898e-37 
1 1.19941e-13 -8.42937e-36 
1 1.19941e-13 1.27168e-33 
1 1.19941e-13 1.39016e-31 
1 2.35829e-15 -6.93929e-33 
1 2.35829e-15 -1.78271e-35 
1 2.35829e-15 3.41537e-38 
1 2.35829e-15 -1.32687e-39 
1 2.35829e-15 -1.19054e-41 
1 2.35829e-15 4.19673e-46 
1 2.35829e-15 0 
1 2.35829e-15 0 
1 2.35829e-15 0 
1 2.35829e-15 0 
1 2.35829e-15 0 
1 2.35829e-15 0 
1 2.35829e-15 0 
1 2.35829e-15 0 
1 2.35829e-15 0 
1 2.35829e-15 2.84845e-44 
1 2.35829e-15 1.56481e-39 
1 2.35829e-15 -2.5528e-38 
1 2.35829e-15 9.22117e-36 
1 2.35829e-15 1.12736e-33 
1 1.13216e-17 -5.96172e-35 
1 1.13216e-17 -7.6738e-38 
1 1.13216e-17 8.46237e-41 
1 1.13216e-17 -2.234e-42 
1 1.13216e-17 -1.0473e-44 
1 1.13216e-17 2.06007e-50 
1 1.13216e-17 0 
1 1.13216e-17 0 
1 1.13216e-17 0 
1 1.13216e-17 0 
1 1.13216e-17 0 
1 1.13216e-17 0 
1 1.13216e-17 0 
1 1.13216e-17 0 
1 1.13216e-17 0 
1 1.13216e-17 6.1525e-48 
1 1.13216e-17 2.51565e-42 
1 1.13216e-17 -8.22051e-41 
1 1.13216e-17 5.08437e-38 
1 1.13216e-17 6.60105e-36 
1 -1.05891e-47 -1.56157e-37 
1 -9.82825e-51 -2.73036e-40 
1 -1.42702e-53 2.21506e-43 
1 1.80981e-72 -2.71017e-45 
1 0 -6.06663e-48 
1 0 4.22557e-54 
1 0 0 
1 0 0 
1 0 0 
1 0 0 
1 0 0 
1 0 0 
1 0 0 
1 0 0 
1 0 0 
1 0 0 
1 6.9282e-73 2.85972e-45 
1 -1.09565e-54 -2.30755e-43 
1 -1.35544e-52 2.15948e-40 
1 -1.04918e-48 3.04236e-38 
1 0 -4.94766e-40 
1 0 -8.0511e-43 
1 0 5.27665e-46 
1 0 -2.08616e-48 
1 0 -2.07971e-51 
1 0 0 
1 0 0 
1 0 0 
1 0 0 
1 0 0 
1 0 0 
1 0 0 
1 0 0 
1 0 0 
1 0 0 
1 0 0 
1 0 2.18227e-48 
1 0 -5.43569e-46 
1 0 7.1367e-43 
1 0 1.17381e-40 
1 0 -1.61841e-42 
1 0 -1.94939e-45 
1 0 1.04948e-48 
1 0 9.28827e-52 
1 0 -3.20781e-55 
1 0 0 
1 0 0 
1 0 0 
1 0 0 
1 0 0 
1 0 0 
1 0 0 
1 0 0 
1 0 0 
1 0 0 
1 0 0 
1 0 1.004e-51 
1 0 -1.06473e-48 
1 0 1.84555e-45 
1 0 3.89179e-43 
1 0 -4.72496e-45 
1 0 -3.81689e-48 
1 0 1.68199e-51 
1 0 7.54854e-54 
1 0 0 
1 0 0 
1 0 0 
1 0 0 
1 0 0 
1 0 0 
1 0 0 
1 0 0 
1 0 0 
1 0 0 
1 0 0 
1 0 0 
1 0 2.10674e-55 
1 0 -1.69313e-51 
1 0 3.73725e-48 
1 0 1.10256e-45 
1 0 -1.14013e-47 
1 0 -5.93652e-51 
1 0 2.11573e-54 
1 0 2.32445e-57 
1 0 0 
1 0 0 
1 0 0 
1 0 0 
1 0 0 
1 0 0 
1 0 0 
1 0 0 
1 0 0 
1 0 0 
1 0 0 
1 0 0 
1 0 0 
1 0 -2.12199e-54 
1 0 5.89896e-51 
1 0 2.61539e-48 
1 0 -2.19169e-50 
1 0 -7.18755e-54 
1 0 2.02456e-57 
1 0 4.05127e-61 
1 0 0 
1 0 0 
1 0 0 
1 0 0 
1 0 0 
1 0 0 
1 0 0 
1 0 0 
1 0 0 
1 0 0 
1 0 0 
1 0 0 
1 0 0 
1 0 -2.02721e-57 
1 0 7.1785e-54 
1 0 5.08442e-51 
1 0 -3.27812e-53 
1 0 -6.60633e-57 
1 0 1.41475e-60 
1 0 0 
1 0 0 
1 0 0 
1 0 0 
1 0 0 
1 0 0 
1 0 0 
1 0 0 
1 0 0 
1 0 0 
1 0 0 
1 0 0 
1 0 0 
1 0 0 
1 0 -1.41549e-60 
1 0 6.60532e-57 
1 0 7.94327e-54 
1 0 -3.72607e-56 
1 0 -4.44983e-60 
1 0 6.77986e-64 
1 0 0 
1 0 0 
1 0 0 
1 0 0 
1 0 0 
1 0 0 
1 0 0 
1 0 0 
1 0 0 
1 0 0 
1 0 0 
1 0 0 
1 0 0 
1 0 0 
1 0 -6.78071e-64 
1 0 4.44939e-60 
1 0 9.76701e-57 
1 0 -3.11887e-59 
1 0 -2.07547e-63 
1 0 1.98406e-67 
1 0 0 
1 0 0 
1 0 0 
1 0 0 
1 0 0 
1 0 0 
1 0 0 
1 0 0 
1 0 0 
1 0 0 
1 0 0 
1 0 0 
1 0 0 
1 0 0 
1 0 -1.98406e-67 
1 0 2.07537e-63 
1 0 9.20218e-60 
1 0 -1.83287e-62 
1 0 -6.01969e-67 
1 0 2.65812e-71 
1 0 0 
1 0 0 
1 0 0 
1 0 0 
1 0 0 
1 0 0 
1 0 0 
1 0 0 
1 0 0 
1 0 0 
1 0 0 
1 0 0 
1 0 0 
1 0 0 
1 0 -2.65812e-71 
1 0 6.01961e-67 
1 0 6.38855e-63 
1 0 -6.98652e-66 
1 0 -8.24516e-71 
1 0 0 
1 0 0 
1 0 0 
1 0 0 
1 0 0 
1 0 0 
1 0 0 
1 0 0 
1 0 0 
1 0 0 
1 0 0 
1 0 0 
1 0 0 
1 0 0 
1 0 0 
1 0 0 
1 0 8.24516e-71 
1 0 3.0682e-66 
1 0 -1.48852e-69 
1 0 0 
1 0 0 
1 0 0 
1 0 0 
1 0 0 
1 0 0 
1 0 0 
1 0 0 
1 0 0 
1 0 0 
1 0 0 
1 0 0 
1 0 0 
1 0 0 
1 0 0 
1 0 0 
1 0 0 
1 0 0 
1 0 9.06723e-70 
1 0 -1.23589e-73 
1 0 0 
1 0 0 
1 0 0 
1 0 0 
1 0 0 
1 0 0 
1 0 0 
1 0 0 
1 0 0 
1 0 0 
1 0 0 
1 0 0 
1 0 0 
1 0 0 
1 0 0 
1 0 0 
1 0 0 
1 0 0 
1 0 1.23589e-73 
1 0 0 
1 0 0 
1 0 0 
1 0 0 
1 0 0 
1 0 0 
1 0 0 
1 0 0 
1 0 0 
1 0 0 
1 0 0 
1 0 0 
1 0 0 
1 0 0 
1 0 0 
1 0 0 
1 0 0 
1 0 0 
1 0 0 
1 0 0 
1 0 0 
1 0 0 
1 0 0 
1 0 0 
1 0 0 
1 0 0 
1 0 0 
1 0 0 
1 0 0 
1 0 0 
1 0 0 
1 0 0 
1 0 0 
1 0 0 
1 0 0 
1 0 0 
1 0 0 
1 0 0 
1 0 0 
1 0 0 
1 0 0 
1 0 0 
1 0 0 
1 0 0 
1 0 0 
1 0 0 
1 0 0 
1 0 0 
1 0 0 
1 0 0 
1 0 0 
1 0 0 
1 0 0 
1 0 0 
1 0 0 
1 0 0 
1 0 0 
1 0 0 
1 0 0 
1 0 0 
1 0 0 
1 0 0 
1 0 0 
1 0 0 
1 0 0 
1 0 0 
1 0 0 
1 0 0 
1 0 0 
1 0 0 
1 0 0 
1 0 0 
1 0 0 
1 0 0 
1 0 0 
1 0 0 
1 0 0 
1 0 0 
1 0 0 
1 0 0 
1 0 0 
1 0 0 
1 0 0 
1 0 0 
1 0 0 
1 0 0 
1 0 0 
1 0 0 
1 0 0 
1 0 0 
1 0 0 
1 0 0 
1 0 0 
1 0 0 
1 0 0 
1 0 0 
1 0 0 
1 0 0 
1 0 0 
1 0 0 
1 0 0 
1 0 0 
1 0 0 
1 0 0 
1 0 0 
1 0 0 
1 0 0 
1 0 0 
1 0 0 
1 0 0 
1 0 0 
1 0 0 
1 0 0 
1 0 0 
1 0 0 
1 0 0 
1 0 0 
1 0 0 
1 0 0 
1 0 0 
1 0 0 
1 0 0 
1 0 0 
1 0 0 
1 0 0 
1 0 0 
1 0 0 
1 0 0 
1 0 0 
1 0 0 
1 0 0 
1 0 0 
1 0 0 
1 0 0 
1 0 0 
1 0 0 
1 0 0 
1 0 0 
1 0 0 
1 0 0 
1 0 0 
1 0 0 
1 0 0 
1 0 0 
1 0 0 
1 0 0 
1 0 0 
1 0 0 
1 0 0 
1 0 0 
1 0 0 
1 0 0 
1 0 0 
1 0 0 
1 0 0 
1 0 0 
1 0 0 
1 0 0 
1 0 0 
1 0 0 
1 0 0 
1 0 0 
1 0 0 
1 0 0 
1 0 0 
1 0 0 
1 0 0 
1 0 0 
1 0 0 
1 0 0 
1 0 0 
1 0 0 
1 0 0 
1 0 0 
1 0 0 
1 0 0 
1 0 0 
1 0 0 
1 0 0 
1 0 0 
1 0 0 
1 0 0 
1 0 0 
1 0 0 
1 0 0 
1 0 0 
1 0 0 
1 0 0 
1 0 0 
1 0 0 
1 0 0 
1 0 0 
1 0 0 
1 0 0 
1 0 0 
1 0 0 
1 0 0 
1 0 0 
1 0 0 
1 0 0 
1 0 0 
1 0 0 
1 0 0 
1 0 0 
1 0 0 
1 0 0 
1 0 0 
1 0 0 
1 0 0 
1 0 0 
1 0 0 
1 0 0 
1 0 0 
1 0 0 
1 0 0 
1 0 0 
1 0 0 
1 0 0 
1 0 0 
1 0 0 
1 0 0 
1 0 0 
1 0 0 
1 0 0 
1 0 0 
1 0 0 
1 0 0 
1 0 0 
1 0 0 
1 0 0 
1 0 0 
1 0 0 
1 0 0 
1 0 0 
1 0 0 
1 0 0 
1 0 0 
1 0 0 
1 0 0 
1 0 0 
1 0 0 
1 0 0 
1 0 0 
1 0 0 
1 0 0 
1 0 0 
1 0 0 
1 0 0 
1 0 0 
1 0 0 
1 0 0 
1 0 0 
1 0 0 
1 0 0 
1 0 0 
1 0 0 
1 0 0 
1 0 0 
1 0 0 
1 0 0 
1 0 0 
1 0 0 
1 0 0 
1 0 0 
1 0 0 
1 0 0 
1 0 0 
1 0 0 
1 0 0 
1 0 0 
1 0 0 
1 0 0 
1 0 0 
1 0 0 
1 0 0 
1 0 0 
1 0 0 
1 0 0 
1 0 0 
1 0 0 
1 0 0 
1 0 0 
1 0 0 
1 0 0 
1 0 0 
1 0 0 
1 0 0 
1 0 0 
1 0 0 
1 0 0 
1 0 0 
1 0 0 
1 0 0 
1 0 0 
1 0 0 
1 0 0 
1 0 0 
1 0 0 
1 0 0 
1 0 0 
1 0 0 
1 0 0 
1 0 0 
1 0 0 
1 0 0 
1 0 0 
1 0 0 
1 0 0 
1 0 0 
1 0 0 
1 0 0 
1 0 0 
1 0 0 
1 0 0 
1 0 0 
1 0 0 
1 0 0 
1 0 0 
1 0 0 
1 0 0 
1 0 0 
1 0 0 
1 0 0 
1 0 0 
1 0 0 
1 0 0 
1 0 0 
1 0 0 
1 0 0 
1 0 0 
1 0 0 
1 0 0 
1 0 0 
1 0 0 
1 0 0 
1 0 0 
1 0 0 
1 0 0 
1 0 0 
1 0 0 
1 0 0 
1 0 0 
1 0 0 
1 0 0 
1 0 0 
1 0 0 
1 0 0 
1 0 0 
1 0 0 
1 0 0 
1 0 0 
1 0 0 
1 0 0 
1 0 0 
1 0 0 
1 0 0 
1 0 0 
1 0 0 
1 0 0 
1 0 0 
1 0 0 
1 0 0 
1 0 0 
1 0 0 
1 0 0 
1 0 0 
1 0 0 
1 0 0 
1 0 0 
1 0 0 
1 0 0 
1 0 0 
1 0 0 
1 0 0 
1 0 0 
1 0 0 
1 0 0 
1 0 0 
1 0 0 
1 0 0 
1 0 0 
1 0 0 
1 0 0 
1 0 0 
1 0 0 
1 0 0 
1 0 0 
1 0 0 
1 0 0 
1 0 0 
1 0 0 
1 0 0 
1 0 0 
1 0 0 
1 0 0 
1 0 0 
1 0 0 
1 0 0 
1 0 0 
1 0 0 
1 0 0 
1 0 0 
1 0 0 
1 0 0 
1 0 0 
1 0 0 
1 0 0 
1 0 0 
1 0 0 
1 0 0 
1 0 0 
1 0 0 
1 0 0 
1 0 0 
1 0 0 
1 0 0 
1 0 0 
1 0 0 
1 0 0 
1 0 0 
1 0 0 
1 0 0 
1 0 0 
1 0 0 
1 0 0 
1 0 0 
1 0 0 
1 0 0 
1 0 0 
1 0 0 
1 0 0 
1 0 0 
1 0 0 
1 0 0 
1 0 0 
1 0 0 
1 0 0 
1 0 0 
1 0 0 
1 0 0 
1 0 0 
1 0 0 
1 0 0 
1 0 0 
1 0 0 
1 0 0 
1 0 0 
1 0 0 
1 0 0 
1 0 0 
1 0 0 
1 0 0 
1 0 0 
1 0 0 
1 0 0 
1 0 0 
1 0 0 
1 0 0 
1 0 0 
1 0 0 
1 0 0 
1 0 0 
1 0 0 
1 0 0 
1 0 0 
1 0 0 
1 0 0 
1 0 0 
1 0 0 
1 0 0 
1 0 0 
1 0 0 
1 0 0 
1 0 0 
1 0 0 
1 0 0 
1 0 0 
1 0 0 
1 0 0 
1 0 0 
1 3.97757e-67 0 
1 8.81113e-69 0 
1 1.25939e-66 0 
1 1.44873e-64 0 
1 1.2639e-62 0 
1 8.27191e-61 0 
1 4.06081e-59 0 
1 1.51806e-57 0 
1 4.41953e-56 0 
1 1.02165e-54 0 
1 1.89116e-53 0 
1 2.80129e-52 0 
1 3.31646e-51 0 
1 3.09962e-50 0 
1 2.19163e-49 0 
1 9.64673e-49 0 
1 1.53546e-48 0 
1 -9.80001e-49 0 
1 -2.65493e-47 0 
1 -3.53047e-47 0 
1 1.77339e-52 0 
1 6.0223e-51 0 
1 5.3099e-49 0 
1 3.61717e-47 0 
1 1.92008e-45 0 
1 8.01578e-44 0 
1 2.65749e-42 0 
1 7.06513e-41 0 
1 1.51805e-39 0 
1 2.64484e-38 0 
1 3.75552e-37 0 
1 4.34361e-36 0 
1 4.11757e-35 0 
1 3.25012e-34 0 
1 8.67709e-34 0 
1 -2.06352e-34 0 
1 -1.63811e-32 0 
1 -1.14268e-31 0 
1 -3.50004e-31 0 
1 -6.35102e-31 0 
1 -2.27367e-41 2.71948e-41 
1 -3.32134e-39 0 
1 -3.74566e-37 0 
1 -3.23031e-35 0 
1 -2.12853e-33 0 
1 -1.08245e-31 0 
1 -4.31695e-30 0 
1 -1.37306e-28 0 
1 -3.53528e-27 0 
1 -7.45841e-26 0 
1 -1.30123e-24 0 
1 -1.8897e-23 0 
1 -2.29401e-22 0 
1 -2.33315e-21 0 
1 -1.98916e-20 0 
1 -1.42023e-19 0 
1 -8.47099e-19 0 
1 -4.2078e-18 0 
1 -1.72856e-17 0 
1 -5.95729e-17 0 
1 -1.47658e-16 0 
1 -2.64635e-16 -7.83379e-17 
1 -9.16488e-47 4.23154e-44 
1 -3.7983e-49 1.44916e-43 
1 -2.28348e-47 0 
1 -5.45746e-45 0 
1 -1.02521e-42 0 
1 -1.50026e-40 0 
1 -1.69294e-38 0 
1 -1.46123e-36 0 
1 -9.63926e-35 0 
1 -4.90918e-33 0 
1 -1.9615e-31 0 
1 -6.2532e-30 0 
1 -1.61463e-28 0 
1 -3.41829e-27 0 
1 -5.98917e-26 0 
1 -8.7427e-25 0 
1 -1.06787e-23 0 
1 -1.0939e-22 0 
1 -9.40285e-22 0 
1 -6.77639e-21 0 
1 -4.08699e-20 0 
1 -2.0587e-19 0 
1 -8.65699e-19 -2.60251e-17 
1 -3.06512e-18 -2.32805e-17 
1 -2.93411e-53 3.16379e-50 
1 -6.07897e-56 3.81993e-47 
1 -9.90016e-59 1.7707e-46 
1 8.48022e-59 6.06793e-46 
1 5.19823e-56 0 
1 2.50263e-53 0 
1 9.5294e-51 0 
1 2.87485e-48 0 
1 6.85396e-46 0 
1 1.2833e-43 0 
1 1.86965e-41 0 
1 2.09711e-39 0 
1 1.79525e-37 0 
1 1.17124e-35 0 
1 5.88025e-34 0 
1 2.30772e-32 0 
1 7.19626e-31 0 
1 1.80859e-29 0 
1 3.70424e-28 0 
1 6.23114e-27 0 
1 8.65316e-26 0 
1 9.98008e-25 0 
1 9.65908e-24 0 
1 7.91069e-23 0 
1 5.41084e-22 -7.09921e-18 
1 3.14195e-21 -8.07708e-18 
1 1.04837e-20 -2.22299e-18 
1 1.18869e-20 -2.3716e-19 
1 -7.99603e-57 7.45568e-54 
1 -1.3017e-59 8.29054e-53 
1 -1.81783e-62 1.26294e-49 
1 -1.80029e-60 5.8586e-49 
1 -1.42506e-57 2.00867e-48 
1 -8.7486e-55 0 
1 -4.22077e-52 0 
1 -1.61133e-49 0 
1 -4.87688e-47 0 
1 -1.16754e-44 0 
1 -2.1979e-42 0 
1 -3.22527e-40 0 
1 -3.65295e-38 0 
1 -3.16842e-36 0 
1 -2.10329e-34 0 
1 -1.07944e-32 0 
1 -4.35177e-31 0 
1 -1.40147e-29 0 
1 -3.65967e-28 0 
1 -7.84446e-27 0 
1 -1.39335e-25 0 
1 -2.06524e-24 0 
1 -2.56697e-23 0 
1 -2.68395e-22 0 
1 -2.36444e-21 0 
1 -1.75494e-20 -1.6019e-18 
1 -1.09538e-19 -2.313e-18 
1 -5.72232e-19 -6.12883e-19 
1 -2.49017e-18 -5.06604e-20 
1 -8.84367e-18 -2.62371e-18 
1 -6.03947e-64 1.35478e-60 
1 -5.78041e-67 3.32491e-57 
1 -6.50953e-69 1.54405e-56 
1 -1.26311e-65 1.71896e-55 
1 -1.80019e-62 3.30993e-52 
1 -1.87742e-59 1.53634e-51 
1 -1.48516e-56 5.26962e-51 
1 -9.11029e-54 0 
1 -4.39104e-51 0 
1 -1.67435e-48 0 
1 -5.06015e-46 0 
1 -1.20914e-43 0 
1 -2.27067e-41 0 
1 -3.32135e-39 0 
1 -3.74566e-37 0 
1 -3.23031e-35 0 
1 -2.12853e-33 0 
1 -1.08245e-31 0 
1 -4.31695e-30 0 
1 -1.37306e-28 0 
1 -3.53529e-27 0 
1 -7.45871e-26 0 
1 -1.3015e-24 0 
1 -1.89107e-23 0 
1 -2.29858e-22 0 
1 -2.34389e-21 0 
1 -2.00778e-20 0 
1 -1.44432e-19 -3.00186e-19 
1 -8.70675e-19 -5.52747e-19 
1 -4.37497e-18 -1.41767e-19 
1 -1.8238e-17 -9.19089e-21 
1 -6.13249e-17 -6.09917e-19 
1 -1.58086e-16 -3.34837e-17 
1 -2.21304e-16 -8.5195e-17 
1 -7.59891e-68 1.53305e-64 
1 -5.32274e-71 1.70976e-63 
1 -2.56788e-74 5.40998e-60 
1 -7.60273e-78 2.51332e-59 
1 -1.11374e-77 2.80075e-58 
1 -8.15589e-74 6.8636e-55 
1 -2.75141e-70 3.18736e-54 
1 -5.69516e-67 1.09361e-53 
1 -8.11725e-64 0 
1 -8.46607e-61 0 
1 -6.69776e-58 0 
1 -4.10898e-55 0 
1 -1.98072e-52 0 
1 -7.55386e-50 0 
1 -2.28334e-47 0 
1 -5.45746e-45 0 
1 -1.02521e-42 0 
1 -1.50026e-40 0 
1 -1.69294e-38 0 
1 -1.46123e-36 0 
1 -9.63926e-35 0 
1 -4.90919e-33 0 
1 -1.9615e-31 0 
1 -6.25325e-30 0 
1 -1.61467e-28 0 
1 -3.41863e-27 0 
1 -5.99139e-26 0 
1 -8.75265e-25 0 
1 -1.07097e-23 -4.69515e-20 
1 -1.10077e-22 -1.09976e-19 
1 -9.51458e-22 -2.74452e-20 
1 -6.91182e-21 -1.41468e-21 
1 -4.21041e-20 -1.14765e-19 
1 -2.14325e-19 -1.00897e-17 
1 -9.09715e-19 -2.79751e-17 
1 -3.23848e-18 -2.48523e-17 
1 -9.41466e-76 5.53261e-72 
1 -2.78589e-79 3.15568e-68 
1 -3.79831e-83 1.46693e-67 
1 0 1.63714e-66 
1 0 6.82805e-63 
1 0 3.17317e-62 
1 0 3.53892e-61 
1 0 1.11841e-57 
1 0 5.19581e-57 
1 0 1.78321e-56 
1 -5.6799e-79 0 
1 -4.16161e-75 0 
1 -1.40466e-71 0 
1 -2.9093e-68 0 
1 -4.14954e-65 0 
1 -4.33149e-62 0 
1 -3.43017e-59 0 
1 -2.10685e-56 0 
1 -1.01706e-53 0 
1 -3.88559e-51 0 
1 -1.1771e-48 0 
1 -2.82127e-46 0 
1 -5.31901e-44 0 
1 -7.82064e-42 0 
1 -8.88079e-40 0 
1 -7.72945e-38 0 
1 -5.15392e-36 0 
1 -2.65963e-34 0 
1 -1.07928e-32 0 
1 -3.50257e-31 0 
1 -9.22889e-30 -6.15468e-21 
1 -1.99915e-28 -1.82576e-20 
1 -3.59533e-27 -4.45305e-21 
1 -5.40822e-26 -1.84627e-22 
1 -6.84097e-25 -1.83043e-20 
1 -7.3026e-24 -2.48623e-18 
1 -6.59149e-23 -7.55841e-18 
1 -5.03294e-22 -8.46921e-18 
1 -3.24763e-21 -2.33339e-18 
1 -1.76712e-20 -1.71338e-19 
1 -3.66107e-80 2.38833e-76 
1 -4.99112e-84 2.66831e-75 
1 0 2.20975e-71 
1 0 1.02746e-70 
1 0 1.14733e-69 
1 0 6.53843e-66 
1 0 3.03943e-65 
1 0 3.39207e-64 
1 0 1.41329e-60 
1 0 6.5679e-60 
1 0 2.25463e-59 
1 0 0 
1 0 0 
1 -7.4636e-80 0 
1 -5.46897e-76 0 
1 -1.84612e-72 0 
1 -3.82406e-69 0 
1 -5.45502e-66 0 
1 -5.69511e-63 0 
1 -4.51089e-60 0 
1 -2.77127e-57 0 
1 -1.33817e-54 0 
1 -5.1141e-52 0 
1 -1.54992e-49 0 
1 -3.71687e-47 0 
1 -7.01246e-45 0 
1 -1.03202e-42 0 
1 -1.1734e-40 0 
1 -1.02301e-38 0 
1 -6.83664e-37 0 
1 -3.53796e-35 0 
1 -1.44065e-33 -6.78131e-22 
1 -4.69448e-32 -2.53508e-21 
1 -1.2429e-30 -6.06542e-22 
1 -2.70752e-29 -2.04169e-23 
1 -4.90142e-28 -2.46167e-21 
1 -7.43e-27 -5.04909e-19 
1 -9.48426e-26 -1.68246e-18 
1 -1.02341e-24 -2.42721e-18 
1 -9.35738e-24 -6.42479e-19 
1 -7.25661e-23 -3.88539e-20 
1 -4.77164e-22 -5.34271e-21 
1 0 5.18376e-85 
1 0 1.51917e-80 
1 0 7.06627e-80 
1 0 7.89795e-79 
1 0 1.06579e-74 
1 0 4.95654e-74 
1 0 5.53757e-73 
1 0 4.58251e-69 
1 0 2.13071e-68 
1 0 2.3793e-67 
1 0 1.35473e-63 
1 0 6.29755e-63 
1 0 2.16223e-62 
1 0 0 
1 0 0 
1 0 0 
1 0 0 
1 0 0 
1 0 0 
1 -2.73365e-81 0 
1 -2.00401e-77 0 
1 -6.76845e-74 0 
1 -1.40291e-70 0 
1 -2.00272e-67 0 
1 -2.09268e-64 0 
1 -1.65924e-61 0 
1 -1.02061e-58 0 
1 -4.9356e-56 0 
1 -1.88971e-53 0 
1 -5.74024e-51 0 
1 -1.38059e-48 0 
1 -2.61455e-46 0 
1 -3.86703e-44 0 
1 -4.42601e-42 -6.28869e-23 
1 -3.89289e-40 -2.95002e-22 
1 -2.63141e-38 -6.94495e-23 
1 -1.38109e-36 -1.91072e-24 
1 -5.71863e-35 -2.79048e-22 
1 -1.89982e-33 -8.50351e-20 
1 -5.14168e-32 -3.11091e-19 
1 -1.14818e-30 -5.75188e-19 
1 -2.13734e-29 -1.47328e-19 
1 -3.34314e-28 -7.38067e-21 
1 -4.42059e-27 -9.55215e-22 
1 -4.96334e-26 -2.38684e-22 
1 -4.74623e-25 -9.15995e-24 
1 0 0 
1 0 0 
1 0 2.07068e-84 
1 0 9.63299e-84 
1 0 1.07707e-82 
1 0 3.15476e-78 
1 0 1.46741e-77 
1 0 1.64012e-76 
1 0 2.21184e-72 
1 0 1.02864e-71 
1 0 1.14922e-70 
1 0 9.50305e-67 
1 0 4.41859e-66 
1 0 1.51735e-65 
1 0 0 
1 0 0 
1 0 0 
1 0 0 
1 0 0 
1 0 0 
1 0 0 
1 0 0 
1 -3.59211e-82 0 
1 -2.63357e-78 0 
1 -8.89562e-75 0 
1 -1.84402e-71 0 
1 -2.63278e-68 0 
1 -2.75148e-65 0 
1 -2.182e-62 0 
1 -1.34247e-59 0 
1 -6.49387e-57 0 
1 -2.48717e-54 0 
1 -7.5583e-52 0 
1 -1.81883e-49 0 
1 -3.44692e-47 -4.90663e-24 
1 -5.10286e-45 -2.87985e-23 
1 -5.84776e-43 -6.68748e-24 
1 -5.15196e-41 -1.50986e-25 
1 -3.4901e-39 -2.66592e-23 
1 -1.83681e-37 -1.19436e-20 
1 -7.63092e-36 -4.81009e-20 
1 -2.54512e-34 -1.13279e-19 
1 -6.91989e-33 -2.82367e-20 
1 -1.55356e-31 -1.17766e-21 
1 -2.90997e-30 -1.4466e-22 
1 -4.58466e-29 -3.53844e-23 
1 -6.11356e-28 -1.14914e-24 
1 -6.9323e-27 -1.33002e-25 
1 0 0 
1 0 0 
1 0 0 
1 0 0 
1 0 0 
1 0 0 
1 0 0 
1 0 4.30239e-82 
1 0 2.00152e-81 
1 0 2.2379e-80 
1 0 6.5513e-76 
1 0 3.04728e-75 
1 0 3.40593e-74 
1 0 4.59025e-70 
1 0 2.13474e-69 
1 0 7.33174e-69 
1 0 0 
1 0 0 
1 0 0 
1 0 0 
1 0 0 
1 0 0 
1 0 0 
1 0 0 
1 0 0 
1 0 0 
1 0 0 
1 0 0 
1 -1.31566e-83 0 
1 -9.65028e-80 0 
1 -3.26141e-76 0 
1 -6.76501e-73 0 
1 -9.6658e-70 0 
1 -1.01103e-66 0 
1 -8.02599e-64 0 
1 -4.94404e-61 0 
1 -2.39512e-58 -3.21363e-25 
1 -9.19014e-56 -2.35738e-24 
1 -2.79919e-53 -5.41058e-25 
1 -6.75553e-51 -1.00379e-26 
1 -1.28506e-48 -2.14294e-24 
1 -1.91181e-46 -1.40414e-21 
1 -2.20524e-44 -6.25022e-21 
1 -1.95971e-42 -1.86205e-20 
1 -1.34245e-40 -4.53791e-21 
1 -7.16278e-39 -1.58258e-22 
1 -3.0244e-37 -1.85813e-23 
1 -1.02772e-35 -4.46213e-24 
1 -2.85395e-34 -1.22703e-25 
1 -6.56117e-33 -1.37023e-26 
1 -1.26202e-31 -3.22426e-27 
1 -2.04807e-30 -7.14219e-29 
1 0 0 
1 0 0 
1 0 0 
1 0 0 
1 0 0 
1 0 0 
1 0 0 
1 0 0 
1 0 0 
1 0 0 
1 0 0 
1 0 8.93939e-80 
1 0 4.15869e-79 
1 0 4.64985e-78 
1 0 1.36047e-73 
1 0 6.32809e-73 
1 0 2.17363e-72 
1 0 0 
1 0 0 
1 0 0 
1 0 0 
1 0 0 
1 0 0 
1 0 0 
1 0 0 
1 0 0 
1 0 0 
1 0 0 
1 0 0 
1 0 0 
1 0 0 
1 -1.72883e-84 0 
1 -1.26819e-80 0 
1 -4.2864e-77 0 
1 -8.89211e-74 0 
1 -1.27067e-70 0 
1 -1.32932e-67 0 
1 -1.05547e-64 -1.75913e-26 
1 -6.50317e-62 -1.61452e-25 
1 -3.1513e-59 -3.66851e-26 
1 -1.20957e-56 -5.58464e-28 
1 -3.68574e-54 -1.44471e-25 
1 -8.89988e-52 -1.38397e-22 
1 -1.69415e-49 -6.84484e-22 
1 -2.52272e-47 -2.56502e-21 
1 -2.9135e-45 -6.13413e-22 
1 -2.59335e-43 -1.79373e-23 
1 -1.7803e-41 -2.02495e-24 
1 -9.52436e-40 -4.78556e-25 
1 -4.03453e-38 -1.11351e-26 
1 -1.37619e-36 -1.2047e-27 
1 -3.83855e-35 -2.79838e-28 
1 -8.8699e-34 -5.26448e-30 
1 -1.71616e-32 -5.50684e-31 
1 0 0 
1 0 0 
1 0 0 
1 0 0 
1 0 0 
1 0 0 
1 0 0 
1 0 0 
1 0 0 
1 0 0 
1 0 0 
1 0 0 
1 0 0 
1 0 0 
1 0 0 
1 0 0 
1 0 1.8574e-77 
1 0 8.64082e-77 
1 0 2.96833e-76 
1 0 0 
1 0 0 
1 0 0 
1 0 0 
1 0 0 
1 0 0 
1 0 0 
1 0 0 
1 0 0 
1 0 0 
1 0 0 
1 0 0 
1 0 0 
1 0 0 
1 0 0 
1 0 0 
1 0 0 
1 0 0 
1 -6.33208e-86 0 
1 -4.64706e-82 0 
1 -1.57152e-78 -7.99395e-28 
1 -3.26218e-75 -9.21201e-27 
1 -4.66503e-72 -2.07496e-27 
1 -4.88457e-69 -2.58081e-29 
1 -3.88227e-66 -8.12868e-27 
1 -2.39497e-63 -1.14316e-23 
1 -1.16227e-60 -6.32324e-23 
1 -4.46931e-58 -2.9684e-22 
1 -1.36496e-55 -6.98655e-23 
1 -3.30544e-53 -1.71467e-24 
1 -6.31553e-51 -1.87043e-25 
1 -9.45024e-49 -4.35909e-26 
1 -1.09846e-46 -8.56385e-28 
1 -9.86089e-45 -9.0089e-29 
1 -6.84351e-43 -2.06886e-29 
1 -3.71042e-41 -3.29066e-31 
1 -1.59667e-39 -3.36211e-32 
1 -5.54551e-38 -7.62992e-33 
1 -1.5786e-36 -9.87516e-35 
1 0 0 
1 0 0 
1 0 0 
1 0 0 
1 0 0 
1 0 0 
1 0 0 
1 0 0 
1 0 0 
1 0 0 
1 0 0 
1 0 0 
1 0 0 
1 0 0 
1 0 0 
1 0 0 
1 0 0 
1 0 0 
1 0 0 
1 0 0 
1 0 0 
1 0 0 
1 0 0 
1 0 0 
1 0 0 
1 0 0 
1 0 0 
1 0 0 
1 0 0 
1 0 0 
1 0 0 
1 0 0 
1 0 0 
1 0 0 
1 0 0 
1 0 0 
1 0 0 
1 0 0 
1 0 0 
1 0 0 
1 -8.32059e-87 -2.98769e-29 
1 -6.10693e-83 -4.34986e-28 
1 -2.06542e-79 -9.72338e-29 
1 -4.28789e-76 -9.80883e-31 
1 -6.13267e-73 -3.79036e-28 
1 -6.42229e-70 -7.89445e-25 
1 -5.10542e-67 -4.92251e-24 
1 -3.15023e-64 -2.88811e-23 
1 -1.52922e-61 -6.70602e-24 
1 -5.8823e-59 -1.38015e-25 
1 -1.79725e-56 -1.46092e-26 
1 -4.35462e-54 -3.36332e-27 
1 -8.32589e-52 -5.55834e-29 
1 -1.24698e-49 -5.70344e-30 
1 -1.45119e-47 -1.29656e-30 
1 -1.30483e-45 -1.73303e-32 
1 -9.07448e-44 -1.73381e-33 
1 -4.93281e-42 -3.9011e-34 
1 -2.12933e-40 -4.22433e-36 
1 -7.4227e-39 -4.13837e-37 
1 0 0 
1 0 0 
1 0 0 
1 0 0 
1 0 0 
1 0 0 
1 0 0 
1 0 0 
1 0 0 
1 0 0 
1 0 0 
1 0 0 
1 0 0 
1 0 0 
1 0 0 
1 0 0 
1 0 0 
1 0 0 
1 0 0 
1 0 0 
1 0 0 
1 0 0 
1 0 0 
1 0 0 
1 0 0 
1 0 0 
1 0 0 
1 0 0 
1 0 0 
1 0 0 
1 0 0 
1 0 0 
1 0 0 
1 0 0 
1 0 0 
1 0 0 
1 0 0 
1 0 0 
1 0 0 
1 0 0 
1 0 0 
1 0 0 
1 0 -9.07326e-31 
1 0 -1.68406e-29 
1 0 -3.73923e-30 
1 0 -3.02753e-32 
1 -3.04754e-88 -1.4509e-29 
1 -2.23778e-84 -4.5378e-26 
1 -7.57246e-81 -3.22001e-25 
1 -1.57306e-77 -2.36003e-24 
1 -2.25149e-74 -5.41651e-25 
1 -2.35986e-71 -9.32319e-27 
1 -1.87789e-68 -9.6113e-28 
1 -1.16015e-65 -2.18902e-28 
1 -5.64004e-63 -3.02668e-30 
1 -2.17344e-60 -3.03781e-31 
1 -6.65566e-58 -6.84398e-32 
1 -1.61725e-55 -7.62644e-34 
1 -3.10353e-53 -7.488e-35 
1 -4.67063e-51 -1.67198e-35 
1 -5.47016e-49 -1.49896e-37 
1 -4.95961e-47 -1.44505e-38 
1 -3.48612e-45 -3.20267e-39 
1 -1.91985e-43 -2.29667e-41 
1 0 0 
1 0 0 
1 0 0 
1 0 0 
1 0 0 
1 0 0 
1 0 0 
1 0 0 
1 0 0 
1 0 0 
1 0 0 
1 0 0 
1 0 0 
1 0 0 
1 0 0 
1 0 0 
1 0 0 
1 0 0 
1 0 0 
1 0 0 
1 0 0 
1 0 0 
1 0 0 
1 0 0 
1 0 0 
1 0 0 
1 0 0 
1 0 0 
1 0 0 
1 0 0 
1 0 0 
1 0 0 
1 0 0 
1 0 0 
1 0 0 
1 0 0 
1 0 0 
1 0 0 
1 0 0 
1 0 0 
1 0 0 
1 0 0 
1 0 0 
1 0 -2.20619e-32 
1 0 -5.28077e-31 
1 0 -1.16559e-31 
1 0 -7.47378e-34 
1 0 -4.50371e-31 
1 0 -2.15661e-27 
1 -4.00457e-89 -1.76138e-26 
1 -2.94077e-85 -1.61511e-25 
1 -9.9523e-82 -3.66983e-26 
1 -2.06768e-78 -5.25854e-28 
1 -2.95982e-75 -5.29621e-29 
1 -3.10277e-72 -1.19486e-29 
1 -2.46954e-69 -1.37193e-31 
1 -1.526e-66 -1.35024e-32 
1 -7.42066e-64 -3.01782e-33 
1 -2.86058e-61 -2.7751e-35 
1 -8.76351e-59 -2.67965e-36 
1 -2.13056e-56 -5.94284e-37 
1 -4.09139e-54 -4.35467e-39 
1 -6.16283e-52 -4.13877e-40 
1 -7.2264e-50 -9.11985e-41 
1 -6.56228e-48 -5.27984e-43 
1 -4.62205e-46 -4.95267e-44 
1 0 0 
1 0 0 
1 0 0 
1 0 0 
1 0 0 
1 0 0 
1 0 0 
1 0 0 
1 0 0 
1 0 0 
1 0 0 
1 0 0 
1 0 0 
1 0 0 
1 0 0 
1 0 0 
1 0 0 
1 0 0 
1 0 0 
1 0 0 
1 0 0 
1 0 0 
1 0 0 
1 0 0 
1 0 0 
1 0 0 
1 0 0 
1 0 0 
1 0 0 
1 0 0 
1 0 0 
1 0 0 
1 0 0 
1 0 0 
1 0 0 
1 0 0 
1 0 0 
1 0 0 
1 0 0 
1 0 0 
1 0 0 
1 0 0 
1 0 0 
1 0 0 
1 0 0 
1 0 -4.22502e-34 
1 0 -1.32124e-32 
1 0 -2.90117e-33 
1 0 -1.45076e-35 
1 0 -1.1168e-32 
1 0 -8.39598e-29 
1 0 -8.00076e-28 
1 0 -9.2129e-27 
1 0 -2.07517e-27 
1 0 -2.45858e-29 
1 -1.46673e-90 -2.42587e-30 
1 -1.0776e-86 -5.42742e-31 
1 -3.64882e-83 -5.1244e-33 
1 -7.58549e-80 -4.95668e-34 
1 -1.08664e-76 -1.10004e-34 
1 -1.1401e-73 -8.24255e-37 
1 -9.08351e-71 -7.8429e-38 
1 -5.61982e-68 -1.729e-38 
1 -2.73685e-65 -1.01993e-40 
1 -1.05693e-62 -9.57439e-42 
1 -3.24525e-60 -2.09914e-42 
1 -7.91221e-58 -9.64995e-45 
1 -1.52498e-55 -8.95993e-46 
1 -2.30804e-53 -1.95567e-46 
1 -2.72336e-51 -6.94029e-49 
1 0 0 
1 0 0 
1 0 0 
1 0 0 
1 0 0 
1 0 0 
1 0 0 
1 0 0 
1 0 0 
1 0 0 
1 0 0 
1 0 0 
1 0 0 
1 0 0 
1 0 0 
1 0 0 
1 0 0 
1 0 0 
1 0 0 
1 0 0 
1 0 0 
1 0 0 
1 0 0 
1 0 0 
1 0 0 
1 0 0 
1 0 0 
1 0 0 
1 0 0 
1 0 0 
1 0 0 
1 0 0 
1 0 0 
1 0 0 
1 0 0 
1 0 0 
1 0 0 
1 0 0 
1 0 0 
1 0 0 
1 0 0 
1 0 0 
1 0 0 
1 0 0 
1 0 0 
1 0 0 
1 0 -6.27401e-36 
1 0 -2.59354e-34 
1 0 -5.6694e-35 
1 0 -2.17904e-37 
1 0 -2.17558e-34 
1 0 -2.6453e-30 
1 0 -2.98938e-29 
1 0 -4.34996e-28 
1 0 -9.72364e-29 
1 0 -9.43663e-31 
1 0 -9.14445e-32 
1 0 -2.03093e-32 
1 -1.92734e-91 -1.55733e-34 
1 -1.41612e-87 -1.48361e-35 
1 -4.79555e-84 -3.27228e-36 
1 -9.97058e-81 -1.96795e-38 
1 -1.4285e-77 -1.84881e-39 
1 -1.49902e-74 -4.05468e-40 
1 -1.19453e-71 -1.89378e-42 
1 -7.39204e-69 -1.7592e-43 
1 -3.60089e-66 -3.84053e-44 
1 -1.39108e-63 -1.38024e-46 
1 -4.27299e-61 -1.27088e-47 
1 -1.04234e-58 -2.76451e-48 
1 -2.01035e-56 -7.61169e-51 
1 -3.04535e-54 -6.96179e-52 
1 0 0 
1 0 0 
1 0 0 
1 0 0 
1 0 0 
1 0 0 
1 0 0 
1 0 0 
1 0 0 
1 0 0 
1 0 0 
1 0 0 
1 0 0 
1 0 0 
1 0 0 
1 0 0 
1 0 0 
1 0 0 
1 0 0 
1 0 0 
1 0 0 
1 0 0 
1 0 0 
1 0 0 
1 0 0 
1 0 0 
1 0 0 
1 0 0 
1 0 0 
1 0 0 
1 0 0 
1 0 0 
1 0 0 
1 0 0 
1 0 0 
1 0 0 
1 0 0 
1 0 0 
1 0 0 
1 0 0 
1 0 0 
1 0 0 
1 0 0 
1 0 0 
1 0 0 
1 0 0 
1 0 0 
1 0 0 
1 0 -7.15249e-38 
1 0 -3.93063e-36 
1 0 -8.5604e-37 
1 0 -2.50675e-39 
1 0 -3.27673e-36 
1 0 -6.6451e-32 
1 0 -9.07656e-31 
1 0 -1.68407e-29 
1 0 -3.73926e-30 
1 0 -2.93678e-32 
1 0 -2.80132e-33 
1 0 -6.1818e-34 
1 0 -3.79253e-36 
1 0 -3.56581e-37 
1 0 -7.82287e-38 
1 0 -3.71374e-40 
1 -7.05916e-93 -3.45153e-41 
1 -5.18913e-89 -7.53659e-42 
1 -1.75819e-85 -2.74373e-44 
1 -3.65781e-82 -2.52707e-45 
1 -5.24444e-79 -5.49772e-46 
1 -5.50808e-76 -1.52873e-48 
1 -4.39373e-73 -1.39843e-49 
1 -2.72225e-70 -3.03388e-50 
1 -1.32804e-67 -6.47131e-53 
1 -5.13968e-65 -5.88977e-54 
1 -1.5823e-62 -1.27513e-54 
1 -3.87076e-60 -2.10593e-57 
1 0 0 
1 0 0 
1 0 0 
1 0 0 
1 0 0 
1 0 0 
1 0 0 
1 0 0 
1 0 0 
1 0 0 
1 0 0 
1 0 0 
1 0 0 
1 0 0 
1 0 0 
1 0 0 
1 0 0 
1 0 0 
1 0 0 
1 0 0 
1 0 0 
1 0 0 
1 0 0 
1 0 0 
1 0 0 
1 0 0 
1 0 0 
1 0 0 
1 0 0 
1 0 0 
1 0 0 
1 0 0 
1 0 0 
1 0 0 
1 0 0 
1 0 0 
1 0 0 
1 0 0 
1 0 0 
1 0 0 
1 0 0 
1 0 0 
1 0 0 
1 0 0 
1 0 0 
1 0 0 
1 0 0 
1 0 0 
1 0 0 
1 0 -6.26119e-40 
1 0 -4.55303e-38 
1 0 -9.88698e-39 
1 0 -2.20966e-41 
1 0 -3.7773e-38 
1 0 -1.30872e-33 
1 0 -2.20669e-32 
1 0 -5.28078e-31 
1 0 -1.1656e-31 
1 0 -7.29951e-34 
1 0 -6.86895e-35 
1 0 -1.50746e-35 
1 0 -7.2771e-38 
1 0 -6.76678e-39 
1 0 -1.47787e-39 
1 0 -5.45175e-42 
1 0 -5.02274e-43 
1 0 -1.09284e-43 
1 -9.27599e-94 -3.06949e-46 
1 -6.8194e-90 -2.80836e-47 
1 -2.31084e-86 -6.09311e-48 
1 -4.80822e-83 -1.30948e-50 
1 -6.89498e-80 -1.19192e-51 
1 -7.24296e-77 -2.58059e-52 
1 -5.77893e-74 -4.28607e-55 
1 -3.58145e-71 -3.88634e-56 
1 -1.74777e-68 -8.40105e-57 
1 -6.76679e-66 -1.08995e-59 
1 -2.08426e-63 -9.85431e-61 
1 0 0 
1 0 0 
1 0 0 
1 0 0 
1 0 0 
1 0 0 
1 0 0 
1 0 0 
1 0 0 
1 0 0 
1 0 0 
1 0 0 
1 0 0 
1 0 0 
1 0 0 
1 0 0 
1 0 0 
1 0 0 
1 0 0 
1 0 0 
1 0 0 
1 0 0 
1 0 0 
1 0 0 
1 0 0 
1 0 0 
1 0 0 
1 0 0 
1 0 0 
1 0 0 
1 0 0 
1 0 0 
1 0 0 
1 0 0 
1 0 0 
1 0 0 
1 0 0 
1 0 0 
1 0 0 
1 0 0 
1 0 0 
1 0 0 
1 0 0 
1 0 0 
1 0 0 
1 0 0 
1 0 0 
1 0 0 
1 0 0 
1 0 0 
1 0 -4.23915e-42 
1 0 -4.03423e-40 
1 0 -8.74086e-41 
1 0 -1.50398e-43 
1 0 -3.33473e-40 
1 0 -1.98863e-35 
1 0 -4.2256e-34 
1 0 -1.32124e-32 
1 0 -2.90117e-33 
1 0 -1.42482e-35 
1 0 -1.3256e-36 
1 0 -2.89574e-37 
1 0 -1.08275e-39 
1 0 -9.97855e-41 
1 0 -2.1714e-41 
1 0 -6.16154e-44 
1 0 -5.63834e-45 
1 0 -1.2234e-45 
1 0 -2.64933e-48 
1 0 -2.41173e-49 
1 -3.68629e-108 -5.2218e-50 
1 -7.64436e-104 -8.7224e-53 
1 -3.60883e-100 -7.90939e-54 
1 -2.53447e-97 -1.7098e-54 
1 5.18422e-94 -2.22791e-57 
1 7.55128e-92 -2.01434e-58 
1 3.55864e-89 -4.34927e-59 
1 8.43903e-86 -4.46193e-62 
1 9.0867e-83 -4.02512e-63 
1 2.54011e-80 -8.68282e-64 
1 0 0 
1 0 0 
1 0 0 
1 0 0 
1 0 0 
1 0 0 
1 0 0 
1 0 0 
1 0 0 
1 0 0 
1 0 0 
1 0 0 
1 0 0 
1 0 0 
1 0 0 
1 0 0 
1 0 0 
1 0 0 
1 0 0 
1 0 0 
1 0 0 
1 0 0 
1 0 0 
1 0 0 
1 0 0 
1 0 0 
1 0 0 
1 0 0 
1 0 0 
1 0 0 
1 0 0 
1 0 0 
1 0 0 
1 0 0 
1 0 0 
1 0 0 
1 0 0 
1 0 0 
1 0 0 
1 0 0 
1 0 0 
1 0 0 
1 0 0 
1 0 0 
1 0 0 
1 0 0 
1 0 0 
1 0 0 
1 0 0 
1 0 0 
1 0 -2.24072e-44 
1 0 -2.7565e-42 
1 0 -5.96232e-43 
1 0 -7.98197e-46 
1 0 -2.27232e-42 
1 0 -2.30811e-37 
1 0 -6.27453e-36 
1 0 -2.59354e-34 
1 0 -5.66941e-35 
1 0 -2.1494e-37 
1 0 -1.98149e-38 
1 0 -4.31241e-39 
1 0 -1.23651e-41 
1 0 -1.13171e-42 
1 0 -2.45575e-43 
1 0 -5.35931e-46 
1 0 -4.87917e-47 
1 0 -1.05647e-47 
1 0 -1.7749e-50 
1 0 -1.60956e-51 
1 0 -3.47953e-52 
1 0 -4.55372e-55 
1 0 -4.11735e-56 
1 0 -8.89011e-57 
1 0 -9.15112e-60 
1 0 -8.25544e-61 
1 0 -1.78085e-61 
1 0 -1.45098e-64 
1 0 -1.30664e-65 
1 0 -2.8166e-66 
1 0 0 
1 0 0 
1 0 0 
1 0 0 
1 0 0 
1 0 0 
1 0 0 
1 0 0 
1 0 0 
1 0 0 
1 0 0 
1 0 0 
1 0 0 
1 0 0 
1 0 0 
1 0 0 
1 0 0 
1 0 0 
1 0 0 
1 0 0 
1 0 0 
1 0 0 
1 0 0 
1 0 0 
1 0 0 
1 0 0 
1 0 0 
1 0 0 
1 0 0 
1 0 0 
1 0 0 
1 0 0 
1 0 0 
1 0 0 
1 0 0 
1 0 0 
1 0 0 
1 0 0 
1 0 0 
1 0 0 
1 0 0 
1 0 0 
1 0 0 
1 0 0 
1 0 0 
1 0 0 
1 0 0 
1 0 0 
1 0 0 
1 0 0 
1 0 -9.32368e-47 
1 0 -1.46723e-44 
1 0 -3.16952e-45 
1 0 -3.33179e-48 
1 0 -1.207e-44 
1 0 -2.04812e-39 
1 0 -7.15284e-38 
1 0 -3.93063e-36 
1 0 -8.5604e-37 
1 0 -2.48076e-39 
1 0 -2.27092e-40 
1 0 -4.92815e-41 
1 0 -1.08396e-43 
1 0 -9.8695e-45 
1 0 -2.13709e-45 
1 0 -3.61135e-48 
1 0 -3.27514e-49 
1 0 -7.08034e-50 
1 0 -9.307e-53 
1 0 -8.41545e-54 
1 0 -1.81708e-54 
1 0 -1.87677e-57 
1 0 -1.69312e-58 
1 0 -3.65239e-59 
1 0 -2.98379e-62 
1 0 -2.687e-63 
1 0 -5.79216e-64 
1 0 -3.75263e-67 
1 0 -3.37454e-68 
1 0 -7.26998e-69 
1 0 0 
1 0 0 
1 0 0 
1 0 0 
1 0 0 
1 0 0 
1 0 0 
1 0 0 
1 0 0 
1 0 0 
1 0 0 
1 0 0 
1 0 0 
1 0 0 
1 0 0 
1 0 0 
1 0 0 
1 0 0 
1 0 0 
1 0 0 
1 0 0 
1 0 0 
1 0 0 
1 0 0 
1 0 0 
1 0 0 
1 0 0 
1 0 0 
1 0 0 
1 0 0 
1 0 0 
1 0 0 
1 0 0 
1 0 0 
1 0 0 
1 0 0 
1 0 0 
1 0 0 
1 0 0 
1 0 0 
1 0 0 
1 0 0 
1 0 0 
1 0 0 
1 0 0 
1 0 0 
1 0 0 
1 0 0 
1 0 0 
1 0 0 
1 0 -3.07121e-49 
1 0 -6.13831e-47 
1 0 -1.32466e-47 
1 0 -1.10022e-50 
1 0 -5.04152e-47 
1 0 -1.40097e-41 
1 0 -6.26138e-40 
1 0 -4.55303e-38 
1 0 -9.88698e-39 
1 0 -2.19204e-41 
1 0 -1.99607e-42 
1 0 -4.32238e-43 
1 0 -7.34727e-46 
1 0 -6.66366e-47 
1 0 -1.44062e-47 
1 0 -1.90208e-50 
1 0 -1.71994e-51 
1 0 -3.71377e-52 
1 0 -3.84887e-55 
1 0 -3.47232e-56 
1 0 -7.49055e-57 
1 0 -6.13573e-60 
1 0 -5.5255e-61 
1 0 -1.1911e-61 
1 0 -7.73341e-65 
1 0 -6.95431e-66 
1 0 -1.49821e-66 
1 0 -7.69796e-70 
1 0 -6.91438e-71 
1 0 -1.4889e-71 
1 0 0 
1 0 0 
1 0 0 
1 0 0 
1 0 0 
1 0 0 
1 0 0 
1 0 0 
1 0 0 
1 0 0 
1 0 0 
1 0 0 
1 0 0 
1 0 0 
1 0 0 
1 0 0 
1 0 0 
1 0 0 
1 0 0 
1 0 0 
1 0 0 
1 0 0 
1 0 0 
1 0 0 
1 0 0 
1 0 0 
1 0 0 
1 0 0 
1 0 0 
1 0 0 
1 0 0 
1 0 0 
1 0 0 
1 0 0 
1 0 0 
1 0 0 
1 0 0 
1 0 0 
1 0 0 
1 0 0 
1 0 0 
1 0 0 
1 0 0 
1 0 0 
1 0 0 
1 0 0 
1 0 0 
1 0 0 
1 0 0 
1 0 0 
1 0 -8.02521e-52 
1 0 -2.0306e-49 
1 0 -4.37858e-50 
1 0 -2.8807e-53 
1 0 -1.66567e-49 
1 0 -7.46328e-44 
1 0 -4.23923e-42 
1 0 -4.03423e-40 
1 0 -8.74086e-41 
1 0 -1.49466e-43 
1 0 -1.35568e-44 
1 0 -2.93091e-45 
1 0 -3.88708e-48 
1 0 -3.51498e-49 
1 0 -7.58984e-50 
1 0 -7.89295e-53 
1 0 -7.12091e-54 
1 0 -1.53615e-54 
1 0 -1.26169e-57 
1 0 -1.13623e-58 
1 0 -2.44931e-59 
1 0 -1.59368e-62 
1 0 -1.43314e-63 
1 0 -3.08751e-64 
1 0 -1.58916e-67 
1 0 -1.42741e-68 
1 0 -3.07371e-69 
1 0 -1.24322e-72 
1 0 -1.11561e-73 
1 0 -2.40135e-74 
1 0 0 
1 0 0 
1 0 0 
1 0 0 
1 0 0 
1 0 0 
1 0 0 
1 0 0 
1 0 0 
1 0 0 
1 0 0 
1 0 0 
1 0 0 
1 0 0 
1 0 0 
1 0 0 
1 0 0 
1 0 0 
1 0 0 
1 0 0 
1 0 0 
1 0 0 
1 0 0 
1 0 0 
1 0 0 
1 0 0 
1 0 0 
1 0 0 
1 0 0 
1 0 0 
1 0 0 
1 0 0 
1 0 0 
1 0 0 
1 0 0 
1 0 0 
1 0 0 
1 0 0 
1 0 0 
1 0 0 
1 0 0 
1 0 0 
1 0 0 
1 0 0 
1 0 0 
1 0 0 
1 0 0 
1 0 0 
1 0 0 
1 0 0 
1 0 -1.66012e-54 
1 0 -5.32427e-52 
1 0 -1.14733e-52 
1 0 -5.96886e-56 
1 0 -4.36299e-52 
1 0 -3.12431e-46 
1 0 -2.24075e-44 
1 0 -2.7565e-42 
1 0 -5.96232e-43 
1 0 -7.94315e-46 
1 0 -7.18306e-47 
1 0 -1.55105e-47 
1 0 -1.61857e-50 
1 0 -1.46028e-51 
1 0 -3.15021e-52 
1 0 -2.59437e-55 
1 0 -2.33642e-56 
1 0 -5.03652e-57 
1 0 -3.28415e-60 
1 0 -2.95335e-61 
1 0 -6.36264e-62 
1 0 -3.28063e-65 
1 0 -2.94673e-66 
1 0 -6.34534e-67 
1 0 -2.57021e-70 
1 0 -2.30639e-71 
1 0 -4.96452e-72 
1 0 -1.55934e-75 
1 0 -1.39816e-76 
1 0 -3.00855e-77 
1 0 0 
1 0 0 
1 0 0 
1 0 0 
1 0 0 
1 0 0 
1 0 0 
1 0 0 
1 0 0 
1 0 0 
1 0 0 
1 0 0 
1 0 0 
1 0 0 
1 0 0 
1 0 0 
1 0 0 
1 0 0 
1 0 0 
1 0 0 
1 0 0 
1 0 0 
1 0 0 
1 0 0 
1 0 0 
1 0 0 
1 0 0 
1 0 0 
1 0 0 
1 0 0 
1 0 0 
1 0 0 
1 0 0 
1 0 0 
1 0 0 
1 0 0 
1 0 0 
1 0 0 
1 0 0 
1 0 0 
1 0 0 
1 0 0 
1 0 0 
1 0 0 
1 0 0 
1 0 0 
1 0 0 
1 0 0 
1 0 0 
1 0 0 
1 0 -2.69973e-57 
1 0 -1.10447e-54 
1 0 -2.37879e-55 
1 0 -9.71986e-59 
1 0 -9.0432e-55 
1 0 -1.03406e-48 
1 0 -9.32375e-47 
1 0 -1.46723e-44 
1 0 -3.16952e-45 
1 0 -3.31899e-48 
1 0 -2.99449e-49 
1 0 -6.45996e-50 
1 0 -5.33458e-53 
1 0 -4.80424e-54 
1 0 -1.03564e-54 
1 0 -6.76767e-58 
1 0 -6.08604e-59 
1 0 -1.31117e-59 
1 0 -6.77239e-63 
1 0 -6.08313e-64 
1 0 -1.30992e-64 
1 0 -5.31355e-68 
1 0 -4.76817e-69 
1 0 -1.02635e-69 
1 0 -3.22763e-73 
1 0 -2.89401e-74 
1 0 -6.22733e-75 
1 0 -1.48536e-78 
1 0 -1.33092e-79 
1 0 -2.86308e-80 
1 0 0 
1 0 0 
1 0 0 
1 0 0 
1 0 0 
1 0 0 
1 0 0 
1 0 0 
1 0 0 
1 0 0 
1 0 0 
1 0 0 
1 0 0 
1 0 0 
1 0 0 
1 0 0 
1 0 0 
1 0 0 
1 0 0 
1 0 0 
1 0 0 
1 0 0 
1 0 0 
1 0 0 
1 0 0 
1 0 0 
1 0 0 
1 0 0 
1 0 0 
1 0 0 
1 0 0 
1 0 0 
1 0 0 
1 0 0 
1 0 0 
1 0 0 
1 0 0 
1 0 0 
1 0 0 
1 0 0 
1 0 0 
1 0 0 
1 0 0 
1 0 0 
1 0 0 
1 0 0 
1 0 0 
1 0 0 
1 0 0 
1 0 0 
1 0 -3.40583e-60 
1 0 -1.80028e-57 
1 0 -3.87571e-58 
1 0 -1.2276e-61 
1 0 -1.47303e-57 
1 0 -2.71239e-51 
1 0 -3.07122e-49 
1 0 -6.13831e-47 
1 0 -1.32466e-47 
1 0 -1.09688e-50 
1 0 -9.87848e-52 
1 0 -2.12949e-52 
1 0 -1.3946e-55 
1 0 -1.25415e-56 
1 0 -2.70194e-57 
1 0 -1.39805e-60 
1 0 -1.25577e-61 
1 0 -2.70413e-62 
1 0 -1.0985e-65 
1 0 -9.85751e-67 
1 0 -2.12184e-67 
1 0 -6.68075e-71 
1 0 -5.99023e-72 
1 0 -1.28898e-72 
1 0 -3.07763e-76 
1 0 -2.75765e-77 
1 0 -5.93226e-78 
1 0 -1.03637e-81 
1 0 -9.28082e-83 
1 0 -1.99602e-83 
1 0 0 
1 0 0 
1 0 0 
1 0 0 
1 0 0 
1 0 0 
1 0 0 
1 0 0 
1 0 0 
1 0 0 
1 0 0 
1 0 0 
1 0 0 
1 0 0 
1 0 0 
1 0 0 
1 0 0 
1 0 0 
1 0 0 
1 0 0 
1 0 0 
1 0 0 
1 0 0 
1 0 0 
1 0 0 
1 0 0 
1 0 0 
1 0 0 
1 0 0 
1 0 0 
1 0 0 
1 0 0 
1 0 0 
1 0 0 
1 0 0 
1 0 0 
1 0 0 
1 0 0 
1 0 0 
1 0 0 
1 0 0 
1 0 0 
1 0 0 
1 0 0 
1 0 0 
1 0 0 
1 0 0 
1 0 0 
1 0 0 
1 0 0 
1 0 -3.26011e-63 
1 0 -2.27552e-60 
1 0 -4.89704e-61 
1 0 -1.1762e-64 
1 0 -1.86082e-60 
1 0 -5.62842e-54 
1 0 -8.02524e-52 
1 0 -2.0306e-49 
1 0 -4.37858e-50 
1 0 -2.87378e-53 
1 0 -2.58439e-54 
1 0 -5.56783e-55 
1 0 -2.88602e-58 
1 0 -2.59233e-59 
1 0 -5.58224e-60 
1 0 -2.27096e-63 
1 0 -2.03789e-64 
1 0 -4.38658e-65 
1 0 -1.38282e-68 
1 0 -1.23989e-69 
1 0 -2.668e-70 
1 0 -6.37677e-74 
1 0 -5.71379e-75 
1 0 -1.22915e-75 
1 0 -2.1492e-79 
1 0 -1.92464e-80 
1 0 -4.13931e-81 
1 0 -4.98309e-85 
1 0 -4.46023e-86 
1 0 -9.59064e-87 
1 0 0 
1 0 0 
1 0 0 
1 0 0 
1 0 0 
1 0 0 
1 0 0 
1 0 0 
1 0 0 
1 0 0 
1 0 0 
1 0 0 
1 0 0 
1 0 0 
1 0 0 
1 0 0 
1 0 0 
1 0 0 
1 0 0 
1 0 0 
1 0 0 
1 0 0 
1 0 0 
1 0 0 
1 0 0 
1 0 0 
1 0 0 
1 0 0 
1 0 0 
1 0 0 
1 0 0 
1 0 0 
1 0 0 
1 0 0 
1 0 0 
1 0 0 
1 0 0 
1 0 0 
1 0 0 
1 0 0 
1 0 0 
1 0 0 
1 0 0 
1 0 0 
1 0 0 
1 0 0 
1 0 0 
1 0 0 
1 0 0 
1 0 0 
1 0 -2.28412e-66 
1 0 -2.18172e-63 
1 0 -4.69372e-64 
1 0 -8.24749e-68 
1 0 -1.78326e-63 
1 0 -9.17666e-57 
1 0 -1.66012e-54 
1 0 -5.32427e-52 
1 0 -1.14733e-52 
1 0 -5.9576e-56 
1 0 -5.35137e-57 
1 0 -1.15235e-57 
1 0 -4.69482e-61 
1 0 -4.21299e-62 
1 0 -9.06853e-63 
1 0 -2.86222e-66 
1 0 -2.56639e-67 
1 0 -5.52237e-68 
1 0 -1.32125e-71 
1 0 -1.18388e-72 
1 0 -2.54677e-73 
1 0 -4.45695e-77 
1 0 -3.99127e-78 
1 0 -8.584e-79 
1 0 -1.03415e-82 
1 0 -9.2564e-84 
1 0 -1.99037e-84 
1 0 -1.47111e-88 
1 0 -1.31619e-89 
1 0 -2.82967e-90 
1 0 0 
1 0 0 
1 0 0 
1 0 0 
1 0 0 
1 0 0 
1 0 0 
1 0 0 
1 0 0 
1 0 0 
1 0 0 
1 0 0 
1 0 0 
1 0 0 
1 0 0 
1 0 0 
1 0 0 
1 0 0 
1 0 0 
1 0 0 
1 0 0 
1 0 0 
1 0 0 
1 0 0 
1 0 0 
1 0 0 
1 0 0 
1 0 0 
1 0 0 
1 0 0 
1 0 0 
1 0 0 
1 0 0 
1 0 0 
1 0 0 
1 0 0 
1 0 0 
1 0 0 
1 0 0 
1 0 0 
1 0 0 
1 0 0 
1 0 0 
1 0 0 
1 0 0 
1 0 0 
1 0 0 
1 0 0 
1 0 0 
1 0 0 
1 0 -1.10216e-69 
1 0 -1.53069e-66 
1 0 -3.29225e-67 
1 0 -3.98246e-71 
1 0 -1.25063e-66 
1 0 -1.16017e-59 
1 0 -2.69973e-57 
1 0 -1.10447e-54 
1 0 -2.37879e-55 
1 0 -9.70565e-59 
1 0 -8.70959e-60 
1 0 -1.87476e-60 
1 0 -5.92433e-64 
1 0 -5.31203e-65 
1 0 -1.14305e-65 
1 0 -2.73758e-69 
1 0 -2.45297e-70 
1 0 -5.27684e-71 
1 0 -9.24271e-75 
1 0 -8.277e-76 
1 0 -1.78013e-76 
1 0 -2.14619e-80 
1 0 -1.921e-81 
1 0 -4.13064e-82 
1 0 -3.05496e-86 
1 0 -2.73326e-87 
1 0 -5.8762e-88 
1 0 -2.00173e-92 
1 0 -1.79029e-93 
1 0 -3.84835e-94 
1 0 0 
1 0 0 
1 0 0 
1 0 0 
1 0 0 
1 0 0 
1 0 0 
1 0 0 
1 0 0 
1 0 0 
1 0 0 
1 0 0 
1 0 0 
1 0 0 
1 0 0 
1 0 0 
1 0 0 
1 0 0 
1 0 0 
1 0 0 
1 0 0 
1 0 0 
1 0 0 
1 0 0 
1 0 0 
1 0 0 
1 0 0 
1 0 0 
1 0 0 
1 0 0 
1 0 0 
1 0 0 
1 0 0 
1 0 0 
1 0 0 
1 0 0 
1 0 0 
1 0 0 
1 0 0 
1 0 0 
1 0 0 
1 0 0 
1 0 0 
1 0 0 
1 0 0 
1 0 0 
1 0 0 
1 0 0 
1 0 0 
1 0 0 
1 0 -3.26372e-73 
1 0 -7.39487e-70 
1 0 -1.59015e-70 
1 0 -1.17999e-74 
1 0 -6.03974e-70 
1 0 -1.11255e-62 
1 0 -3.40583e-60 
1 0 -1.80028e-57 
1 0 -3.87571e-58 
1 0 -1.22623e-61 
1 0 -1.0995e-62 
1 0 -2.36592e-63 
1 0 -5.67216e-67 
1 0 -5.08246e-68 
1 0 -1.09334e-68 
1 0 -1.91673e-72 
1 0 -1.71646e-73 
1 0 -3.69159e-74 
1 0 -4.45402e-78 
1 0 -3.98668e-79 
1 0 -8.5724e-80 
1 0 -6.34406e-84 
1 0 -5.67601e-85 
1 0 -1.22028e-85 
1 0 -4.15913e-90 
1 0 -3.71981e-91 
1 0 -7.99599e-92 
1 0 0 
1 0 0 
1 0 0 
1 0 0 
1 0 0 
1 0 0 
1 0 0 
1 0 0 
1 0 0 
1 0 0 
1 0 0 
1 0 0 
1 0 0 
1 0 0 
1 0 0 
1 0 0 
1 0 0 
1 0 0 
1 0 0 
1 0 0 
1 0 0 
1 0 0 
1 0 0 
1 0 0 
1 0 0 
1 0 0 
1 0 0 
1 0 0 
1 0 0 
1 0 0 
1 0 0 
1 0 0 
1 0 0 
1 0 0 
1 0 0 
1 0 0 
1 0 0 
1 0 0 
1 0 0 
1 0 0 
1 0 0 
1 0 0 
1 0 0 
1 0 0 
1 0 0 
1 0 0 
1 0 0 
1 0 0 
1 0 0 
1 0 0 
1 0 0 
1 0 0 
1 0 0 
1 0 -4.45249e-77 
1 0 -2.192e-73 
1 0 -4.71264e-74 
1 0 -1.61062e-78 
1 0 -1.78978e-73 
1 0 -7.80688e-66 
1 0 -3.26011e-63 
1 0 -2.27552e-60 
1 0 -4.89704e-61 
1 0 -1.17525e-64 
1 0 -1.05306e-65 
1 0 -2.26536e-66 
1 0 -3.97484e-70 
1 0 -3.55955e-71 
1 0 -7.6555e-72 
1 0 -9.24349e-76 
1 0 -8.27362e-77 
1 0 -1.77904e-77 
1 0 -1.31743e-81 
1 0 -1.1787e-82 
1 0 -2.53408e-83 
1 0 -8.64173e-88 
1 0 -7.72892e-89 
1 0 -1.66138e-89 
1 0 0 
1 0 0 
1 0 0 
1 0 0 
1 0 0 
1 0 0 
1 0 0 
1 0 0 
1 0 0 
1 0 0 
1 0 0 
1 0 0 
1 0 0 
1 0 0 
1 0 0 
1 0 0 
1 0 0 
1 0 0 
1 0 0 
1 0 0 
1 0 0 
1 0 0 
1 0 0 
1 0 0 
1 0 0 
1 0 0 
1 0 0 
1 0 0 
1 0 0 
1 0 0 
1 0 0 
1 0 0 
1 0 0 
1 0 0 
1 0 0 
1 0 0 
1 0 0 
1 0 0 
1 0 0 
1 0 0 
1 0 0 
1 0 0 
1 0 0 
1 0 0 
1 0 0 
1 0 0 
1 0 0 
1 0 0 
1 0 0 
1 0 0 
1 0 0 
1 0 0 
1 0 0 
1 0 0 
1 0 0 
1 0 0 
1 0 0 
1 0 -2.99302e-77 
1 0 -6.43369e-78 
1 0 0 
1 0 -2.44318e-77 
1 0 -3.77206e-69 
1 0 -2.28412e-66 
1 0 -2.18172e-63 
1 0 -4.69372e-64 
1 0 -8.24288e-68 
1 0 -7.38166e-69 
1 0 -1.58757e-69 
1 0 -1.91831e-73 
1 0 -1.71704e-74 
1 0 -3.69208e-75 
1 0 -2.73583e-79 
1 0 -2.44774e-80 
1 0 -5.26236e-81 
1 0 -1.79555e-85 
1 0 -1.60589e-86 
1 0 -3.45198e-87 
1 0 0 
1 0 0 
1 0 0 
1 0 0 
1 0 0 
1 0 0 
1 0 0 
1 0 0 
1 0 0 
1 0 0 
1 0 0 
1 0 0 
1 0 0 
1 0 0 
1 0 0 
1 0 0 
1 0 0 
1 0 0 
1 0 0 
1 0 0 
1 0 0 
1 0 0 
1 0 0 
1 0 0 
1 0 0 
1 0 0 
1 0 0 
1 0 0 
1 0 0 
1 0 0 
1 0 0 
1 0 0 
1 0 0 
1 0 0 
1 0 0 
1 0 0 
1 0 0 
1 0 0 
1 0 0 
1 0 0 
1 0 0 
1 0 0 
1 0 0 
1 0 0 
1 0 0 
1 0 0 
1 0 0 
1 0 0 
1 0 0 
1 0 0 
1 0 0 
1 0 0 
1 0 0 
1 0 0 
1 0 0 
1 0 0 
1 0 0 
1 0 0 
1 0 0 
1 0 0 
1 0 0 
1 0 0 
1 0 0 
1 0 0 
1 0 -1.11825e-72 
1 0 -1.10216e-69 
1 0 -1.53069e-66 
1 0 -3.29225e-67 
1 0 -3.9811e-71 
1 0 -3.56339e-72 
1 0 -7.66221e-73 
1 0 -5.68134e-77 
1 0 -5.08307e-78 
1 0 -1.0928e-78 
1 0 -3.73075e-83 
1 0 -3.33668e-84 
1 0 -7.17243e-85 
1 0 0 
1 0 0 
1 0 0 
1 0 0 
1 0 0 
1 0 0 
1 0 0 
1 0 0 
1 0 0 
1 0 0 
1 0 0 
1 0 0 
1 0 0 
1 0 0 
1 0 0 
1 0 0 
1 0 0 
1 0 0 
1 0 0 
1 0 0 
1 0 0 
1 0 0 
1 0 0 
1 0 0 
1 0 0 
1 0 0 
1 0 0 
1 0 0 
1 0 0 
1 0 0 
1 0 0 
1 0 0 
1 0 0 
1 0 0 
1 0 0 
1 0 0 
1 0 0 
1 0 0 
1 0 0 
1 0 0 
1 0 0 
1 0 0 
1 0 0 
1 0 0 
1 0 0 
1 0 0 
1 0 0 
1 0 0 
1 0 0 
1 0 0 
1 0 0 
1 0 0 
1 0 0 
1 0 0 
1 0 0 
1 0 0 
1 0 0 
1 0 0 
1 0 0 
1 0 0 
1 0 0 
1 0 0 
1 0 0 
1 0 0 
1 0 0 
1 0 0 
1 0 0 
1 0 -1.52704e-76 
1 0 -3.26372e-73 
1 0 -7.39487e-70 
1 0 -1.59015e-70 
1 0 -1.17981e-74 
1 0 -1.05557e-75 
1 0 -2.26936e-76 
1 0 -7.75166e-81 
1 0 -6.93287e-82 
1 0 -1.49027e-82 
1 0 0 
1 0 0 
1 0 0 
1 0 0 
1 0 0 
1 0 0 
1 0 0 
1 0 0 
1 0 0 
1 0 0 
1 0 0 
1 0 0 
1 0 0 
1 0 0 
1 0 0 
1 0 0 
1 0 0 
1 0 0 
1 0 0 
1 0 0 
1 0 0 
1 0 0 
1 0 0 
1 0 0 
1 0 0 
1 0 0 
1 0 0 
1 0 0 
1 0 0 
1 0 0 
1 0 0 
1 0 0 
1 0 0 
1 0 0 
1 0 0 
1 0 0 
1 0 0 
1 0 0 
1 0 0 
1 0 0 
1 0 0 
1 0 0 
1 0 0 
1 0 0 
1 0 0 
1 0 0 
1 0 0 
1 0 0 
1 0 0 
1 0 0 
1 0 0 
1 0 0 
1 0 0 
1 0 0 
1 0 0 
1 0 0 
1 0 0 
1 0 0 
1 0 0 
1 0 0 
1 0 0 
1 0 0 
1 0 0 
1 0 0 
1 0 0 
1 0 0 
1 0 0 
1 0 0 
1 0 0 
1 0 0 
1 0 0 
1 0 -4.45249e-77 
1 0 -2.192e-73 
1 0 -4.71264e-74 
1 0 -1.61062e-78 
1 0 -1.44049e-79 
1 0 -3.09644e-80 
1 0 0 
1 0 0 
1 0 0 
1 0 0 
1 0 0 
1 0 0 
1 0 0 
1 0 0 
1 0 0 
1 0 0 
1 0 0 
1 0 0 
1 0 0 
1 0 0 
1 0 0 
1 0 0 
1 0 0 
1 0 0 
1 0 0 
1 0 0 
1 0 0 
1 0 0 
1 0 0 
1 0 0 
1 0 0 
1 0 0 
1 0 0 
1 0 0 
1 0 0 
1 0 0 
1 0 0 
1 0 0 
1 0 0 
1 0 0 
1 0 0 
1 0 0 
1 0 0 
1 0 0 
1 0 0 
1 0 0 
1 0 0 
1 0 0 
1 0 0 
1 0 0 
1 0 0 
1 0 0 
1 0 0 
1 0 0 
1 0 0 
1 0 0 
1 0 0 
1 0 0 
1 0 0 
1 0 0 
1 0 0 
1 0 0 
1 0 0 
1 0 0 
1 0 0 
1 0 0 
1 0 0 
1 0 0 
1 0 0 
1 0 0 
1 0 0 
1 0 0 
1 0 0 
1 0 0 
1 0 0 
1 0 0 
1 0 0 
1 0 0 
1 0 0 
1 0 0 
1 0 0 
1 0 -2.99302e-77 
1 0 -6.43369e-78 
1 0 0 
1 0 0 
1 0 0 
1 0 0 
1 0 0 
1 0 0 
1 0 0 
1 0 0 
1 0 0 
1 0 0 
1 0 0 
1 0 0 
1 0 0 
1 0 0 
1 0 0 
1 0 0 
1 0 0 
1 0 0 
1 0 0 
1 0 0 
1 0 0 
1 0 0 
1 0 0 
1 0 0 
1 0 0 
1 0 0 
1 0 0 
1 0 0 
1 0 0 
1 0 0 
1 0 0 
1 0 0 
1 0 0 
1 0 0 
1 0 0 
1 0 0 
1 0 0 
1 0 0 
1 0 0 
1 0 0 
1 0 0 
1 0 0 
1 0 0 
1 0 0 
1 0 0 
1 0 0 
1 0 0 
1 0 0 
1 0 0 
1 0 0 
1 0 0 
1 0 0 
1 0 0 
1 0 0 
1 0 0 
1 0 0 
1 0 0 
1 0 0 
1 0 0 
1 0 0 
1 0 0 
1 0 0 
1 0 0 
1 0 0 
1 0 0 
1 0 0 
1 0 0 
1 0 0 
1 0 0 
1 0 0 
1 0 0 
1 0 0 
1 0 0 
1 0 0 
1 0 0 
1 0 0 
1 0 0 
1 0 0 
1 0 0 
1 0 0 
1 0 0 
1 0 0 
1 0 0 
1 0 0 
1 0 0 
1 0 0 
1 0 0 
1 0 0 
1 0 0 
1 0 0 
1 0 0 
1 0 0 
1 0 0 
1 0 0 
1 0 0 
1 0 0 
1 0 0 
1 0 0 
1 0 0 
1 0 0 
1 0 0 
1 0 0 
1 0 0 
1 0 0 
1 0 0 
1 0 0 
1 0 0 
1 0 0 
1 0 0 
1 0 0 
1 0 0 
1 0 0 
1 0 0 
1 0 0 
1 0 0 
1 0 0 
1 0 0 
1 0 0 
1 0 0 
1 0 0 
1 0 0 
1 0 0 
1 0 0 
1 0 0 
1 0 0 
1 0 0 
1 0 0 
1 0 0 
1 0 0 
1 0 0 
1 0 0 
1 0 0 
1 0 0 
1 0 0 
1 0 0 
1 0 0 
1 0 0 
1 0 0 
1 0 0 
1 0 0 
1 0 0 
1 0 0 
1 0 0 
1 0 0 
1 0 0 
1 0 0 
1 0 0 
1 0 0 
1 0 0 
1 0 0 
1 0 0 
1 0 0 
1 0 0 
1 0 0 
1 0 0 
1 0 0 
1 0 0 
1 0 0 
1 0 0 
1 0 0 
1 0 0 
1 0 0 
1 0 0 
1 0 0 
1 0 0 
1 0 0 
1 0 0 
1 0 0 
1 0 0 
1 0 0 
1 0 0 
1 0 0 
1 0 0 
1 0 0 
1 0 0 
1 0 0 
1 0 0 
1 0 0 
1 0 0 
1 0 0 
1 0 0 
1 0 0 
1 0 0 
1 0 0 
1 0 0 
1 0 0 
1 0 0 
1 0 0 
1 0 0 
1 0 0 
1 0 0 
1 0 0 
1 0 0 
1 0 0 
1 0 0 
1 0 0 
1 0 0 
1 0 0 
1 0 0 
1 0 0 
1 0 0 
1 0 0 
1 0 0 
1 0 0 
1 0 0 
1 0 0 
1 0 0 
1 0 0 
1 0 0 
1 0 0 
1 0 0 
1 0 0 
1 0 0 
1 0 0 
1 0 0 
1 0 0 
1 0 0 
1 0 0 
1 0 0 
1 0 0 
1 0 0 
1 0 0 
1 0 0 
1 0 0 
1 0 0 
1 0 0 
1 0 0 
1 0 0 
1 0 0 
1 0 0 
1 0 0 
1 0 0 
1 0 0 
1 0 0 
1 0 0 
1 0 0 
1 0 0 
1 0 0 
1 0 0 
1 0 0 
1 0 0 
1 0 0 
1 0 0 
1 0 0 
1 0 0 
1 0 0 
1 0 0 
1 0 0 
1 0 0 
1 0 0 
1 0 0 
1 0 0 
1 0 0 
1 0 0 
1 0 0 
1 0 0 
1 0 0 
1 0 0 
1 0 0 
1 0 0 
1 0 0 
1 0 0 
1 0 0 
1 0 0 
1 0 0 
1 0 0 
1 0 0 
1 0 0 
1 0 0 
1 0 0 
1 0 0 
1 0 0 
1 0 0 
1 0 0 
1 0 0 
1 0 0 
1 0 0 
1 0 0 
1 0 0 
1 0 0 
1 0 0 
1 0 0 
1 0 0 
1 0 0 
1 0 0 
1 0 0 
1 0 0 
1 0 0 
1 0 0 
1 0 0 
1 0 0 
1 0 0 
1 0 0 
1 0 0 
1 0 0 
1 0 0 
1 0 0 
1 0 0 
1 0 0 
1 0 0 
1 0 0 
1 0 0 
1 0 0 
1 0 0 
1 0 0 
1 0 0 
1 0 0 
1 0 0 
1 0 0 
1 0 0 
1 0 0 
1 0 0 
1 0 0 
1 0 0 
1 0 0 
1 0 0 
1 0 0 
1 0 0 
1 0 0 
1 0 0 
1 0 0 
1 0 0 
1 0 0 
1 0 0 
1 0 0 
1 0 0 
1 0 0 
1 0 0 
1 0 0 
1 0 0 
1 0 0 
1 0 0 
1 0 0 
1 0 0 
1 0 0 
1 0 0 
1 0 0 
1 0 0 
1 0 0 
1 0 0 
1 0 0 
1 0 0 
1 0 0 
1 0 0 
1 0 0 
1 0 0 
1 0 0 
1 0 0 
1 0 0 
1 0 0 
1 0 0 
1 0 0 
1 0 0 
1 0 0 
1 0 0 
1 0 0 
1 0 0 
1 0 0 
1 0 0 
1 0 0 
1 0 0 
1 0 0 
1 0 0 
1 0 0 
1 0 0 
1 0 0 
1 0 0 
1 0 0 
1 0 0 
1 0 0 
1 0 0 
1 0 0 
1 0 0 
1 0 0 
1 0 0 
1 0 0 
1 0 0 
1 0 0 
1 0 0 
1 0 0 
1 0 0 
1 0 0 
1 0 0 
1 0 0 
1 0 0 
1 0 0 
1 0 0 
1 0 0 
1 0 0 
1 0 0 
1 0 0 
1 0 0 
1 0 0 
1 0 0 
1 0 0 
1 0 0 
1 0 0 
1 0 0 
1 0 0 
1 0 0 
1 0 0 
1 0 0 
1 0 0 
1 0 0 
1 0 0 
1 0 0 
1 0 0 
1 0 0 
1 0 0 
1 0 0 
1 0 0 
1 0 0 
1 0 0 
1 0 0 
1 0 0 
1 0 0 
1 0 0 
1 0 0 
1 0 0 
1 0 0 
1 0 0 
1 0 0 
1 0 0 
1 0 0 
1 0 0 
1 0 0 
1 0 0 
1 0 0 
1 0 0 
1 0 0 
1 0 0 
1 0 0 
1 0 0 
1 0 0 
1 0 0 
1 0 0 
1 0 0 
1 0 0 
1 0 0 
1 0 0 
1 0 0 
1 0 0 
1 0 0 
1 0 0 
1 0 0 
1 0 0 
1 0 0 
1 0 0 
1 0 0 
1 0 0 
1 0 0 
1 0 0 
1 0 0 
1 0 0 
1 0 0 
1 0 0 
1 0 0 
1 0 0 
1 0 0 
1 0 0 
1 0 0 
1 0 0 
1 0 0 
1 0 0 
1 0 0 
1 0 0 
1 0 0 
1 0 0 
1 0 0 
1 0 0 
1 0 0 
1 0 0 
1 0 0 
1 0 0 
1 0 0 
1 0 0 
1 0 0 
1 0 0 
1 0 0 
1 0 0 
1 0 0 
1 0 0 
1 0 0 
1 0 0 
1 0 0 
1 0 0 
1 0 0 
1 0 0 
1 0 0 
1 0 0 
1 0 0 
1 0 0 
1 0 0 
1 0 0 
1 0 0 
1 0 0 
1 0 0 
1 0 0 
1 0 0 
1 0 0 
1 0 0 
1 0 0 
1 0 0 
1 0 0 
1 0 0 
1 0 0 
1 0 0 
1 0 0 
1 0 0 
1 0 0 
1 0 0 
1 0 0 
1 0 0 
1 0 0 
1 0 0 
1 0 0 
1 0 0 
1 0 0 
1 0 0 
1 0 0 
1 0 0 
1 0 0 
1 0 0 
1 0 0 
1 0 0 
1 0 0 
1 0 0 
1 0 0 
1 0 0 
1 0 0 
1 0 0 
1 0 0 
1 0 0 
1 0 0 
1 0 0 
1 0 0 
1 0 0 
1 0 0 
1 0 0 
1 0 0 
1 0 0 
1 0 0 
1 0 0 
1 0 0 
1 0 0 
1 0 0 
1 0 0 
1 0 0 
1 0 0 
1 0 0 
1 0 0 
1 0 0 
1 0 0 
1 0 0 
1 0 0 
1 0 0 
1 0 0 
1 0 0 
1 0 0 
1 0 0 
1 0 0 
1 0 0 
1 0 0 
1 0 0 
1 0 0 
1 0 0 
1 0 0 
1 0 0 
1 0 0 
1 0 0 
1 0 0 
1 0 0 
1 0 0 
1 0 0 
1 0 0 
1 0 0 
1 0 0 
1 0 0 
1 0 0 
1 0 0 
1 0 0 
1 0 0 
1 0 0 
1 0 0 
1 0 0 
1 0 0 
1 0 0 
1 0 0 
1 0 0 
1 0 0 
1 0 0 
1 0 0 
1 0 0 
1 0 0 
1 0 0 
1 0 0 
1 0 0 
1 0 0 
1 0 0 
1 0 0 
1 0 0 
1 0 0 
1 0 0 
1 0 0 
1 0 0 
1 0 0 
1 0 0 
1 0 0 
1 0 0 
1 0 0 
1 0 0 
1 0 0 
1 0 0 
1 0 0 
1 0 0 
1 0 0 
1 0 0 
1 0 0 
1 0 0 
1 0 0 
1 0 0 
1 0 0 
1 0 0 
1 0 0 
1 0 0 
1 0 0 
1 0 0 
1 0 0 
1 0 0 
1 0 0 
1 0 0 
1 0 0 
1 0 0 
1 0 0 
1 0 0 
1 0 0 
1 0 0 
1 0 0 
1 0 0 
1 0 0 
1 0 0 
1 0 0 
1 0 0 
1 0 0 
1 0 0 
1 0 0 
1 0 0 
1 0 0 
1 0 0 
1 0 0 
1 0 0 
1 0 0 
1 0 0 
1 0 0 
1 0 0 
1 0 0 
1 0 0 
1 0 0 
1 0 0 
1 0 0 
1 0 0 
1 0 0 
1 0 0 
1 0 0 
1 0 0 
1 0 0 
1 0 0 
1 0 0 
1 0 0 
1 0 0 
1 0 0 
1 0 0 
1 0 0 
1 0 0 
1 0 0 
1 0 0 
1 0 0 
1 0 0 
1 0 0 
1 0 0 
1 0 0 
1 0 0 
1 0 0 
1 0 0 
1 0 0 
1 0 0 
1 0 0 
1 0 0 
1 0 0 
1 0 0 
1 0 0 
1 0 0 
1 0 0 
1 0 0 
1 0 0 
1 0 0 
1 0 0 
1 0 0 
1 0 0 
1 0 0 
1 0 0 
1 0 0 
1 0 0 
1 0 0 
1 0 0 
1 0 0 
1 0 0 
1 0 0 
1 0 0 
1 0 0 
1 0 0 
1 0 0 
1 0 0 
1 0 0 
1 0 0 
1 0 0 
1 0 0 
1 0 0 
1 0 0 
1 0 0 
1 0 0 
1 0 0 
1 0 0 
1 0 0 
1 0 0 
1 0 0 
1 0 0 
1 0 0 
1 0 0 
1 0 0 
1 0 0 
1 0 0 
1 0 0 
1 0 0 
1 0 0 
1 0 0 
1 0 0 
1 0 0 
1 0 0 
1 0 0 
1 0 0 
1 0 0 
1 0 0 
1 0 0 
1 0 0 
1 0 0 
1 0 0 
1 0 0 
1 0 0 
1 0 0 
1 0 0 
1 0 0 
1 0 0 
1 0 0 
1 0 0 
1 0 0 
1 0 0 
1 0 0 
1 0 0 
1 0 0 
1 0 0 
1 0 0 
1 0 0 
1 0 0 
1 0 0 
1 0 0 
1 0 0 
1 0 0 
1 0 0 
1 0 0 
1 0 0 
1 0 0 
1 0 0 
1 0 0 
1 0 0 
1 0 0 
1 0 0 
1 0 0 
1 0 0 
1 0 0 
1 0 0 
1 0 0 
1 0 0 
1 0 0 
1 0 0 
1 0 0 
1 0 0 
1 0 0 
1 0 0 
1 0 0 
1 0 0 
1 0 0 
1 0 0 
1 0 0 
1 0 0 
1 0 0 
1 0 0 
1 0 0 
1 0 0 
1 0 0 
1 0 0 
1 0 0 
1 0 0 
1 0 0 
1 0 0 
1 0 0 
1 0 0 
1 0 0 
1 0 0 
1 0 0 
1 0 0 
1 0 0 
1 0 0 
1 0 0 
1 0 0 
1 0 0 
1 0 0 
1 0 0 
1 0 0 
1 0 0 
1 0 0 
1 0 0 
1 0 0 
1 0 0 
1 0 0 
1 0 0 
1 0 0 
1 0 0 
1 0 0 
1 0 0 
1 0 0 
1 0 0 
1 0 0 
1 0 0 
1 0 0 
1 0 0 
1 0 0 
1 0 0 
1 0 0 
1 0 0 
1 0 0 
1 0 0 
1 0 0 
1 0 0 
1 0 0 
1 0 0 
1 0 0 
1 0 0 
1 0 0 
1 0 0 
1 0 0 
1 0 0 
1 0 0 
1 0 0 
1 0 0 
1 0 0 
1 0 0 
1 0 0 
1 0 0 
1 0 0 
1 0 0 
1 0 0 
1 0 0 
1 0 0 
1 0 0 
1 0 0 
1 0 0 
1 0 0 
1 0 0 
1 0 0 
1 0 0 
1 0 0 
1 0 0 
1 0 0 
1 0 0 
1 0 0 
1 0 0 
1 0 0 
1 0 0 
1 0 0 
1 0 0 
1 0 0 
1 0 0 
1 0 0 
1 0 0 
1 0 0 
1 0 0 
1 0 0 
1 0 0 
1 0 0 
1 0 0 
1 0 0 
1 0 0 
1 0 0 
1 0 0 
1 0 0 
1 0 0 
1 0 0 
1 0 0 
1 0 0 
1 0 0 
1 0 0 
1 0 0 
1 0 0 
1 0 0 
1 0 0 
1 0 0 
1 0 0 
1 0 0 
1 0 0 
1 0 0 
1 0 0 
1 0 0 
1 0 0 
1 0 0 
1 0 0 
1 0 0 
1 0 0 
1 0 0 
1 0 0 
1 0 0 
1 0 0 
1 0 0 
1 0 0 
1 0 0 
1 0 0 
1 0 0 
1 0 0 
1 0 0 
1 0 0 
1 0 0 
1 0 0 
1 0 0 
1 0 0 
1 0 0 
1 0 0 
1 0 0 
1 0 0 
1 0 0 
1 0 0 
1 0 0 
1 0 0 
1 0 0 
1 0 0 
1 0 0 
1 0 0 
1 0 0 
1 0 0 
1 0 0 
1 0 0 
1 0 0 
1 0 0 
1 0 0 
1 0 0 
1 0 0 
1 0 0 
1 0 0 
1 0 0 
1 0 0 
1 0 0 
1 0 0 
1 0 0 
1 0 0 
1 0 0 
1 0 0 
1 0 0 
1 0 0 
1 0 0 
1 0 0 
1 0 0 
1 0 0 
1 0 0 
1 0 0 
1 0 0 
1 0 0 
1 0 0 
1 0 0 
1 0 0 
1 0 0 
1 0 0 
1 0 0 
1 0 0 
1 0 0 
1 0 0 
1 0 0 
1 0 0 
1 0 0 
1 0 0 
1 0 0 
1 0 0 
1 0 0 
1 0 0 
1 0 0 
1 0 0 
1 0 0 
1 0 0 
1 0 0 
1 0 0 
1 0 0 
1 0 0 
1 0 0 
1 0 0 
1 0 0 
1 0 0 
1 0 0 
1 0 0 
1 0 0 
1 0 0 
1 0 0 
1 0 0 
1 0 0 
1 0 0 
1 0 0 
1 0 0 
1 0 0 
1 0 0 
1 0 0 
1 0 0 
1 0 0 
1 0 0 
1 0 0 
1 0 0 
1 0 0 
1 0 0 
1 0 0 
1 0 0 
1 0 0 
1 0 0 
1 0 0 
1 0 0 
1 0 0 
1 0 0 
1 0 0 
1 0 0 
1 0 0 
1 0 0 
1 0 0 
1 0 0 
1 0 0 
1 0 0 
1 0 0 
1 0 0 
1 0 0 
1 0 0 
1 0 0 
1 0 0 
1 0 0 
1 0 0 
1 0 0 
1 0 0 
1 0 0 
1 0 0 
1 0 0 
1 0 0 
1 0 0 
1 0 0 
1 0 0 
1 0 0 
1 0 0 
1 0 0 
1 0 0 
1 0 0 
1 0 0 
1 0 0 
1 0 0 
1 0 0 
1 0 0 
1 0 0 
1 0 0 
1 0 0 
1 0 0 
1 0 0 
1 0 0 
1 0 0 
1 0 0 
1 0 0 
1 0 0 
1 0 0 
1 0 0 
1 0 0 
1 0 0 
1 0 0 
1 0 0 
1 0 0 
1 0 0 
1 0 0 
1 0 0 
1 0 0 
1 0 0 
1 0 0 
1 0 0 
1 0 0 
1 0 0 
1 0 0 
1 0 0 
1 0 0 
1 0 0 
1 0 0 
1 0 0 
1 0 0 
1 0 0 
1 0 0 
1 0 0 
1 0 0 
1 0 0 
1 0 0 
1 0 0 
1 0 0 
1 0 0 
1 0 0 
1 0 0 
1 0 0 
1 0 0 
1 0 0 
1 0 0 
1 0 0 
1 0 0 
1 0 0 
1 0 0 
1 0 0 
1 0 0 
1 0 0 
1 0 0 
1 0 0 
1 0 0 
1 0 0 
1 0 0 
1 0 0 
1 0 0 
1 0 0 
1 0 0 
1 0 0 
1 0 0 
1 0 0 
1 0 0 
1 0 0 
1 0 0 
1 0 0 
1 0 0 
1 0 0 
1 0 0 
1 0 0 
1 0 0 
1 0 0 
1 0 0 
1 0 0 
1 0 0 
1 0 0 
1 0 0 
1 0 0 
1 0 0 
1 0 0 
1 0 0 
1 0 0 
1 0 0 
1 0 0 
1 0 0 
1 0 0 
1 0 0 
1 0 0 
1 0 0 
1 0 0 
1 0 0 
1 0 0 
1 0 0 
1 0 0 
1 0 0 
1 0 0 
1 0 0 
1 0 0 
1 0 0 
1 0 0 
1 0 0 
1 0 0 
1 0 0 
1 0 0 
1 0 0 
1 0 0 
1 0 0 
1 0 0 
1 0 0 
1 0 0 
1 0 0 
1 0 0 
1 0 0 
1 0 0 
1 0 0 
1 0 0 
1 0 0 
1 0 0 
1 0 0 
1 0 0 
1 0 0 
1 0 0 
1 0 0 
1 0 0 
1 0 0 
1 0 0 
1 0 0 
1 0 0 
1 0 0 
1 0 0 
1 0 0 
1 0 0 
1 0 0 
1 0 0 
1 0 0 
1 0 0 
1 0 0 
1 0 0 
1 0 0 
1 0 0 
1 0 0 
1 0 0 
1 0 0 
1 0 0 
1 0 0 
1 0 0 
1 0 0 
1 0 0 
1 0 0 
1 0 0 
1 0 0 
1 0 0 
1 0 0 
1 0 0 
1 0 0 
1 0 0 
1 0 0 
1 0 0 
1 0 0 
1 0 0 
1 0 0 
1 0 0 
1 0 0 
1 0 0 
1 0 0 
1 0 0 
1 0 0 
1 0 0 
1 0 0 
1 0 0 
1 0 0 
1 0 0 
1 0 0 
1 0 0 
1 0 0 
1 0 0 
1 0 0 
1 0 0 
1 0 0 
1 0 0 
1 0 0 
1 0 0 
1 0 0 
1 0 0 
1 0 0 
1 0 0 
1 0 0 
1 0 0 
1 0 0 
1 0 0 
1 0 0 
1 0 0 
1 0 0 
1 0 0 
1 0 0 
1 0 0 
1 0 0 
1 0 0 
1 0 0 
1 0 0 
1 0 0 
1 0 0 
1 0 0 
1 0 0 
1 0 0 
1 0 0 
1 0 0 
1 0 0 
1 0 0 
1 0 0 
1 0 0 
1 0 0 
1 0 0 
1 0 0 
1 0 0 
1 0 0 
1 0 0 
1 0 0 
1 0 0 
1 0 0 
1 0 0 
1 0 0 
1 0 0 
1 0 0 
1 0 0 
1 0 0 
1 0 0 
1 0 0 
1 0 0 
1 0 0 
1 0 0 
1 0 0 
1 0 0 
1 0 0 
1 0 0 
1 0 0 
1 0 0 
1 0 0 
1 0 0 
1 0 0 
1 0 0 
1 0 0 
1 0 0 
1 0 0 
1 0 0 
1 0 0 
1 0 0 
1 0 0 
1 0 0 
1 0 0 
1 0 0 
1 0 0 
1 0 0 
1 0 0 
1 0 0 
1 0 0 
1 0 0 
1 0 0 
1 0 0 
1 0 0 
1 0 0 
1 0 0 
1 0 0 
1 0 0 
1 0 0 
1 0 0 
1 0 0 
1 0 0 
1 0 0 
1 0 0 
1 0 0 
1 0 0 
1 0 0 
1 0 0 
1 0 0 
1 0 0 
1 0 0 
1 0 0 
1 0 0 
1 0 0 
1 0 0 
1 0 0 
1 0 0 
1 0 0 
1 0 0 
1 0 0 
1 0 0 
1 0 0 
1 0 0 
1 0 0 
1 0 0 
1 0 0 
1 0 0 
1 0 0 
1 0 0 
1 0 0 
1 0 0 
1 0 0 
1 0 0 
1 0 0 
1 0 0 
1 0 0 
1 0 0 
1 0 0 
1 0 0 
1 0 0 
1 0 0 
1 0 0 
1 0 0 
1 0 0 
1 0 0 
1 0 0 
1 0 0 
1 0 0 
1 0 0 
1 0 0 
1 0 0 
1 0 0 
1 0 0 
1 0 0 
1 0 0 
1 0 0 
1 0 0 
1 0 0 
1 0 0 
1 0 0 
1 0 0 
1 0 0 
1 0 0 
1 0 0 
1 0 0 
1 0 0 
1 0 0 
1 0 0 
1 0 0 
1 0 0 
1 0 0 
1 0 0 
1 0 0 
1 0 0 
1 0 0 
1 0 0 
1 0 0 
1 0 0 
1 0 0 
1 0 0 
1 0 0 
1 0 0 
1 0 0 
1 0 0 
1 0 0 
1 0 0 
1 0 0 
1 0 0 
1 0 0 
1 0 0 
1 0 0 
1 0 0 
1 0 0 
1 0 0 
1 0 0 
1 0 0 
1 0 0 
1 0 0 
1 0 0 
1 0 0 
1 0 0 
1 0 0 
1 0 0 
1 0 0 
1 0 0 
1 0 0 
1 0 0 
1 0 0 
1 0 0 
1 0 0 
1 0 0 
1 0 0 
1 0 0 
1 0 0 
1 0 0 
1 0 0 
1 0 0 
1 0 0 
1 0 0 
1 0 0 
1 0 0 
1 0 0 
1 0 0 
1 0 0 
1 0 0 
1 0 0 
1 0 0 
1 0 0 
1 0 0 
1 0 0 
1 0 0 
1 0 0 
1 0 0 
1 0 0 
1 0 0 
1 0 0 
1 0 0 
1 0 0 
1 0 0 
1 0 0 
1 0 0 
1 0 0 
1 0 0 
1 0 0 
1 0 0 
1 0 0 
1 0 0 
1 0 0 
1 0 0 
1 0 0 
1 0 0 
1 0 0 
1 0 0 
1 0 0 
1 0 0 
1 0 0 
1 0 0 
1 0 0 
1 0 0 
1 0 0 
1 0 0 
1 0 0 
1 0 0 
1 0 0 
1 0 0 
1 0 0 
1 0 0 
1 0 0 
1 0 0 
1 0 0 
1 0 0 
1 0 0 
1 0 0 
1 0 0 
1 0 0 
1 0 0 
1 0 0 
1 0 0 
1 0 0 
1 0 0 
1 0 0 
1 0 0 
1 0 0 
1 0 0 
1 0 0 
1 0 0 
1 0 0 
1 0 0 
1 0 0 
1 0 0 
1 0 0 
1 0 0 
1 0 0 
1 0 0 
1 0 0 
1 0 0 
1 0 0 
1 0 0 
1 0 0 
1 0 0 
1 0 0 
1 0 0 
1 0 0 
1 0 0 
1 0 0 
1 0 0 
1 0 0 
1 0 0 
1 0 0 
1 0 0 
1 0 0 
1 0 0 
1 0 0 
1 0 0 
1 0 0 
1 0 0 
1 0 0 
1 0 0 
1 0 0 
1 0 0 
1 0 0 
1 0 0 
1 0 0 
1 0 0 
1 0 0 
1 0 0 
1 0 0 
1 0 0 
1 0 0 
1 0 0 
1 0 0 
1 0 0 
1 0 0 
1 0 0 
1 0 0 
1 0 0 
1 0 0 
1 0 0 
1 0 0 
1 0 0 
1 0 0 
1 0 0 
1 0 0 
1 0 0 
1 0 0 
1 0 0 
1 0 0 
1 0 0 
1 0 0 
1 0 0 
1 0 0 
1 0 0 
1 0 0 
1 0 0 
1 0 0 
1 0 0 
1 0 0 
1 0 0 
1 0 0 
1 0 0 
1 0 0 
1 0 0 
1 0 0 
1 0 0 
1 0 0 
1 0 0 
1 0 0 
1 0 0 
1 0 0 
1 0 0 
1 0 0 
1 0 0 
1 0 0 
1 0 0 
1 0 0 
1 0 0 
1 0 0 
1 0 0 
1 0 0 
1 0 0 
1 0 0 
1 0 0 
1 0 0 
1 0 0 
1 0 0 
1 0 0 
1 0 0 
1 0 0 
1 0 0 
1 0 0 
1 0 0 
1 0 0 
1 0 0 
1 0 0 
1 0 0 
1 0 0 
1 0 0 
1 0 0 
1 0 0 
1 0 0 
1 0 0 
1 0 0 
1 0 0 
1 0 0 
1 0 0 
1 0 0 
1 0 0 
1 0 0 
1 0 0 
1 0 0 
1 0 0 
1 0 0 
1 0 0 
1 0 0 
1 0 0 
1 0 0 
1 0 0 
1 0 0 
1 0 0 
1 0 0 
1 0 0 
1 0 0 
1 0 0 
1 0 0 
1 0 0 
1 0 0 
1 0 0 
1 0 0 
1 0 0 
1 0 0 
1 0 0 
1 0 0 
1 0 0 
1 0 0 
1 0 0 
1 0 0 
1 0 0 
1 0 0 
1 0 0 
1 0 0 
1 0 0 
1 0 0 
1 0 0 
1 0 0 
1 0 0 
1 0 0 
1 0 0 
1 0 0 
1 0 0 
1 0 0 
1 0 0 
1 0 0 
1 0 0 
1 0 0 
1 0 0 
1 0 0 
1 0 0 
1 0 0 
1 0 0 
1 0 0 
1 0 0 
1 0 0 
1 0 0 
1 0 0 
1 0 0 
1 0 0 
1 0 0 
1 0 0 
1 0 0 
1 0 0 
1 0 0 
1 0 0 
1 0 0 
1 0 0 
1 0 0 
1 0 0 
1 0 0 
1 0 0 
1 0 0 
1 0 0 
1 0 0 
1 0 0 
1 0 0 
1 0 0 
1 0 0 
1 0 0 
1 0 0 
1 0 0 
1 0 0 
1 0 0 
1 0 0 
1 0 0 
1 0 0 
1 0 0 
1 0 0 
1 0 0 
1 0 0 
1 0 0 
1 0 0 
1 0 0 
1 0 0 
1 0 0 
1 0 0 
1 0 0 
1 0 0 
1 0 0 
1 0 0 
1 0 0 
1 0 0 
1 0 0 
1 0 0 
1 0 0 
1 0 0 
1 0 0 
1 0 0 
1 0 0 
1 0 0 
1 0 0 
1 0 0 
1 0 0 
1 0 0 
1 0 0 
1 0 0 
1 0 0 
1 0 0 
1 0 0 
1 0 0 
1 0 0 
1 0 0 
1 0 0 
1 0 0 
1 0 0 
1 0 0 
1 0 0 
1 0 0 
1 0 0 
1 0 0 
1 0 0 
1 0 0 
1 0 0 
1 0 0 
1 0 0 
1 0 0 
1 0 0 
1 0 0 
1 0 0 
1 0 0 
1 0 0 
1 0 0 
1 0 0 
1 0 0 
1 0 0 
1 0 0 
1 0 0 
1 0 0 
1 0 0 
1 0 0 
1 0 0 
1 0 0 
1 0 0 
1 0 0 
1 0 0 
1 0 0 
1 0 0 
1 0 0 
1 0 0 
1 0 0 
1 0 0 
1 0 0 
1 0 0 
1 0 0 
1 0 0 
1 0 0 
1 0 0 
1 0 0 
1 0 0 
1 0 0 
1 0 0 
1 0 0 
1 0 0 
1 0 0 
1 0 0 
1 0 0 
1 0 0 
1 0 0 
1 0 0 
1 0 0 
1 0 0 
1 0 0 
1 0 0 
1 0 0 
1 0 0 
1 0 0 
1 0 0 
1 0 0 
1 0 0 
1 0 0 
1 0 0 
1 0 0 
1 0 0 
1 0 0 
1 0 0 
1 0 0 
1 0 0 
1 0 0 
1 0 0 
1 0 0 
1 0 0 
1 0 0 
1 0 0 
1 0 0 
1 0 0 
1 0 0 
1 0 0 
1 0 0 
1 0 0 
1 0 0 
1 0 0 
1 0 0 
1 0 0 
1 0 0 
1 0 0 
1 0 0 
1 0 0 
1 0 0 
1 0 0 
1 0 0 
1 0 0 
1 0 0 
1 0 0 
1 0 0 
1 0 0 
1 0 0 
1 0 0 
1 0 0 
1 0 0 
1 0 0 
1 0 0 
1 0 0 
1 0 0 
1 0 0 
1 0 0 
1 0 0 
1 0 0 
1 0 0 
1 0 0 
1 0 0 
1 0 0 
1 0 0 
1 0 0 
1 0 0 
1 0 0 
1 0 0 
1 0 0 
1 0 0 
1 0 0 
1 0 0 
1 0 0 
1 0 0 
1 0 0 
1 0 0 
1 0 0 
1 0 0 
1 0 0 
1 0 0 
1 0 0 
1 0 0 
1 0 0 
1 0 0 
1 0 0 
1 0 0 
1 0 0 
1 0 0 
1 0 0 
1 0 0 
1 0 0 
1 0 0 
1 0 0 
1 0 0 
1 0 0 
1 0 0 
1 0 0 
1 0 0 
1 0 0 
1 0 0 
1 0 0 
1 0 0 
1 0 0 
1 0 0 
1 0 0 
1 0 0 
1 0 0 
1 0 0 
1 0 0 
1 0 0 
1 0 0 
1 0 0 
1 0 0 
1 0 0 
1 0 0 
1 0 0 
1 0 0 
1 0 0 
1 0 0 
1 0 0 
1 0 0 
1 0 0 
1 0 0 
1 0 0 
1 0 0 
1 0 0 
1 0 0 
1 0 0 
1 0 0 
1 0 0 
1 0 0 
1 0 0 
1 0 0 
1 0 0 
1 0 0 
1 0 0 
1 0 0 
1 0 0 
1 0 0 
1 0 0 
1 0 0 
1 0 0 
1 0 0 
1 0 0 
1 0 0 
1 0 0 
1 0 0 
1 0 0 
1 0 0 
1 0 0 
1 0 0 
1 0 0 
1 0 0 
1 0 0 
1 0 0 
1 0 0 
1 0 0 
1 0 0 
1 0 0 
1 0 0 
1 0 0 
1 0 0 
1 0 0 
1 0 0 
1 0 0 
1 0 0 
1 0 0 
1 0 0 
1 0 0 
1 0 0 
1 0 0 
1 0 0 
1 0 0 
1 0 0 
1 0 0 
1 0 0 
1 0 0 
1 0 0 
1 0 0 
1 0 0 
1 0 0 
1 0 0 
1 0 0 
1 0 0 
1 0 0 
1 0 0 
1 0 0 
1 0 0 
1 0 0 
1 0 0 
1 0 0 
1 0 0 
1 0 0 
1 0 0 
1 0 0 
1 0 0 
1 0 0 
1 0 0 
1 0 0 
1 0 0 
1 0 0 
1 0 0 
1 0 0 
1 0 0 
1 0 0 
1 0 0 
1 0 0 
1 0 0 
1 0 0 
1 0 0 
1 0 0 
1 0 0 
1 0 0 
1 0 0 
1 0 0 
1 0 0 
1 0 0 
1 0 0 
1 0 0 
1 0 0 
1 0 0 
1 0 0 
1 0 0 
1 0 0 
1 0 0 
1 0 0 
1 0 0 
1 0 0 
1 0 0 
1 0 0 
1 0 0 
1 0 0 
1 0 0 
1 0 0 
1 0 0 
1 0 0 
1 0 0 
1 0 0 
1 0 0 
1 0 0 
1 0 0 
1 0 0 
1 0 0 
1 0 0 
1 0 0 
1 0 0 
1 0 0 
1 0 0 
1 0 0 
1 0 0 
1 0 0 
1 0 0 
1 0 0 
1 0 0 
1 0 0 
1 0 0 
1 0 0 
1 0 0 
1 0 0 
1 0 0 
1 0 0 
1 0 0 
1 0 0 
1 0 0 
1 0 0 
1 0 0 
1 0 0 
1 0 0 
1 0 0 
1 0 0 
1 0 0 
1 0 0 
1 0 0 
1 0 0 
1 0 0 
1 0 0 
1 0 0 
1 0 0 
1 0 0 
1 0 0 
1 0 0 
1 0 0 
1 0 0 
1 0 0 
1 0 0 
1 0 0 
1 0 0 
1 0 0 
1 0 0 
1 0 0 
1 0 0 
1 0 0 
1 0 0 
1 0 0 
1 0 0 
1 0 0 
1 0 0 
1 0 0 
1 0 0 
1 0 0 
1 0 0 
1 0 0 
1 0 0 
1 0 0 
1 0 0 
1 0 0 
1 0 0 
1 0 0 
1 0 0 
1 0 0 
1 0 0 
1 0 0 
1 0 0 
1 0 0 
1 0 0 
1 0 0 
1 0 0 
1 0 0 
1 0 0 
1 0 0 
1 0 0 
1 0 0 
1 0 0 
1 0 0 
1 0 0 
1 0 0 
1 0 0 
1 0 0 
1 0 0 
1 0 0 
1 0 0 
1 0 0 
1 0 0 
1 0 0 
1 0 0 
1 0 0 
1 0 0 
1 0 0 
1 0 0 
1 0 0 
1 0 0 
1 0 0 
1 0 0 
1 0 0 
1 0 0 
1 0 0 
1 0 0 
1 0 0 
1 0 0 
1 0 0 
1 0 0 
1 0 0 
1 0 0 
1 0 0 
1 0 0 
1 0 0 
1 0 0 
1 0 0 
1 0 0 
1 0 0 
1 0 0 
1 0 0 
1 0 0 
1 0 0 
1 0 0 
1 0 0 
1 0 0 
1 0 0 
1 0 0 
1 0 0 
1 0 0 
1 0 0 
1 0 0 
1 0 0 
1 0 0 
1 0 0 
1 0 0 
1 0 0 
1 0 0 
1 0 0 
1 0 0 
1 0 0 
1 0 0 
1 0 0 
1 0 0 
1 0 0 
1 0 0 
1 0 0 
1 0 0 
1 0 0 
1 0 0 
1 0 0 
1 0 0 
1 0 0 
1 0 0 
1 0 0 
1 0 0 
1 0 0 
1 0 0 
1 0 0 
1 0 0 
1 0 0 
1 0 0 
1 0 0 
1 0 0 
1 0 0 
1 0 0 
1 0 0 
1 0 0 
1 0 0 
1 0 0 
1 0 0 
1 0 0 
1 0 0 
1 0 0 
1 0 0 
1 0 0 
1 0 0 
1 0 0 
1 0 0 
1 0 0 
1 0 0 
1 0 0 
1 0 0 
1 0 0 
1 0 0 
1 0 0 
1 0 0 
1 0 0 
1 0 0 
1 0 0 
1 0 0 
1 0 0 
1 0 0 
1 0 0 
1 0 0 
1 0 0 
1 0 0 
1 0 0 
1 0 0 
1 0 0 
1 0 0 
1 0 0 
1 0 0 
1 0 0 
1 0 0 
1 0 0 
1 0 0 
1 0 0 
1 0 0 
1 0 0 
1 0 0 
1 0 0 
1 0 0 
1 0 0 
1 0 0 
1 0 0 
1 0 0 
1 0 0 
1 0 0 
1 0 0 
1 0 0 
1 0 0 
1 0 0 
1 0 0 
1 0 0 
1 0 0 
1 0 0 
1 0 0 
1 0 0 
1 0 0 
1 0 0 
1 0 0 
1 0 0 
1 0 0 
1 0 0 
1 0 0 
1 0 0 
1 0 0 
1 0 0 
1 0 0 
1 0 0 
1 0 0 
1 0 0 
1 0 0 
1 0 0 
1 0 0 
1 0 0 
1 0 0 
1 0 0 
1 0 0 
1 0 0 
1 0 0 
1 0 0 
1 0 0 
1 0 0 
1 0 0 
1 0 0 
1 0 0 
1 0 0 
1 0 0 
1 0 0 
1 0 0 
1 0 0 
1 0 0 
1 0 0 
1 0 0 
1 0 0 
1 0 0 
1 0 0 
1 0 0 
1 0 0 
1 0 0 
1 0 0 
1 0 0 
1 0 0 
1 0 0 
1 0 0 
1 0 0 
1 0 0 
1 0 0 
1 0 0 
1 0 0 
1 0 0 
1 0 0 
1 0 0 
1 0 0 
1 0 0 
1 0 0 
1 0 0 
1 0 0 
1 0 0 
1 0 0 
1 0 0 
1 0 0 
1 0 0 
1 0 0 
1 0 0 
1 0 0 
1 0 0 
1 0 0 
1 0 0 
1 0 0 
1 0 0 
1 0 0 
1 0 0 
1 0 0 
1 0 0 
1 0 0 
1 0 0 
1 0 0 
1 0 0 
1 0 0 
1 0 0 
1 0 0 
1 0 0 
1 0 0 
1 0 0 
1 0 0 
1 0 0 
1 0 0 
1 0 0 
1 0 0 
1 0 0 
1 0 0 
1 0 0 
1 0 0 
1 0 0 
1 0 0 
1 0 0 
1 0 0 
1 0 0 
1 0 0 
1 0 0 
1 0 0 
1 0 0 
1 0 0 
1 0 0 
1 0 0 
1 0 0 
1 0 0 
1 0 0 
1 0 0 
1 0 0 
1 0 0 
1 0 0 
1 0 0 
1 0 0 
1 0 0 
1 0 0 
1 0 0 
1 0 0 
1 0 0 
1 0 0 
1 0 0 
1 0 0 
1 0 0 
1 0 0 
1 0 0 
1 0 0 
1 0 0 
1 0 0 
1 0 0 
1 0 0 
1 0 0 
1 0 0 
1 0 0 
1 0 0 
1 0 0 
1 0 0 
1 0 0 
1 0 0 
1 0 0 
1 0 0 
1 0 0 
1 0 0 
1 0 0 
1 0 0 
1 0 0 
1 0 0 
1 0 0 
1 0 0 
1 0 0 
1 0 0 
1 0 0 
1 0 0 
1 0 0 
1 0 0 
1 0 0 
1 0 0 
1 0 0 
1 0 0 
1 0 0 
1 0 0 
1 0 0 
1 0 0 
1 0 0 
1 0 0 
1 0 0 
1 0 0 
1 0 0 
1 0 0 
1 0 0 
1 0 0 
1 0 0 
1 0 0 
1 0 0 
1 0 0 
1 0 0 
1 0 0 
1 0 0 
1 0 0 
1 0 0 
1 0 0 
1 0 0 
1 0 0 
1 0 0 
1 0 0 
1 0 0 
1 0 0 
1 0 0 
1 0 0 
1 0 0 
1 0 0 
1 0 0 
1 0 0 
1 0 0 
1 0 0 
1 0 0 
1 0 0 
1 0 0 
1 0 0 
1 0 0 
1 0 0 
1 0 0 
1 0 0 
1 0 0 
1 0 0 
1 0 0 
1 0 0 
1 0 0 
1 0 0 
1 0 0 
1 0 0 
1 0 0 
1 0 0 
1 0 0 
1 0 0 
1 0 0 
1 0 0 
1 0 0 
1 0 0 
1 0 0 
1 0 0 
1 0 0 
1 0 0 
1 0 0 
1 0 0 
1 0 0 
1 0 0 
1 0 0 
1 0 0 
1 0 0 
1 0 0 
1 0 0 
1 0 0 
1 0 0 
1 0 0 
1 0 0 
1 0 0 
1 0 0 
1 0 0 
1 0 0 
1 0 0 
1 0 0 
1 0 0 
1 0 0 
1 0 0 
1 0 0 
1 0 0 
1 0 0 
1 0 0 
1 0 0 
1 0 0 
1 0 0 
1 0 0 
1 0 0 
1 0 0 
1 0 0 
1 0 0 
1 0 0 
1 0 0 
1 0 0 
1 0 0 
1 0 0 
1 0 0 
1 0 0 
1 0 0 
1 0 0 
1 0 0 
1 0 0 
1 0 0 
1 0 0 
1 0 0 
1 0 0 
1 0 0 
1 0 0 
1 0 0 
1 0 0 
1 0 0 
1 0 0 
1 0 0 
1 0 0 
1 0 0 
1 0 0 
1 0 0 
1 0 0 
1 0 0 
1 0 0 
1 0 0 
1 0 0 
1 0 0 
1 0 0 
1 0 0 
1 0 0 
1 0 0 
1 0 0 
1 0 0 
1 0 0 
1 0 0 
1 0 0 
1 0 0 
1 0 0 
1 0 0 
1 0 0 
1 0 0 
1 0 0 
1 0 0 
1 0 0 
1 0 0 
1 0 0 
1 0 0 
1 0 0 
1 0 0 
1 0 0 
1 0 0 
1 0 0 
1 0 0 
1 0 0 
1 0 0 
1 0 0 
1 0 0 
1 0 0 
1 0 0 
1 0 0 
1 0 0 
