2 0 0 
2 0 0 
2 0 0 
2 0 0 
2 0 0 
2 0 0 
2 0 0 
2 0 0 
2 0 0 
2 0 0 
2 0 0 
2 0 0 
2 0 0 
2 0 0 
2 0 0 
2 0 0 
2 0 0 
2 0 0 
2 0 0 
2 0 0 
2 0 0 
2 0 0 
2 0 0 
2 0 0 
2 0 0 
2 0 0 
2 0 0 
2 0 0 
2 0 0 
2 0 0 
2 0 0 
2 0 0 
2 0 0 
2 0 0 
2 0 0 
2 0 0 
2 0 0 
2 0 0 
2 0 0 
2 0 0 
2 0 0 
2 0 0 
2 0 0 
2 0 0 
2 0 0 
2 0 0 
2 0 0 
2 0 0 
2 0 0 
2 0 0 
2 0 0 
2 0 0 
2 0 0 
2 0 0 
2 0 0 
2 0 0 
2 0 0 
2 0 0 
2 0 0 
2 0 0 
2 0 0 
2 0 0 
2 0 0 
2 0 0 
2 0 0 
2 0 0 
2 0 0 
2 0 0 
2 0 0 
2 0 0 
2 0 0 
2 0 0 
2 0 0 
2 0 0 
2 0 0 
2 0 0 
2 0 0 
2 0 0 
2 0 0 
2 0 0 
2 0 0 
2 0 0 
2 0 0 
2 0 0 
2 0 0 
2 0 0 
2 0 0 
2 0 0 
2 0 0 
2 0 0 
2 0 0 
2 0 0 
2 0 0 
2 0 0 
2 0 0 
2 0 0 
2 0 0 
2 0 0 
2 0 0 
2 0 0 
2 0 0 
2 0 0 
2 0 0 
2 0 0 
2 0 0 
2 0 0 
2 0 0 
2 0 0 
2 0 0 
2 0 0 
2 0 0 
2 0 0 
2 0 0 
2 0 0 
2 0 0 
2 0 0 
2 0 0 
2 0 0 
2 0 0 
2 0 0 
2 0 0 
2 0 0 
2 0 0 
2 0 0 
2 0 0 
2 0 0 
2 0 0 
2 0 0 
2 0 0 
2 0 0 
2 0 0 
2 0 0 
2 0 0 
2 0 0 
2 0 0 
2 0 0 
2 0 0 
2 0 0 
2 0 0 
2 0 0 
2 0 0 
2 0 0 
2 0 0 
2 0 0 
2 0 0 
2 0 0 
2 0 0 
2 0 0 
2 0 0 
2 0 0 
2 0 0 
2 0 0 
2 0 0 
2 0 0 
2 0 0 
2 0 0 
2 0 0 
2 0 0 
2 0 0 
2 0 0 
2 0 0 
2 0 0 
2 0 0 
2 0 0 
2 0 0 
2 0 0 
2 0 0 
2 0 0 
2 0 0 
2 0 0 
2 0 0 
2 0 0 
2 0 0 
2 0 0 
2 0 0 
2 0 0 
2 0 0 
2 0 0 
2 0 0 
2 0 0 
2 0 0 
2 0 0 
2 0 0 
2 0 0 
2 0 0 
2 0 0 
2 0 0 
2 0 0 
2 0 0 
2 0 0 
2 0 0 
2 0 0 
2 0 0 
2 0 0 
2 0 0 
2 0 0 
2 0 0 
2 0 0 
2 0 0 
2 0 0 
2 0 0 
2 0 0 
2 0 0 
2 0 0 
2 0 0 
2 0 0 
2 0 0 
2 0 0 
2 0 0 
2 0 0 
2 0 0 
2 0 0 
2 0 0 
2 0 0 
2 0 0 
2 0 0 
2 0 0 
2 0 0 
2 0 0 
2 0 0 
2 0 0 
2 0 0 
2 0 0 
2 0 0 
2 0 0 
2 0 0 
2 0 0 
2 0 0 
2 0 0 
2 0 0 
2 0 0 
2 0 0 
2 0 0 
2 0 0 
2 0 0 
2 0 0 
2 0 0 
2 0 0 
2 0 0 
2 0 0 
2 0 0 
2 0 0 
2 0 0 
2 0 0 
2 0 0 
2 0 0 
2 0 0 
2 0 0 
2 0 0 
2 0 0 
2 0 0 
2 0 0 
2 0 0 
2 0 0 
2 0 0 
2 0 0 
2 0 0 
2 0 0 
2 0 0 
2 0 0 
2 0 0 
2 0 0 
2 0 0 
2 0 0 
2 0 0 
2 0 0 
2 0 0 
2 0 0 
2 0 0 
2 0 0 
2 0 0 
2 0 0 
2 0 0 
2 0 0 
2 0 0 
2 0 0 
2 0 0 
2 0 0 
2 0 0 
2 0 0 
2 0 0 
2 0 0 
2 0 0 
2 0 0 
2 0 0 
2 0 0 
2 0 0 
2 0 0 
2 0 0 
2 0 0 
2 0 0 
2 0 0 
2 0 0 
2 0 0 
2 0 0 
2 0 0 
2 0 0 
2 0 0 
2 0 0 
2 0 0 
2 0 -2.3399e-55 
2 0 0 
2 0 0 
2 0 0 
2 0 0 
2 0 0 
2 0 0 
2 0 0 
2 0 0 
2 0 0 
2 0 0 
2 0 0 
2 0 0 
2 0 0 
2 0 0 
2 0 0 
2 0 0 
2 0 0 
2 0 0 
2 0 2.3399e-55 
2 0 -8.11149e-52 
2 0 -7.63373e-72 
2 0 0 
2 0 0 
2 0 0 
2 0 0 
2 0 0 
2 0 0 
2 0 0 
2 0 0 
2 0 0 
2 0 0 
2 0 0 
2 0 0 
2 0 0 
2 0 0 
2 0 0 
2 0 0 
2 0 1.90843e-72 
2 0 8.11149e-52 
2 0 -7.62162e-47 
2 0 -5.89634e-68 
2 0 0 
2 0 0 
2 0 0 
2 0 0 
2 0 0 
2 0 0 
2 0 0 
2 0 0 
2 0 0 
2 0 0 
2 0 0 
2 0 0 
2 0 0 
2 0 0 
2 0 0 
2 0 0 
2 0 2.26857e-68 
2 0 7.62162e-47 
2 0 -2.99977e-43 
2 0 -2.19986e-64 
2 0 7.24492e-70 
2 0 0 
2 0 0 
2 0 0 
2 0 0 
2 0 0 
2 0 0 
2 0 0 
2 0 0 
2 0 0 
2 0 0 
2 0 0 
2 0 0 
2 0 0 
2 0 0 
2 0 0 
2 0 9.06973e-65 
2 0 2.99977e-43 
2 0 -2.38503e-40 
2 0 -4.61021e-61 
2 0 3.96706e-66 
2 0 0 
2 0 0 
2 0 0 
2 0 0 
2 0 0 
2 0 0 
2 0 0 
2 0 0 
2 0 0 
2 0 0 
2 0 0 
2 0 0 
2 0 0 
2 0 0 
2 0 0 
2 0 1.85686e-61 
2 0 2.38503e-40 
2 0 -3.13105e-39 
2 0 -6.11269e-58 
2 0 1.0055e-62 
2 0 6.09972e-66 
2 0 0 
2 0 0 
2 0 0 
2 0 0 
2 0 0 
2 0 0 
2 0 0 
2 0 0 
2 0 0 
2 0 0 
2 0 0 
2 0 0 
2 0 0 
2 0 -5.1399e-71 
2 0 2.50693e-58 
2 0 3.13104e-39 
2 0 2.61959e-35 
2 0 -5.55763e-55 
2 0 1.57065e-59 
2 0 2.76404e-62 
2 0 0 
2 0 0 
2 0 0 
2 0 0 
2 0 0 
2 0 0 
2 0 0 
2 0 0 
2 0 0 
2 0 0 
2 0 0 
2 0 0 
2 0 0 
2 0 -2.2058e-62 
2 0 2.48724e-55 
2 0 -2.61959e-35 
2 0 1.30054e-32 
2 0 -3.65106e-52 
2 0 1.69649e-56 
2 0 5.84865e-59 
2 0 0 
2 0 0 
2 0 0 
2 0 0 
2 0 0 
2 0 0 
2 0 0 
2 0 0 
2 0 0 
2 0 0 
2 0 0 
2 0 0 
2 0 0 
2 0 -9.21542e-59 
2 0 1.87025e-52 
2 0 -1.30054e-32 
2 0 3.46043e-30 
2 0 -1.79467e-49 
2 0 1.63004e-51 
2 0 7.6698e-56 
2 0 0 
2 0 0 
2 0 0 
2 0 0 
2 0 0 
2 0 0 
2 0 0 
2 0 0 
2 0 0 
2 0 0 
2 0 0 
2 0 0 
2 0 -4.88542e-59 
2 0 -6.62924e-53 
2 0 1.06839e-49 
2 0 -3.46056e-30 
2 0 1.18697e-27 
2 0 -6.76964e-47 
2 0 -6.2283e-35 
2 0 6.9759e-53 
2 0 0 
2 0 0 
2 0 0 
2 0 0 
2 0 0 
2 0 0 
2 0 0 
2 0 0 
2 0 0 
2 0 0 
2 0 0 
2 0 0 
2 0 -2.47127e-55 
2 0 6.2283e-35 
2 0 4.64607e-47 
2 0 -1.18727e-27 
2 0 7.65488e-25 
2 0 -2.00612e-44 
2 0 -1.27571e-31 
2 0 4.66562e-50 
2 0 0 
2 0 0 
2 0 0 
2 0 0 
2 0 0 
2 0 0 
2 0 0 
2 0 0 
2 0 0 
2 0 0 
2 0 0 
2 0 0 
2 0 -8.19216e-52 
2 0 1.27571e-31 
2 0 1.55847e-44 
2 0 -9.91577e-25 
2 0 8.3599e-22 
2 0 -4.66349e-42 
2 0 -1.09301e-28 
2 0 2.37355e-47 
2 0 2.3078e-53 
2 0 0 
2 0 0 
2 0 0 
2 0 0 
2 0 0 
2 0 0 
2 0 0 
2 0 0 
2 0 0 
2 0 0 
2 0 -1.41819e-52 
2 0 -1.59246e-48 
2 0 1.09301e-28 
2 0 4.19388e-42 
2 0 -9.96153e-22 
2 5.20384e-17 6.47519e-19 
2 5.20384e-17 -5.87646e-29 
2 5.20384e-17 -5.03045e-26 
2 5.20384e-17 9.37172e-45 
2 5.20384e-17 7.96117e-50 
2 5.20384e-17 0 
2 5.20384e-17 0 
2 5.20384e-17 0 
2 5.20384e-17 0 
2 5.20384e-17 0 
2 5.20384e-17 0 
2 5.20384e-17 0 
2 5.20384e-17 0 
2 5.20384e-17 0 
2 5.20384e-17 0 
2 5.20384e-17 -5.84447e-49 
2 5.20384e-17 -1.90133e-45 
2 5.20384e-17 5.03045e-26 
2 5.20384e-17 7.14027e-40 
2 5.20384e-17 -5.52295e-19 
2 1.0832e-14 7.46115e-17 
2 1.0832e-14 -5.26968e-21 
2 1.0832e-14 -1.32139e-23 
2 1.0832e-14 2.90658e-42 
2 1.0832e-14 1.25323e-46 
2 1.0832e-14 0 
2 1.0832e-14 0 
2 1.0832e-14 0 
2 1.0832e-14 0 
2 1.0832e-14 0 
2 1.0832e-14 0 
2 1.0832e-14 0 
2 1.0832e-14 0 
2 1.0832e-14 0 
2 1.0832e-14 0 
2 1.0832e-14 -1.07255e-45 
2 1.0832e-14 -1.49631e-42 
2 1.0832e-14 1.32139e-23 
2 1.0832e-14 5.29036e-21 
2 1.0832e-14 -7.50723e-17 
2 4.3673e-13 5.04231e-17 
2 4.36728e-13 -3.84065e-18 
2 4.36385e-13 -1.91836e-21 
2 4.36383e-13 7.14524e-40 
2 4.36383e-13 1.1984e-43 
2 4.36383e-13 4.79641e-56 
2 4.36383e-13 0 
2 4.36383e-13 0 
2 4.36383e-13 0 
2 4.36383e-13 0 
2 4.36383e-13 0 
2 4.36383e-13 0 
2 4.36383e-13 0 
2 4.36383e-13 0 
2 4.36383e-13 0 
2 4.36383e-13 -1.16422e-42 
2 4.36383e-13 -8.15504e-40 
2 4.36385e-13 1.91836e-21 
2 4.36728e-13 3.84815e-18 
2 4.3673e-13 -1.20381e-16 
2 1.45984e-11 2.64831e-17 
2 1.4598e-11 -3.49954e-16 
2 1.4598e-11 -1.3183e-19 
2 1.4598e-11 1.41629e-37 
2 1.4598e-11 7.85965e-41 
2 1.4598e-11 1.75709e-52 
2 1.4598e-11 0 
2 1.4598e-11 0 
2 1.4598e-11 0 
2 1.4598e-11 0 
2 1.4598e-11 0 
2 1.4598e-11 0 
2 1.4598e-11 0 
2 1.4598e-11 0 
2 1.4598e-11 0 
2 1.4598e-11 -8.34612e-40 
2 1.4598e-11 -3.17005e-37 
2 1.4598e-11 1.3183e-19 
2 1.4598e-11 3.49942e-16 
2 1.45984e-11 1.29059e-16 
2 3.84645e-10 -4.47934e-16 
2 3.84645e-10 -1.96637e-17 
2 3.84646e-10 -2.50362e-18 
2 3.84646e-10 2.38639e-35 
2 3.84646e-10 3.80969e-38 
2 3.84646e-10 2.95143e-49 
2 3.84646e-10 0 
2 3.84646e-10 0 
2 3.84646e-10 0 
2 3.84646e-10 0 
2 3.84646e-10 0 
2 3.84646e-10 0 
2 3.84646e-10 0 
2 3.84646e-10 0 
2 3.84646e-10 0 
2 3.84646e-10 -4.16814e-37 
2 3.84646e-10 -8.91953e-35 
2 3.84646e-10 2.50357e-18 
2 3.84645e-10 1.76248e-17 
2 3.84645e-10 4.03615e-16 
2 8.03064e-09 6.30668e-17 
2 8.03064e-09 -2.42518e-17 
2 8.03064e-09 -2.22041e-17 
2 8.03064e-09 3.86255e-33 
2 8.03064e-09 1.44111e-35 
2 8.03064e-09 1.22835e-45 
2 8.03064e-09 0 
2 8.03064e-09 0 
2 8.03064e-09 0 
2 8.03064e-09 0 
2 8.03064e-09 0 
2 8.03064e-09 0 
2 8.03064e-09 0 
2 8.03064e-09 0 
2 8.03064e-09 0 
2 8.03064e-09 -1.48739e-34 
2 8.03064e-09 -1.82396e-32 
2 8.03064e-09 2.21703e-17 
2 8.03064e-09 1.96029e-18 
2 8.03064e-09 -8.79945e-17 
2 1.33859e-07 -3.26911e-18 
2 1.33859e-07 -2.16839e-18 
2 1.33859e-07 -7.7603e-17 
2 1.33859e-07 6.70492e-31 
2 1.33859e-07 4.39662e-33 
2 1.33859e-07 2.90189e-42 
2 1.33859e-07 0 
2 1.33859e-07 0 
2 1.33859e-07 0 
2 1.33859e-07 0 
2 1.33859e-07 0 
2 1.33859e-07 0 
2 1.33859e-07 0 
2 1.33859e-07 0 
2 1.33859e-07 0 
2 1.33859e-07 -3.81968e-32 
2 1.33859e-07 -2.70286e-30 
2 1.33859e-07 8.64314e-17 
2 1.33859e-07 5.29036e-21 
2 1.33859e-07 1.67036e-16 
2 1.79637e-06 3.42317e-16 
2 1.79637e-06 1.05581e-16 
2 1.79637e-06 -1.27578e-16 
2 1.79637e-06 1.14218e-28 
2 1.79637e-06 1.0817e-30 
2 1.79637e-06 2.84705e-35 
2 1.79637e-06 0 
2 1.79637e-06 0 
2 1.79637e-06 0 
2 1.79637e-06 0 
2 1.79637e-06 0 
2 1.79637e-06 0 
2 1.79637e-06 0 
2 1.79637e-06 0 
2 1.79637e-06 -2.84664e-35 
2 1.79637e-06 -7.00097e-30 
2 1.79637e-06 -2.89035e-28 
2 1.79637e-06 1.33378e-16 
2 1.79637e-06 -7.37697e-27 
2 1.79637e-06 -1.04033e-16 
2 1.95519e-05 -1.09697e-16 
2 1.95519e-05 -1.6314e-16 
2 1.95519e-05 -1.60164e-16 
2 1.95519e-05 1.56374e-26 
2 1.95519e-05 2.06916e-28 
2 1.95519e-05 1.4367e-31 
2 1.95519e-05 5.16956e-46 
2 1.95519e-05 0 
2 1.95519e-05 0 
2 1.95519e-05 0 
2 1.95519e-05 0 
2 1.95519e-05 0 
2 1.95519e-05 0 
2 1.95519e-05 0 
2 1.95519e-05 -1.43667e-31 
2 1.95519e-05 -8.93358e-28 
2 1.95519e-05 -2.23887e-26 
2 1.95519e-05 8.64312e-17 
2 1.95519e-05 -2.37567e-25 
2 1.95519e-05 -1.61583e-17 
1.99996 0.00017349 -2.00388e-16 
1.99996 0.00017349 -4.13443e-16 
1.99996 0.00017349 -2.23091e-16 
1.99996 0.00017349 1.53287e-24 
1.99996 0.00017349 2.88494e-26 
1.99996 0.00017349 4.955e-28 
1.99996 0.00017349 6.67194e-40 
1.99996 0.00017349 0 
1.99996 0.00017349 0 
1.99996 0.00017349 0 
1.99996 0.00017349 0 
1.99996 0.00017349 0 
1.99996 0.00017349 0 
1.99996 0.00017349 0 
1.99996 0.00017349 -4.95497e-28 
1.99996 0.00017349 -7.58089e-26 
1.99996 0.00017349 -1.27442e-24 
1.99996 0.00017349 2.21711e-17 
1.99996 0.00017349 -1.27474e-23 
1.99996 0.00017349 1.32497e-17 
1.99972 0.00125781 -9.30316e-17 
1.99972 0.00125781 -1.66249e-16 
1.99972 0.00125781 -7.95652e-17 
1.99972 0.00125781 1.42545e-22 
1.99972 0.00125781 2.68121e-24 
1.99972 0.00125781 6.50614e-25 
1.99972 0.00125781 -1.83005e-35 
1.99972 0.00125781 0 
1.99972 0.00125781 0 
1.99972 0.00125781 0 
1.99972 0.00125781 0 
1.99972 0.00125781 0 
1.99972 0.00125781 0 
1.99972 0.00125781 0 
1.99972 0.00125781 -6.50613e-25 
1.99972 0.00125781 -3.98555e-24 
1.99972 0.00125781 -5.25131e-23 
1.99972 0.00125781 2.51336e-18 
1.99972 0.00125781 -7.22496e-22 
1.99972 0.00125781 1.12245e-17 
1.99832 0.00743788 -7.24407e-18 
1.99832 0.00743788 -9.24748e-18 
1.99832 0.00743788 -5.51664e-19 
1.99832 0.00743788 8.17471e-21 
1.99832 0.00743788 1.45937e-22 
1.99832 0.00743788 3.77288e-22 
1.99832 0.00743788 -3.71726e-32 
1.99832 0.00743788 0 
1.99832 0.00743788 0 
1.99832 0.00743788 0 
1.99832 0.00743788 0 
1.99832 0.00743788 0 
1.99832 0.00743788 0 
1.99832 0.00743788 0 
1.99832 0.00743788 -3.77287e-22 
1.99832 0.00743788 -1.22722e-22 
1.99832 0.00743788 -1.45811e-21 
1.99832 0.00743788 1.22795e-19 
1.99832 0.00743788 3.10192e-22 
1.99832 0.00743788 -1.34868e-18 
1.99193 0.0356331 -1.40913e-17 
1.99193 0.0356331 -1.31277e-19 
1.99193 0.0356331 -6.44117e-21 
1.99193 0.0356331 -4.0042e-20 
1.99193 0.0356331 3.98226e-21 
1.99193 0.0356331 1.00996e-19 
1.99193 0.0356331 -2.29179e-28 
1.99193 0.0356331 -2.02402e-28 
1.99193 0.0356331 0 
1.99193 0.0356331 0 
1.99193 0.0356331 0 
1.99193 0.0356331 0 
1.99193 0.0356331 2.02402e-28 
1.99193 0.0356331 0 
1.99193 0.0356331 -1.00995e-19 
1.99193 0.0356331 -2.92345e-21 
1.99193 0.0356331 -3.55824e-20 
1.99193 0.0356331 -1.02506e-19 
1.99193 0.0356331 9.39828e-20 
1.99193 0.0356331 1.30939e-17 
1.96872 0.136684 -7.59985e-17 
1.96872 0.136684 -2.02376e-18 
1.96872 0.136684 -3.65277e-19 
1.96872 0.136684 -8.97493e-18 
1.96872 0.136684 1.3468e-19 
1.96872 0.136684 1.0625e-17 
1.96872 0.136684 6.20037e-25 
1.96872 0.136684 -2.8134e-25 
1.96872 0.136684 0 
1.96872 0.136684 0 
1.96872 0.136684 0 
1.96872 0.136684 0 
1.96872 0.136684 2.81339e-25 
1.96872 0.136684 4.16249e-32 
1.96872 0.136684 -1.06246e-17 
1.96872 0.136684 -8.36444e-20 
1.96872 0.136684 -5.46376e-19 
1.96872 0.136684 9.42765e-19 
1.96872 0.136684 1.8168e-18 
1.96872 0.136684 1.01677e-16 
1.90272 0.413455 -1.25057e-16 
1.90272 0.413455 -2.34515e-17 
1.90272 0.413455 -5.60235e-18 
1.90272 0.413455 -1.6498e-16 
1.90272 0.413455 7.85114e-18 
1.90272 0.413455 1.11089e-16 
1.90272 0.413455 1.8963e-21 
1.90272 0.413455 -1.48671e-22 
1.90272 0.413455 -5.94911e-25 
1.90272 0.413455 0 
1.90272 0.413455 0 
1.90272 0.413455 5.94911e-25 
1.90272 0.413455 1.48076e-22 
1.90272 0.413455 7.16633e-29 
1.90272 0.413455 -1.10985e-16 
1.90272 0.413455 -1.20878e-18 
1.90272 0.413455 -1.06731e-18 
1.90272 0.413455 2.2139e-17 
1.90272 0.413455 9.39063e-17 
1.90272 0.413455 1.78021e-16 
1.76771 0.93076 -6.61235e-16 
1.76771 0.93076 -4.78666e-16 
1.76771 0.93076 -1.85768e-17 
1.76771 0.93076 -3.93367e-16 
1.76771 0.93076 -4.04519e-17 
1.76771 0.93076 2.38843e-16 
1.76771 0.93076 5.96885e-18 
1.76771 0.93076 -3.66429e-20 
1.76771 0.93076 -6.60234e-22 
1.76771 0.93076 0 
1.76771 0.93076 0 
1.76771 0.93076 6.60234e-22 
1.76771 0.93076 3.59477e-20 
1.76771 0.93076 5.11583e-26 
1.76771 0.93076 -2.39325e-16 
1.76771 0.93076 -8.14834e-18 
1.76771 0.93076 1.52868e-17 
1.76771 0.93076 5.25129e-16 
1.76771 0.93076 3.08438e-16 
1.76771 0.93076 1.39737e-16 
1.66127 1.3439 -3.6461e-16 
1.66127 1.3439 1.23428e-16 
1.66127 1.3439 -1.9242e-16 
1.66127 1.3439 -4.77388e-16 
1.66127 1.3439 -1.82813e-16 
1.66127 1.3439 8.32011e-17 
1.66127 1.3439 2.13727e-16 
1.66127 1.3439 5.48933e-19 
1.66127 1.3439 -2.52929e-19 
1.66127 1.3439 0 
1.66127 1.3439 0 
1.66127 1.3439 2.52929e-19 
1.66127 1.3439 3.5053e-18 
1.66127 1.3439 1.92661e-23 
1.66127 1.3439 -2.55159e-16 
1.66127 1.3439 -5.77334e-17 
1.66127 1.3439 1.86356e-16 
1.66127 1.3439 2.68418e-16 
1.66127 1.3439 3.43122e-16 
1.66127 1.3439 1.05567e-16 
1.56513 1.53335 -3.40609e-16 
1.56513 1.53335 1.13999e-16 
1.56513 1.53335 2.06538e-16 
1.56513 1.53335 -2.86727e-16 
1.56513 1.53335 -3.42945e-16 
1.56513 1.53335 3.47268e-16 
1.56513 1.53335 2.34939e-16 
1.56513 1.53335 -6.88587e-17 
1.56513 1.53335 -3.42417e-17 
1.56513 1.53335 0 
1.56513 1.53335 0 
1.56513 1.53335 3.3699e-17 
1.56513 1.53335 2.8467e-17 
1.56513 1.53335 -4.33141e-18 
1.56513 1.53335 -1.70462e-16 
1.56513 1.53335 -2.8229e-16 
1.56513 1.53335 -1.3633e-16 
1.56513 1.53335 3.15298e-16 
1.56513 1.53335 3.26616e-16 
1.56513 1.53335 1.82196e-16 
1.51762 1.75975 7.15123e-17 
1.51762 1.75975 -1.72514e-16 
1.51762 1.75975 2.03556e-16 
1.51762 1.75975 1.47805e-16 
1.51762 1.75975 -1.09854e-17 
1.51762 1.75975 7.82762e-17 
1.51762 1.75975 -5.78099e-17 
1.51762 1.75975 -3.74034e-16 
1.51762 1.75975 -2.67056e-16 
1.51762 1.75975 -1.08472e-28 
1.51762 1.75975 0 
1.51762 1.75975 9.02994e-17 
1.51762 1.75975 2.72839e-16 
1.51762 1.75975 6.19266e-18 
1.51762 1.75975 -8.22621e-17 
1.51762 1.75975 1.64692e-16 
1.51762 1.75975 -3.94562e-17 
1.51762 1.75975 -1.91406e-16 
1.51762 1.75975 7.1117e-18 
1.51762 1.75975 5.75159e-16 
1.48935 1.88573 -3.83991e-16 
1.48935 1.88573 -2.09712e-17 
1.48935 1.88573 3.6709e-16 
1.48935 1.88573 -9.67373e-17 
1.48935 1.88573 2.64346e-17 
1.48935 1.88573 -2.43861e-19 
1.48935 1.88573 -8.79991e-17 
1.48935 1.88573 -3.9139e-16 
1.48935 1.88573 -4.40358e-16 
1.48935 1.88573 -4.33653e-18 
1.48935 1.88573 4.33653e-18 
1.48935 1.88573 2.32759e-16 
1.48935 1.88573 3.64468e-16 
1.48935 1.88573 2.12141e-16 
1.48935 1.88573 -1.54124e-16 
1.48935 1.88573 5.69775e-17 
1.48935 1.88573 3.44394e-16 
1.48935 1.88573 -1.43538e-16 
1.48935 1.88573 -2.62562e-16 
1.48935 1.88573 -1.40712e-16 
1.4586 1.87345 1.14537e-17 
1.4586 1.87345 1.62006e-16 
1.4586 1.87345 4.95545e-17 
1.4586 1.87345 -4.44926e-17 
1.4586 1.87345 -1.15027e-16 
1.4586 1.87345 -6.23619e-17 
1.4586 1.87345 -3.70051e-17 
1.4586 1.87345 -1.47201e-17 
1.4586 1.87345 -6.2482e-17 
1.4586 1.87345 -1.06797e-22 
1.4586 1.87345 0 
1.4586 1.87345 2.90849e-18 
1.4586 1.87345 1.34834e-16 
1.4586 1.87345 9.30713e-17 
1.4586 1.87345 -1.70173e-16 
1.4586 1.87345 -1.75575e-16 
1.4586 1.87345 -3.16338e-17 
1.4586 1.87345 -2.3854e-16 
1.4586 1.87345 -3.91288e-16 
1.4586 1.87345 -3.38473e-17 
1.4403 1.84903 2.2495e-16 
1.4403 1.84903 -4.12403e-17 
1.4403 1.84903 -1.72153e-16 
1.4403 1.84903 1.56296e-16 
1.4403 1.84903 9.28336e-17 
1.4403 1.84903 -9.30527e-17 
1.4403 1.84903 5.75573e-17 
1.4403 1.84903 4.59704e-17 
1.4403 1.84903 3.7085e-17 
1.4403 1.84903 -2.96063e-20 
1.4403 1.84903 0 
1.4403 1.84903 5.24859e-21 
1.4403 1.84903 -4.92354e-17 
1.4403 1.84903 4.63574e-17 
1.4403 1.84903 -7.30134e-17 
1.4403 1.84903 -3.0821e-16 
1.4403 1.84903 -2.71872e-16 
1.4403 1.84903 -5.75028e-16 
1.4403 1.84903 -3.36808e-16 
1.4403 1.84903 2.41755e-16 
1.44722 1.88894 1.71044e-16 
1.44722 1.88894 -5.4022e-17 
1.44722 1.88894 -2.23357e-16 
1.44722 1.88894 -1.35326e-17 
1.44722 1.88894 6.84615e-17 
1.44722 1.88894 -5.90047e-17 
1.44722 1.88894 -3.20727e-17 
1.44722 1.88894 2.1188e-16 
1.44722 1.88894 5.36665e-17 
1.44722 1.88894 -3.19971e-18 
1.44722 1.88894 0 
1.44722 1.88894 3.36482e-24 
1.44722 1.88894 -2.93134e-16 
1.44722 1.88894 -1.39932e-16 
1.44722 1.88894 -6.78809e-18 
1.44722 1.88894 -4.74495e-17 
1.44722 1.88894 -3.34419e-16 
1.44722 1.88894 -4.92672e-16 
1.44722 1.88894 -2.26943e-16 
1.44722 1.88894 7.81247e-17 
1.46051 1.94783 1.26301e-17 
1.46051 1.94783 5.03944e-18 
1.46051 1.94783 -1.63051e-16 
1.46051 1.94783 -1.78586e-16 
1.46051 1.94783 -1.33586e-16 
1.46051 1.94783 -1.40129e-16 
1.46051 1.94783 2.17197e-16 
1.46051 1.94783 1.61685e-16 
1.46051 1.94783 -6.79424e-17 
1.46051 1.94783 -3.08141e-17 
1.46051 1.94783 0 
1.46051 1.94783 0 
1.46051 1.94783 -1.54241e-16 
1.46051 1.94783 2.1066e-17 
1.46051 1.94783 6.2831e-17 
1.46051 1.94783 9.20667e-17 
1.46051 1.94783 -1.0741e-17 
1.46051 1.94783 -6.36447e-16 
1.46051 1.94783 2.11258e-16 
1.46051 1.94783 1.9594e-16 
1.46281 1.94318 3.35066e-18 
1.46281 1.94318 -2.81603e-16 
1.46281 1.94318 -1.89735e-16 
1.46281 1.94318 -4.7991e-16 
1.46281 1.94318 -5.28912e-17 
1.46281 1.94318 3.8154e-16 
1.46281 1.94318 3.91764e-16 
1.46281 1.94318 1.6966e-16 
1.46281 1.94318 -1.5998e-16 
1.46281 1.94318 -7.32554e-17 
1.46281 1.94318 -4.33653e-18 
1.46281 1.94318 0 
1.46281 1.94318 -1.40762e-16 
1.46281 1.94318 1.40805e-16 
1.46281 1.94318 -3.68163e-17 
1.46281 1.94318 -2.64728e-16 
1.46281 1.94318 7.92243e-17 
1.46281 1.94318 2.5042e-16 
1.46281 1.94318 2.38361e-16 
1.46281 1.94318 6.05549e-17 
1.45082 1.88324 -1.3318e-17 
1.45082 1.88324 1.03271e-16 
1.45082 1.88324 -4.14018e-16 
1.45082 1.88324 -1.61792e-16 
1.45082 1.88324 2.42756e-16 
1.45082 1.88324 3.30613e-16 
1.45082 1.88324 3.7327e-16 
1.45082 1.88324 -8.60654e-17 
1.45082 1.88324 -1.1992e-16 
1.45082 1.88324 -5.35556e-17 
1.45082 1.88324 0 
1.45082 1.88324 -4.33653e-18 
1.45082 1.88324 -2.82179e-16 
1.45082 1.88324 -1.06622e-17 
1.45082 1.88324 9.97276e-18 
1.45082 1.88324 -3.82295e-16 
1.45082 1.88324 7.69586e-17 
1.45082 1.88324 4.57219e-16 
1.45082 1.88324 2.65178e-16 
1.45082 1.88324 5.83896e-17 
1.44175 1.84163 -6.75336e-17 
1.44175 1.84163 1.68605e-16 
1.44175 1.84163 -1.18566e-16 
1.44175 1.84163 -1.21753e-16 
1.44175 1.84163 2.93663e-16 
1.44175 1.84163 1.97726e-16 
1.44175 1.84163 6.97113e-17 
1.44175 1.84163 7.80732e-18 
1.44175 1.84163 -8.84318e-18 
1.44175 1.84163 -1.25269e-17 
1.44175 1.84163 0 
1.44175 1.84163 0 
1.44175 1.84163 -6.08101e-17 
1.44175 1.84163 -2.6725e-19 
1.44175 1.84163 -1.45685e-16 
1.44175 1.84163 -4.12007e-16 
1.44175 1.84163 -6.36955e-17 
1.44175 1.84163 2.73665e-16 
1.44175 1.84163 1.60684e-16 
1.44175 1.84163 -3.24636e-17 
1.44308 1.85271 -1.44313e-16 
1.44308 1.85271 1.45374e-17 
1.44308 1.85271 9.99384e-17 
1.44308 1.85271 6.02826e-17 
1.44308 1.85271 -5.29815e-17 
1.44308 1.85271 1.35035e-16 
1.44308 1.85271 2.89692e-16 
1.44308 1.85271 2.77294e-16 
1.44308 1.85271 1.74334e-16 
1.44308 1.85271 -1.65679e-19 
1.44308 1.85271 0 
1.44308 1.85271 0 
1.44308 1.85271 -1.36108e-18 
1.44308 1.85271 -9.90572e-22 
1.44308 1.85271 -2.83811e-16 
1.44308 1.85271 -4.08363e-16 
1.44308 1.85271 -2.50893e-16 
1.44308 1.85271 -1.5511e-16 
1.44308 1.85271 1.27229e-16 
1.44308 1.85271 3.44238e-16 
1.45942 1.93169 -8.30631e-17 
1.45942 1.93169 -7.99415e-17 
1.45942 1.93169 1.03851e-16 
1.45942 1.93169 1.10663e-16 
1.45942 1.93169 -1.13863e-16 
1.45942 1.93169 1.69156e-16 
1.45942 1.93169 5.07484e-16 
1.45942 1.93169 2.14585e-16 
1.45942 1.93169 2.78097e-18 
1.45942 1.93169 -9.05383e-22 
1.45942 1.93169 0 
1.45942 1.93169 0 
1.45942 1.93169 -5.34963e-21 
1.45942 1.93169 1.9896e-21 
1.45942 1.93169 -1.55882e-16 
1.45942 1.93169 -3.16998e-16 
1.45942 1.93169 -3.5842e-16 
1.45942 1.93169 -2.97871e-16 
1.45942 1.93169 -1.87858e-16 
1.45942 1.93169 4.12719e-18 
1.46288 1.9405 8.66879e-17 
1.46288 1.9405 -1.08496e-18 
1.46288 1.9405 1.11949e-16 
1.46288 1.9405 2.1149e-16 
1.46288 1.9405 -1.51237e-16 
1.46288 1.9405 6.12377e-17 
1.46288 1.9405 1.64023e-16 
1.46288 1.9405 -1.13114e-16 
1.46288 1.9405 5.58748e-21 
1.46288 1.9405 -2.36517e-24 
1.46288 1.9405 0 
1.46288 1.9405 0 
1.46288 1.9405 -3.5636e-24 
1.46288 1.9405 1.6741e-18 
1.46288 1.9405 1.66929e-16 
1.46288 1.9405 -1.2375e-16 
1.46288 1.9405 -2.05509e-16 
1.46288 1.9405 -2.05655e-16 
1.46288 1.9405 -2.67852e-16 
1.46288 1.9405 -5.16309e-16 
1.41917 1.73079 5.16123e-16 
1.41917 1.73079 1.05599e-17 
1.41917 1.73079 1.15801e-16 
1.41917 1.73079 -2.5536e-17 
1.41917 1.73079 -1.75611e-16 
1.41917 1.73079 -1.12603e-16 
1.41917 1.73079 -1.67352e-16 
1.41917 1.73079 -2.30465e-16 
1.41917 1.73079 -9.84757e-27 
1.41917 1.73079 -2.46189e-27 
1.41917 1.73079 0 
1.41917 1.73079 0 
1.41917 1.73079 0 
1.41917 1.73079 1.78036e-16 
1.41917 1.73079 3.89296e-16 
1.41917 1.73079 1.10984e-16 
1.41917 1.73079 -8.21804e-18 
1.41917 1.73079 5.48327e-18 
1.41917 1.73079 -5.56026e-16 
1.41917 1.73079 -1.01549e-15 
1.1703 0.632466 1.08639e-15 
1.1703 0.632466 7.77567e-17 
1.1703 0.632466 5.3961e-17 
1.1703 0.632466 -3.34332e-17 
1.1703 0.632466 -7.79104e-17 
1.1703 0.632466 -6.638e-17 
1.1703 0.632466 -2.21218e-18 
1.1703 0.632466 -2.64589e-18 
1.1703 0.632466 0 
1.1703 0.632466 0 
1.1703 0.632466 0 
1.1703 0.632466 0 
1.1703 0.632466 0 
1.1703 0.632466 2.44909e-18 
1.1703 0.632466 1.00038e-16 
1.1703 0.632466 5.97296e-17 
1.1703 0.632466 5.5469e-18 
1.1703 0.632466 1.66912e-17 
1.1703 0.632466 -1.62597e-16 
1.1703 0.632466 -7.65184e-17 
1.01872 0.0601755 1.90185e-16 
1.01872 0.0601755 1.71328e-17 
1.01872 0.0601755 2.89414e-18 
1.01872 0.0601755 -1.35363e-18 
1.01872 0.0601755 -3.42775e-18 
1.01872 0.0601755 -4.98582e-18 
1.01872 0.0601755 -2.14889e-21 
1.01872 0.0601755 -2.6501e-21 
1.01872 0.0601755 0 
1.01872 0.0601755 0 
1.01872 0.0601755 0 
1.01872 0.0601755 0 
1.01872 0.0601755 0 
1.01872 0.0601755 2.77627e-21 
1.01872 0.0601755 4.64447e-18 
1.01872 0.0601755 3.8953e-18 
1.01872 0.0601755 4.99067e-19 
1.01872 0.0601755 -3.8247e-18 
1.01872 0.0601755 -1.12083e-17 
1.01872 0.0601755 -4.97557e-17 
1.0018 0.00564793 -3.43485e-18 
1.0018 0.00564793 8.34796e-19 
1.0018 0.00564793 -2.32912e-20 
1.0018 0.00564793 -2.86837e-20 
1.0018 0.00564793 -4.68987e-20 
1.0018 0.00564793 -5.58028e-20 
1.0018 0.00564793 1.11254e-24 
1.0018 0.00564793 -7.70656e-25 
1.0018 0.00564793 0 
1.0018 0.00564793 0 
1.0018 0.00564793 0 
1.0018 0.00564793 0 
1.0018 0.00564793 0 
1.0018 0.00564793 0 
1.0018 0.00564793 4.89953e-20 
1.0018 0.00564793 4.63464e-20 
1.0018 0.00564793 1.56564e-20 
1.0018 0.00564793 3.37665e-20 
1.0018 0.00564793 -7.11865e-19 
1.0018 0.00564793 -3.27663e-18 
1.00016 0.000514752 -3.05519e-19 
1.00016 0.000514752 3.04577e-21 
1.00016 0.000514752 -1.25463e-21 
1.00016 0.000514752 -9.21492e-22 
1.00016 0.000514752 -5.55343e-22 
1.00016 0.000514752 -3.65399e-22 
1.00016 0.000514752 5.31047e-28 
1.00016 0.000514752 -1.0069e-34 
1.00016 0.000514752 0 
1.00016 0.000514752 0 
1.00016 0.000514752 0 
1.00016 0.000514752 0 
1.00016 0.000514752 0 
1.00016 0.000514752 0 
1.00016 0.000514752 2.90075e-22 
1.00016 0.000514752 4.41032e-22 
1.00016 0.000514752 5.86873e-22 
1.00016 0.000514752 3.63844e-21 
1.00016 0.000514752 -1.96071e-20 
1.00016 0.000514752 -7.02428e-20 
1.00001 4.41287e-05 -1.52048e-20 
1.00001 4.41287e-05 -1.87881e-21 
1.00001 4.41287e-05 -3.06268e-23 
1.00001 4.41287e-05 -2.72619e-23 
1.00001 4.41287e-05 -9.47132e-24 
1.00001 4.41287e-05 -1.72879e-24 
1.00001 4.41287e-05 1.10129e-30 
1.00001 4.41287e-05 0 
1.00001 4.41287e-05 0 
1.00001 4.41287e-05 0 
1.00001 4.41287e-05 0 
1.00001 4.41287e-05 0 
1.00001 4.41287e-05 0 
1.00001 4.41287e-05 0 
1.00001 4.41287e-05 1.06652e-24 
1.00001 4.41287e-05 4.53268e-24 
1.00001 4.41287e-05 1.92161e-23 
1.00001 4.41287e-05 8.00624e-23 
1.00001 4.41287e-05 -1.26471e-22 
1.00001 4.41287e-05 -5.87781e-22 
1 3.44852e-06 -1.1155e-22 
1 3.44852e-06 -3.4824e-23 
1 3.44852e-06 -7.58469e-25 
1 3.44852e-06 -6.04834e-25 
1 3.44852e-06 -1.53937e-25 
1 3.44852e-06 -6.47675e-27 
1 3.44852e-06 1.88056e-33 
1 3.44852e-06 0 
1 3.44852e-06 0 
1 3.44852e-06 0 
1 3.44852e-06 0 
1 3.44852e-06 0 
1 3.44852e-06 0 
1 3.44852e-06 0 
1 3.44852e-06 2.38386e-27 
1 3.44852e-06 4.0291e-26 
1 3.44852e-06 4.85566e-25 
1 3.44852e-06 1.53576e-24 
1 3.44852e-06 6.11735e-24 
1 3.44852e-06 4.19443e-23 
1 2.36994e-07 9.92348e-24 
1 2.36994e-07 -8.54602e-25 
1 2.36994e-07 -1.41467e-26 
1 2.36994e-07 -9.46614e-27 
1 2.36994e-07 -1.72146e-27 
1 2.36994e-07 -2.00039e-29 
1 2.36994e-07 2.31402e-36 
1 2.36994e-07 0 
1 2.36994e-07 0 
1 2.36994e-07 0 
1 2.36994e-07 0 
1 2.36994e-07 0 
1 2.36994e-07 0 
1 2.36994e-07 0 
1 2.36994e-07 3.10517e-30 
1 2.36994e-07 2.59602e-28 
1 2.36994e-07 8.8483e-27 
1 2.36994e-07 2.24219e-26 
1 2.36994e-07 1.75853e-25 
1 2.36994e-07 5.62314e-25 
1 1.39261e-08 3.75187e-25 
1 1.39261e-08 -2.18161e-26 
1 1.39261e-08 -1.53578e-28 
1 1.39261e-08 -1.04816e-28 
1 1.39261e-08 -1.29945e-29 
1 1.39261e-08 -4.83356e-32 
1 1.39261e-08 1.89338e-39 
1 1.39261e-08 0 
1 1.39261e-08 0 
1 1.39261e-08 0 
1 1.39261e-08 0 
1 1.39261e-08 0 
1 1.39261e-08 0 
1 1.39261e-08 0 
1 1.39261e-08 2.15436e-33 
1 1.39261e-08 1.17026e-30 
1 1.39261e-08 1.1063e-28 
1 1.39261e-08 2.12214e-28 
1 1.39261e-08 3.4951e-27 
1 1.39261e-08 3.58688e-26 
1 6.85211e-10 6.64401e-27 
1 6.85211e-10 -4.02428e-28 
1 6.85211e-10 3.22938e-31 
1 6.85211e-10 -8.38753e-31 
1 6.85211e-10 -6.86094e-32 
1 6.85211e-10 -7.43327e-35 
1 6.85211e-10 9.25634e-43 
1 6.85211e-10 0 
1 6.85211e-10 0 
1 6.85211e-10 0 
1 6.85211e-10 0 
1 6.85211e-10 0 
1 6.85211e-10 0 
1 6.85211e-10 0 
1 6.85211e-10 6.14068e-37 
1 6.85211e-10 3.7171e-33 
1 6.85211e-10 9.5857e-31 
1 6.85211e-10 4.87035e-31 
1 6.85211e-10 6.39792e-29 
1 6.85211e-10 2.16708e-27 
1 2.77437e-11 9.82159e-29 
1 2.77437e-11 -5.21381e-30 
1 2.77437e-11 1.47146e-31 
1 2.77437e-11 -4.9557e-33 
1 2.77437e-11 -2.61133e-34 
1 2.77437e-11 1.26468e-37 
1 2.77437e-11 2.05792e-46 
1 2.77437e-11 0 
1 2.77437e-11 0 
1 2.77437e-11 0 
1 2.77437e-11 0 
1 2.77437e-11 0 
1 2.77437e-11 0 
1 2.77437e-11 0 
1 2.77437e-11 0 
1 2.77437e-11 8.38251e-36 
1 2.77437e-11 5.92203e-33 
1 2.77437e-11 -6.84571e-32 
1 2.77437e-11 1.00307e-30 
1 2.77437e-11 5.56546e-29 
1 9.102e-13 1.02511e-30 
1 9.102e-13 -4.88614e-32 
1 9.102e-13 8.47473e-34 
1 9.102e-13 -2.19795e-35 
1 9.102e-13 -7.29795e-37 
1 9.102e-13 1.10472e-39 
1 9.102e-13 0 
1 9.102e-13 0 
1 9.102e-13 0 
1 9.102e-13 0 
1 9.102e-13 0 
1 9.102e-13 0 
1 9.102e-13 0 
1 9.102e-13 0 
1 9.102e-13 0 
1 9.102e-13 1.33696e-38 
1 9.102e-13 2.67537e-35 
1 9.102e-13 -5.44071e-34 
1 9.102e-13 1.27191e-32 
1 9.102e-13 1.05852e-30 
1 2.38308e-14 -2.10936e-33 
1 2.38308e-14 -3.46008e-34 
1 2.38308e-14 2.29867e-36 
1 2.38308e-14 -7.39488e-38 
1 2.38308e-14 -1.50899e-39 
1 2.38308e-14 9.55641e-43 
1 2.38308e-14 0 
1 2.38308e-14 0 
1 2.38308e-14 0 
1 2.38308e-14 0 
1 2.38308e-14 0 
1 2.38308e-14 0 
1 2.38308e-14 0 
1 2.38308e-14 0 
1 2.38308e-14 0 
1 2.38308e-14 1.47622e-41 
1 2.38308e-14 8.98717e-38 
1 2.38308e-14 -1.19865e-36 
1 2.38308e-14 1.24826e-34 
1 2.38308e-14 1.32689e-32 
1 5.29132e-16 -1.10767e-33 
1 5.29132e-16 -1.92962e-36 
1 5.29132e-16 4.97793e-39 
1 5.29132e-16 -1.89509e-40 
1 5.29132e-16 -2.30197e-42 
1 5.29132e-16 2.82077e-46 
1 5.29132e-16 0 
1 5.29132e-16 0 
1 5.29132e-16 0 
1 5.29132e-16 0 
1 5.29132e-16 0 
1 5.29132e-16 0 
1 5.29132e-16 0 
1 5.29132e-16 0 
1 5.29132e-16 0 
1 5.29132e-16 1.07426e-44 
1 5.29132e-16 2.26167e-40 
1 5.29132e-16 -3.27056e-39 
1 5.29132e-16 9.38718e-37 
1 5.29132e-16 1.12659e-34 
1 6.18657e-33 -6.75378e-36 
1 1.33586e-37 -8.75442e-39 
1 -6.96716e-51 1.17095e-41 
1 -2.54006e-54 -3.68807e-43 
1 -2.0838e-57 -2.55403e-45 
1 1.05711e-75 6.28811e-50 
1 0 0 
1 0 0 
1 0 0 
1 0 0 
1 0 0 
1 0 0 
1 0 0 
1 0 0 
1 4.04676e-76 0 
1 -1.59992e-58 4.63581e-48 
1 -1.04625e-55 4.25473e-43 
1 -1.64542e-52 -1.02697e-41 
1 -1.91802e-35 5.44902e-39 
1 -4.38066e-33 6.99087e-37 
1 0 -2.11762e-38 
1 0 -3.2964e-41 
1 0 2.99127e-44 
1 0 -5.37659e-46 
1 0 -2.00064e-48 
1 0 3.33538e-54 
1 0 0 
1 0 0 
1 0 0 
1 0 0 
1 0 0 
1 0 0 
1 0 0 
1 0 0 
1 0 0 
1 0 8.9842e-52 
1 0 5.90439e-46 
1 0 -3.02878e-44 
1 0 2.46925e-41 
1 0 3.40966e-39 
1 0 -6.23535e-41 
1 0 -1.03703e-43 
1 0 7.40062e-47 
1 0 -5.56561e-49 
1 0 -1.04715e-51 
1 0 6.17039e-58 
1 0 0 
1 0 0 
1 0 0 
1 0 0 
1 0 0 
1 0 0 
1 0 0 
1 0 0 
1 0 0 
1 0 0 
1 0 5.87326e-49 
1 0 -7.65999e-47 
1 0 8.82075e-44 
1 0 1.38298e-41 
1 0 -2.01183e-43 
1 0 -2.71431e-46 
1 0 1.596e-49 
1 0 -1.5695e-52 
1 0 -3.28527e-55 
1 0 0 
1 0 0 
1 0 0 
1 0 0 
1 0 0 
1 0 0 
1 0 0 
1 0 0 
1 0 0 
1 0 0 
1 0 0 
1 0 3.96563e-52 
1 0 -1.63112e-49 
1 0 2.49976e-46 
1 0 4.81198e-44 
1 0 -6.10917e-46 
1 0 -5.84745e-49 
1 0 2.85104e-52 
1 0 1.13658e-54 
1 0 -4.6842e-59 
1 0 0 
1 0 0 
1 0 0 
1 0 0 
1 0 0 
1 0 0 
1 0 0 
1 0 0 
1 0 0 
1 0 0 
1 0 0 
1 0 1.62921e-55 
1 0 -2.88198e-52 
1 0 5.63385e-49 
1 0 1.44205e-46 
1 0 -1.58955e-48 
1 0 -1.02252e-51 
1 0 4.10979e-55 
1 0 1.28256e-57 
1 0 0 
1 0 0 
1 0 0 
1 0 0 
1 0 0 
1 0 0 
1 0 0 
1 0 0 
1 0 0 
1 0 0 
1 0 0 
1 0 0 
1 0 3.07637e-59 
1 0 -4.13093e-55 
1 0 1.00798e-51 
1 0 3.67404e-49 
1 0 -3.38698e-51 
1 0 -1.42846e-54 
1 0 4.6679e-58 
1 0 3.70795e-61 
1 0 0 
1 0 0 
1 0 0 
1 0 0 
1 0 0 
1 0 0 
1 0 0 
1 0 0 
1 0 0 
1 0 0 
1 0 0 
1 0 0 
1 0 0 
1 0 -4.67909e-58 
1 0 1.42227e-54 
1 0 7.81676e-52 
1 0 -5.76713e-54 
1 0 -1.56448e-57 
1 0 4.05696e-61 
1 0 5.91587e-65 
1 0 0 
1 0 0 
1 0 0 
1 0 0 
1 0 0 
1 0 0 
1 0 0 
1 0 0 
1 0 0 
1 0 0 
1 0 0 
1 0 0 
1 0 0 
1 0 -4.06139e-61 
1 0 1.56308e-57 
1 0 1.36497e-54 
1 0 -7.69577e-57 
1 0 -1.31082e-60 
1 0 2.59236e-64 
1 0 0 
1 0 0 
1 0 0 
1 0 0 
1 0 0 
1 0 0 
1 0 0 
1 0 0 
1 0 0 
1 0 0 
1 0 0 
1 0 0 
1 0 0 
1 0 0 
1 0 -2.5935e-64 
1 0 1.31064e-60 
1 0 1.9232e-57 
1 0 -7.86989e-60 
1 0 -8.10944e-64 
1 0 1.14385e-67 
1 0 0 
1 0 0 
1 0 0 
1 0 0 
1 0 0 
1 0 0 
1 0 0 
1 0 0 
1 0 0 
1 0 0 
1 0 0 
1 0 0 
1 0 0 
1 0 0 
1 0 -1.14398e-67 
1 0 8.10873e-64 
1 0 2.14362e-60 
1 0 -5.97882e-63 
1 0 -3.49742e-67 
1 0 3.10304e-71 
1 0 0 
1 0 0 
1 0 0 
1 0 0 
1 0 0 
1 0 0 
1 0 0 
1 0 0 
1 0 0 
1 0 0 
1 0 0 
1 0 0 
1 0 0 
1 0 0 
1 0 -3.10304e-71 
1 0 3.49726e-67 
1 0 1.84075e-63 
1 0 -3.21854e-66 
1 0 -9.42865e-71 
1 0 3.88153e-75 
1 0 0 
1 0 0 
1 0 0 
1 0 0 
1 0 0 
1 0 0 
1 0 0 
1 0 0 
1 0 0 
1 0 0 
1 0 0 
1 0 0 
1 0 0 
1 0 0 
1 0 -3.88153e-75 
1 0 9.42853e-71 
1 0 1.17114e-66 
1 0 -1.13555e-69 
1 0 -1.204e-74 
1 0 0 
1 0 0 
1 0 0 
1 0 0 
1 0 0 
1 0 0 
1 0 0 
1 0 0 
1 0 0 
1 0 0 
1 0 0 
1 0 0 
1 0 0 
1 0 0 
1 0 0 
1 0 0 
1 0 1.204e-74 
1 0 5.18334e-70 
1 0 -2.2693e-73 
1 0 0 
1 0 0 
1 0 0 
1 0 0 
1 0 0 
1 0 0 
1 0 0 
1 0 0 
1 0 0 
1 0 0 
1 0 0 
1 0 0 
1 0 0 
1 0 0 
1 0 0 
1 0 0 
1 0 0 
1 0 0 
1 0 1.41973e-73 
1 0 -1.80471e-77 
1 0 0 
1 0 0 
1 0 0 
1 0 0 
1 0 0 
1 0 0 
1 0 0 
1 0 0 
1 0 0 
1 0 0 
1 0 0 
1 0 0 
1 0 0 
1 0 0 
1 0 0 
1 0 0 
1 0 0 
1 0 0 
1 0 1.80471e-77 
1 0 0 
1 0 0 
1 0 0 
1 0 0 
1 0 0 
1 0 0 
1 0 0 
1 0 0 
1 0 0 
1 0 0 
1 0 0 
1 0 0 
1 0 0 
1 0 0 
1 0 0 
1 0 0 
1 0 0 
1 0 0 
1 0 0 
1 0 0 
1 0 0 
1 0 0 
1 0 0 
1 0 0 
1 0 0 
1 0 0 
1 0 0 
1 0 0 
1 0 0 
1 0 0 
1 0 0 
1 0 0 
1 0 0 
1 0 0 
1 0 0 
1 0 0 
1 0 0 
1 0 0 
1 0 0 
1 0 0 
1 0 0 
1 0 0 
1 0 0 
1 0 0 
1 0 0 
1 0 0 
1 0 0 
1 0 0 
1 0 0 
1 0 0 
1 0 0 
1 0 0 
1 0 0 
1 0 0 
1 0 0 
1 0 0 
1 0 0 
1 0 0 
1 0 0 
1 0 0 
1 0 0 
1 0 0 
1 0 0 
1 0 0 
1 0 0 
1 0 0 
1 0 0 
1 0 0 
1 0 0 
1 0 0 
1 0 0 
1 0 0 
1 0 0 
1 0 0 
1 0 0 
1 0 0 
1 0 0 
1 0 0 
1 0 0 
1 0 0 
1 0 0 
1 0 0 
1 0 0 
1 0 0 
1 0 0 
1 0 0 
1 0 0 
1 0 0 
1 0 0 
1 0 0 
1 0 0 
1 0 0 
1 0 0 
1 0 0 
1 0 0 
1 0 0 
1 0 0 
1 0 0 
1 0 0 
1 0 0 
1 0 0 
1 0 0 
1 0 0 
1 0 0 
1 0 0 
1 0 0 
1 0 0 
1 0 0 
1 0 0 
1 0 0 
1 0 0 
1 0 0 
1 0 0 
1 0 0 
1 0 0 
1 0 0 
1 0 0 
1 0 0 
1 0 0 
1 0 0 
1 0 0 
1 0 0 
1 0 0 
1 0 0 
1 0 0 
1 0 0 
1 0 0 
1 0 0 
1 0 0 
1 0 0 
1 0 0 
1 0 0 
1 0 0 
1 0 0 
1 0 0 
1 0 0 
1 0 0 
1 0 0 
1 0 0 
1 0 0 
1 0 0 
1 0 0 
1 0 0 
1 0 0 
1 0 0 
1 0 0 
1 0 0 
1 0 0 
1 0 0 
1 0 0 
1 0 0 
1 0 0 
1 0 0 
1 0 0 
1 0 0 
1 0 0 
1 0 0 
1 0 0 
1 0 0 
1 0 0 
1 0 0 
1 0 0 
1 0 0 
1 0 0 
1 0 0 
1 0 0 
1 0 0 
1 0 0 
1 0 0 
1 0 0 
1 0 0 
1 0 0 
1 0 0 
1 0 0 
1 0 0 
1 0 0 
1 0 0 
1 0 0 
1 0 0 
1 0 0 
1 0 0 
1 0 0 
1 0 0 
1 0 0 
1 0 0 
1 0 0 
1 0 0 
1 0 0 
1 0 0 
1 0 0 
1 0 0 
1 0 0 
1 0 0 
1 0 0 
1 0 0 
1 0 0 
1 0 0 
1 0 0 
1 0 0 
1 0 0 
1 0 0 
1 0 0 
1 0 0 
1 0 0 
1 0 0 
1 0 0 
1 0 0 
1 0 0 
1 0 0 
1 0 0 
1 0 0 
1 0 0 
1 0 0 
1 0 0 
1 0 0 
1 0 0 
1 0 0 
1 0 0 
1 0 0 
1 0 0 
1 0 0 
1 0 0 
1 0 0 
1 0 0 
1 0 0 
1 0 0 
1 0 0 
1 0 0 
1 0 0 
1 0 0 
1 0 0 
1 0 0 
1 0 0 
1 0 0 
1 0 0 
1 0 0 
1 0 0 
1 0 0 
1 0 0 
1 0 0 
1 0 0 
1 0 0 
1 0 0 
1 0 0 
1 0 0 
1 0 0 
1 0 0 
1 0 0 
1 0 0 
1 0 0 
1 0 0 
1 0 0 
1 0 0 
1 0 0 
1 0 0 
1 0 0 
1 0 0 
1 0 0 
1 0 0 
1 0 0 
1 0 0 
1 0 0 
1 0 0 
1 0 0 
1 0 0 
1 0 0 
1 0 0 
1 0 0 
1 0 0 
1 0 0 
1 0 0 
1 0 0 
1 0 0 
1 0 0 
1 0 0 
1 0 0 
1 0 0 
1 0 0 
1 0 0 
1 0 0 
1 0 0 
1 0 0 
1 0 0 
1 0 0 
1 0 0 
1 0 0 
1 0 0 
1 0 0 
1 0 0 
1 0 0 
1 0 0 
1 0 0 
1 0 0 
1 0 0 
1 0 0 
1 0 0 
1 0 0 
1 0 0 
1 0 0 
1 0 0 
1 0 0 
1 0 0 
1 0 0 
1 0 0 
1 0 0 
1 0 0 
1 0 0 
1 0 0 
1 0 0 
1 0 0 
1 0 0 
1 0 0 
1 0 0 
1 0 0 
1 0 0 
1 0 0 
1 0 0 
1 0 0 
1 0 0 
1 0 0 
1 0 0 
1 0 0 
1 0 0 
1 0 0 
1 0 0 
1 0 0 
1 0 0 
1 0 0 
1 0 0 
1 0 0 
1 0 0 
1 0 0 
1 0 0 
1 0 0 
1 0 0 
1 0 0 
1 0 0 
1 0 0 
1 0 0 
1 0 0 
1 0 0 
1 0 0 
1 0 0 
1 0 0 
1 0 0 
1 0 0 
1 0 0 
1 0 0 
1 0 0 
1 0 0 
1 0 0 
1 0 0 
1 0 0 
1 0 0 
1 0 0 
1 0 0 
1 0 0 
1 0 0 
1 0 0 
1 0 0 
1 0 0 
1 0 0 
1 0 0 
1 0 0 
1 0 0 
1 0 0 
1 0 0 
1 0 0 
1 0 0 
1 0 0 
1 0 0 
1 0 0 
1 0 0 
1 0 0 
1 0 0 
1 0 0 
1 0 0 
1 0 0 
1 0 0 
1 0 0 
1 0 0 
1 0 0 
1 0 0 
1 0 0 
1 0 0 
1 0 0 
1 0 0 
1 0 0 
1 0 0 
1 0 0 
1 0 0 
1 0 0 
1 0 0 
1 0 0 
1 0 0 
1 0 0 
1 0 0 
1 0 0 
1 0 0 
1 0 0 
1 0 0 
1 0 0 
1 0 0 
1 0 0 
1 0 0 
1 0 0 
1 0 0 
1 0 0 
1 0 0 
1 0 0 
1 0 0 
1 0 0 
1 0 0 
1 0 0 
1 0 0 
1 0 0 
1 0 0 
1 0 0 
1 0 0 
1 0 0 
1 0 0 
1 0 0 
1 0 0 
1 0 0 
1 0 0 
1 0 0 
1 0 0 
1 0 0 
1 0 0 
1 0 0 
1 0 0 
1 0 0 
1 0 0 
1 0 0 
1 0 0 
1 0 0 
1 0 0 
1 0 0 
1 0 0 
1 0 0 
1 1.14413e-65 0 
1 1.81591e-67 0 
1 1.40302e-65 0 
1 1.21083e-63 0 
1 7.97072e-62 0 
1 4.00342e-60 0 
1 1.5534e-58 0 
1 4.7452e-57 0 
1 1.16124e-55 0 
1 2.29919e-54 0 
1 3.69178e-53 0 
1 4.80555e-52 0 
1 5.04014e-51 0 
1 4.16663e-50 0 
1 2.64022e-49 0 
1 9.51468e-49 0 
1 1.28922e-48 0 
1 -3.89152e-48 0 
1 -2.39582e-47 0 
1 5.04969e-47 0 
1 1.04892e-51 0 
1 5.10722e-50 0 
1 3.48982e-48 0 
1 1.88246e-46 0 
1 8.07597e-45 0 
1 2.78022e-43 0 
1 7.74943e-42 0 
1 1.76219e-40 0 
1 3.2836e-39 0 
1 5.0352e-38 0 
1 6.36496e-37 0 
1 6.65342e-36 0 
1 5.79428e-35 0 
1 3.67653e-34 0 
1 7.19829e-34 0 
1 -1.3088e-33 0 
1 -2.15818e-32 0 
1 -1.18695e-31 0 
1 -3.65386e-31 0 
1 -6.57527e-31 0 
1 -3.2988e-40 3.93962e-40 
1 -3.62716e-38 0 
1 -3.10009e-36 0 
1 -2.05483e-34 0 
1 -1.0652e-32 0 
1 -4.37841e-31 0 
1 -1.44846e-29 0 
1 -3.9096e-28 0 
1 -8.70886e-27 0 
1 -1.61546e-25 0 
1 -2.51207e-24 0 
1 -3.28978e-23 0 
1 -3.63852e-22 0 
1 -3.40283e-21 0 
1 -2.69063e-20 0 
1 -1.79611e-19 0 
1 -1.00971e-18 0 
1 -4.76132e-18 0 
1 -1.88086e-17 0 
1 -6.09502e-17 0 
1 -1.55256e-16 0 
1 -2.1785e-16 -8.13455e-17 
1 -2.36599e-45 8.17634e-43 
1 -1.31958e-47 2.79724e-42 
1 -5.89859e-46 0 
1 -1.05478e-43 0 
1 -1.48759e-41 0 
1 -1.6395e-39 0 
1 -1.40237e-37 0 
1 -9.30526e-36 0 
1 -4.8304e-34 0 
1 -1.98892e-32 0 
1 -6.59373e-31 0 
1 -1.78437e-29 0 
1 -3.98734e-28 0 
1 -7.42462e-27 0 
1 -1.15985e-25 0 
1 -1.52723e-24 0 
1 -1.69989e-23 0 
1 -1.60136e-22 0 
1 -1.27667e-21 0 
1 -8.60367e-21 0 
1 -4.89253e-20 0 
1 -2.34401e-19 0 
1 -9.47558e-19 -2.75884e-17 
1 -3.26079e-18 -2.45299e-17 
1 -1.38595e-51 1.09973e-48 
1 -3.95502e-54 9.8772e-46 
1 -9.06957e-57 4.57285e-45 
1 7.74191e-57 1.56574e-44 
1 3.36914e-54 0 
1 1.17684e-51 0 
1 3.29991e-49 0 
1 7.40149e-47 0 
1 1.31928e-44 0 
1 1.85245e-42 0 
1 2.02962e-40 0 
1 1.72236e-38 0 
1 1.13094e-36 0 
1 5.79266e-35 0 
1 2.34575e-33 0 
1 7.62012e-32 0 
1 2.01188e-30 0 
1 4.36327e-29 0 
1 7.83451e-28 0 
1 1.17112e-26 0 
1 1.46494e-25 0 
1 1.54477e-24 0 
1 1.38401e-23 0 
1 1.05215e-22 0 
1 6.78447e-22 -7.8223e-18 
1 3.80639e-21 -8.50374e-18 
1 9.75073e-21 -2.36031e-18 
1 5.73911e-21 -2.66778e-19 
1 -5.2044e-55 3.52432e-52 
1 -1.19282e-57 3.91086e-51 
1 -2.54048e-60 4.38889e-48 
1 -2.39476e-58 2.03388e-47 
1 -1.30465e-55 6.96854e-47 
1 -5.68808e-53 0 
1 -1.99214e-50 0 
1 -5.60461e-48 0 
1 -1.26238e-45 0 
1 -2.26241e-43 0 
1 -3.19954e-41 0 
1 -3.53898e-39 0 
1 -3.04135e-37 0 
1 -2.03007e-35 0 
1 -1.06143e-33 0 
1 -4.40715e-32 0 
1 -1.47493e-30 0 
1 -4.03343e-29 0 
1 -9.11732e-28 0 
1 -1.71925e-26 0 
1 -2.72354e-25 0 
1 -3.64305e-24 0 
1 -4.12905e-23 0 
1 -3.97364e-22 0 
1 -3.24928e-21 0 
1 -2.25581e-20 -1.84864e-18 
1 -1.32607e-19 -2.52335e-18 
1 -6.57233e-19 -6.7415e-19 
1 -2.72389e-18 -5.93958e-20 
1 -9.49362e-18 -2.87955e-18 
1 -8.0537e-62 1.24263e-58 
1 -1.17127e-64 2.16611e-55 
1 -3.74709e-66 1.00519e-54 
1 -4.14502e-63 1.11709e-53 
1 -3.63613e-60 1.56106e-50 
1 -2.49464e-57 7.23971e-50 
1 -1.35798e-54 2.48177e-49 
1 -5.91473e-52 0 
1 -2.06901e-49 0 
1 -5.81209e-47 0 
1 -1.30663e-44 0 
1 -2.33598e-42 0 
1 -3.29306e-40 0 
1 -3.62719e-38 0 
1 -3.10009e-36 0 
1 -2.05483e-34 0 
1 -1.0652e-32 0 
1 -4.37841e-31 0 
1 -1.44846e-29 0 
1 -3.90961e-28 0 
1 -8.70914e-27 0 
1 -1.61571e-25 0 
1 -2.5134e-24 0 
1 -3.29454e-23 0 
1 -3.65064e-22 0 
1 -3.42595e-21 0 
1 -2.72416e-20 0 
1 -1.83351e-19 -3.65816e-19 
1 -1.04143e-18 -6.28501e-19 
1 -4.96887e-18 -1.6258e-19 
1 -1.97184e-17 -1.13232e-20 
1 -6.578e-17 -7.18287e-19 
1 -1.56441e-16 -3.50454e-17 
1 -2.71951e-16 -8.72452e-17 
1 -1.54012e-65 2.0453e-62 
1 -1.75199e-68 2.27805e-61 
1 -1.52372e-71 4.96142e-58 
1 -9.7837e-75 2.3035e-57 
1 -4.65095e-74 2.56305e-56 
1 -1.04529e-70 4.45965e-53 
1 -1.62839e-67 2.0695e-52 
1 -1.86912e-64 7.09718e-52 
1 -1.63977e-61 0 
1 -1.12509e-58 0 
1 -6.12518e-56 0 
1 -2.66819e-53 0 
1 -9.33498e-51 0 
1 -2.62283e-48 0 
1 -5.89793e-46 0 
1 -1.05478e-43 0 
1 -1.48759e-41 0 
1 -1.6395e-39 0 
1 -1.40237e-37 0 
1 -9.30527e-36 0 
1 -4.83041e-34 0 
1 -1.98893e-32 0 
1 -6.59378e-31 0 
1 -1.78441e-29 0 
1 -3.98767e-28 0 
1 -7.42676e-27 0 
1 -1.16084e-25 0 
1 -1.5305e-24 0 
1 -1.70776e-23 -6.08774e-20 
1 -1.61555e-22 -1.3156e-19 
1 -1.29606e-21 -3.3111e-20 
1 -8.80692e-21 -1.84575e-21 
1 -5.0564e-20 -1.39761e-19 
1 -2.44598e-19 -1.0886e-17 
1 -9.96718e-19 -2.97162e-17 
1 -3.45492e-18 -2.50591e-17 
1 -5.59295e-73 1.82224e-69 
1 -3.58253e-76 6.39971e-66 
1 -1.59077e-79 2.97353e-65 
1 -4.36219e-83 3.31469e-64 
1 -5.54649e-87 9.09635e-61 
1 0 4.22502e-60 
1 0 4.70579e-59 
1 0 1.02334e-55 
1 -8.29408e-83 4.75118e-55 
1 -6.51678e-79 1.62993e-54 
1 -2.37382e-75 0 
1 -5.33908e-72 0 
1 -8.32271e-69 0 
1 -9.56022e-66 0 
1 -8.39446e-63 0 
1 -5.76562e-60 0 
1 -3.14275e-57 0 
1 -1.37104e-54 0 
1 -4.80541e-52 0 
1 -1.35319e-49 0 
1 -3.05152e-47 0 
1 -5.47706e-45 0 
1 -7.76081e-43 0 
1 -8.60604e-41 0 
1 -7.42043e-39 0 
1 -4.97397e-37 0 
1 -2.61409e-35 0 
1 -1.09205e-33 0 
1 -3.68092e-32 0 
1 -1.01498e-30 0 
1 -2.31653e-29 -8.55402e-21 
1 -4.41776e-28 -2.31701e-20 
1 -7.09159e-27 -5.69784e-21 
1 -9.63486e-26 -2.57128e-22 
1 -1.11221e-24 -2.35692e-20 
1 -1.09348e-23 -2.80439e-18 
1 -9.16598e-23 -8.34447e-18 
1 -6.54936e-22 -8.94957e-18 
1 -3.98361e-21 -2.48473e-18 
1 -2.05815e-20 -1.89072e-19 
1 -4.70887e-77 1.41929e-73 
1 -2.09068e-80 1.58422e-72 
1 -5.73253e-84 7.2774e-69 
1 -7.28829e-88 3.38232e-68 
1 0 3.77306e-67 
1 0 1.32368e-63 
1 0 6.15027e-63 
1 0 6.85588e-62 
1 0 1.87905e-58 
1 0 8.72767e-58 
1 0 2.99493e-57 
1 -1.08987e-83 0 
1 -8.56396e-80 0 
1 -3.11981e-76 0 
1 -7.01767e-73 0 
1 -1.09407e-69 0 
1 -1.25692e-66 0 
1 -1.10384e-63 0 
1 -7.58307e-61 0 
1 -4.13438e-58 0 
1 -1.80415e-55 0 
1 -6.32566e-53 0 
1 -1.78207e-50 0 
1 -4.02086e-48 0 
1 -7.22204e-46 0 
1 -1.02429e-43 0 
1 -1.13725e-41 0 
1 -9.82185e-40 0 
1 -6.59764e-38 0 
1 -3.47661e-36 0 
1 -1.45703e-34 0 
1 -4.92979e-33 -1.01792e-21 
1 -1.36538e-31 -3.44104e-21 
1 -3.13234e-30 -8.29782e-22 
1 -6.00939e-29 -3.05989e-23 
1 -9.7139e-28 -3.3855e-21 
1 -1.33053e-26 -6.00198e-19 
1 -1.55063e-25 -1.94873e-18 
1 -1.54179e-24 -2.64652e-18 
1 -1.30982e-23 -7.06699e-19 
1 -9.51046e-23 -4.47927e-20 
1 -5.89797e-22 -6.28149e-21 
1 -2.10052e-85 2.17237e-81 
1 -2.66944e-89 1.9548e-77 
1 0 9.08951e-77 
1 0 1.0151e-75 
1 0 6.32719e-72 
1 0 2.94142e-71 
1 0 3.28322e-70 
1 0 1.50683e-66 
1 0 7.00328e-66 
1 0 7.81232e-65 
1 0 2.73781e-61 
1 0 1.27208e-60 
1 0 4.36621e-60 
1 0 0 
1 0 0 
1 0 0 
1 0 0 
1 -3.99181e-85 0 
1 -3.13802e-81 0 
1 -1.14374e-77 0 
1 -2.57419e-74 0 
1 -4.01588e-71 0 
1 -4.61722e-68 0 
1 -4.05855e-65 0 
1 -2.79109e-62 0 
1 -1.52368e-59 0 
1 -6.65924e-57 0 
1 -2.33924e-54 0 
1 -6.60556e-52 0 
1 -1.49482e-49 0 
1 -2.6951e-47 0 
1 -3.84133e-45 0 
1 -4.29267e-43 0 
1 -3.73886e-41 -1.0277e-22 
1 -2.53879e-39 -4.31799e-22 
1 -1.35564e-37 -1.0241e-22 
1 -5.7709e-36 -3.10809e-24 
1 -1.98801e-34 -4.13401e-22 
1 -5.61953e-33 -1.07366e-19 
1 -1.31908e-31 -3.80748e-19 
1 -2.59644e-30 -6.55358e-19 
1 -4.31921e-29 -1.69333e-19 
1 -6.10902e-28 -8.95754e-21 
1 -7.38001e-27 -1.18242e-21 
1 -7.63966e-26 -2.97939e-22 
1 -6.79105e-25 -1.21517e-23 
1 -3.50774e-90 5.32782e-86 
1 0 5.95504e-85 
1 0 8.677e-81 
1 0 4.03542e-80 
1 0 4.50873e-79 
1 0 4.05441e-75 
1 0 1.88524e-74 
1 0 2.10541e-73 
1 0 1.31128e-69 
1 0 6.09595e-69 
1 0 6.8043e-68 
1 0 3.11997e-64 
1 0 1.45006e-63 
1 0 4.9781e-63 
1 0 0 
1 0 0 
1 0 0 
1 0 0 
1 0 0 
1 0 0 
1 -5.24539e-86 0 
1 -4.1238e-82 0 
1 -1.50317e-78 0 
1 -3.38351e-75 0 
1 -5.2791e-72 0 
1 -6.07046e-69 0 
1 -5.33684e-66 0 
1 -3.6709e-63 0 
1 -2.00444e-60 0 
1 -8.76289e-58 0 
1 -3.07928e-55 0 
1 -8.69904e-53 0 
1 -1.96964e-50 0 
1 -3.55369e-48 0 
1 -5.06977e-46 -8.8061e-24 
1 -5.67234e-44 -4.58422e-23 
1 -4.94848e-42 -1.07197e-23 
1 -3.36712e-40 -2.69057e-25 
1 -1.80258e-38 -4.29064e-23 
1 -7.69739e-37 -1.6137e-20 
1 -2.66138e-35 -6.26371e-20 
1 -7.55505e-34 -1.35931e-19 
1 -1.78215e-32 -3.41724e-20 
1 -3.52791e-31 -1.51608e-21 
1 -5.90729e-30 -1.8989e-22 
1 -8.41879e-29 -4.68288e-23 
1 -1.02603e-27 -1.62763e-24 
1 -1.0731e-26 -1.9177e-25 
1 0 0 
1 0 1.45526e-90 
1 0 6.77003e-90 
1 0 7.56959e-89 
1 0 2.37869e-84 
1 0 1.10644e-83 
1 0 1.23669e-82 
1 0 1.80091e-78 
1 0 8.3755e-78 
1 0 9.35784e-77 
1 0 8.40919e-73 
1 0 3.91015e-72 
1 0 4.36679e-71 
1 0 2.71756e-67 
1 0 1.26335e-66 
1 0 4.33785e-66 
1 0 0 
1 0 0 
1 0 0 
1 0 0 
1 0 0 
1 0 0 
1 0 0 
1 0 0 
1 0 0 
1 0 0 
1 -1.9212e-87 0 
1 -1.51105e-83 0 
1 -5.51067e-80 0 
1 -1.24112e-76 0 
1 -1.93774e-73 0 
1 -2.22994e-70 0 
1 -1.96222e-67 0 
1 -1.35113e-64 0 
1 -7.38706e-62 0 
1 -3.23439e-59 0 
1 -1.1387e-56 -6.39682e-25 
1 -3.22435e-54 -4.11837e-24 
1 -7.32205e-52 -9.51425e-25 
1 -1.32604e-49 -1.97988e-26 
1 -1.90102e-47 -3.782e-24 
1 -2.14059e-45 -2.04578e-21 
1 -1.88301e-43 -8.71935e-21 
1 -1.29488e-41 -2.37144e-20 
1 -7.02208e-40 -5.82661e-21 
1 -3.04444e-38 -2.17719e-22 
1 -1.07111e-36 -2.60525e-23 
1 -3.10103e-35 -6.30595e-24 
1 -7.47775e-34 -1.86977e-25 
1 -1.51701e-32 -2.12452e-26 
1 -2.61029e-31 -5.03527e-27 
1 -3.83432e-30 -1.21125e-28 
1 0 0 
1 0 0 
1 0 0 
1 0 0 
1 0 0 
1 0 3.02371e-88 
1 0 1.40666e-87 
1 0 1.57279e-86 
1 0 4.93986e-82 
1 0 2.29776e-81 
1 0 2.56826e-80 
1 0 3.73777e-76 
1 0 1.73833e-75 
1 0 1.94221e-74 
1 0 1.74413e-70 
1 0 8.10996e-70 
1 0 2.78504e-69 
1 0 0 
1 0 0 
1 0 0 
1 0 0 
1 0 0 
1 0 0 
1 0 0 
1 0 0 
1 0 0 
1 0 0 
1 0 0 
1 0 0 
1 -2.52453e-88 0 
1 -1.98573e-84 0 
1 -7.24245e-81 0 
1 -1.63132e-77 0 
1 -2.54727e-74 0 
1 -2.93179e-71 0 
1 -2.58024e-68 0 
1 -1.77704e-65 0 
1 -9.71786e-63 -3.92791e-26 
1 -4.25613e-60 -3.12712e-25 
1 -1.49893e-57 -7.14904e-26 
1 -4.24621e-55 -1.23366e-27 
1 -9.64779e-53 -2.82519e-25 
1 -1.74847e-50 -2.19243e-22 
1 -2.50889e-48 -1.03044e-21 
1 -2.82846e-46 -3.49302e-21 
1 -2.49203e-44 -8.41835e-22 
1 -1.71715e-42 -2.65756e-23 
1 -9.33548e-41 -3.05579e-24 
1 -4.05964e-39 -7.27698e-25 
1 -1.43334e-37 -1.84065e-26 
1 -4.16678e-36 -2.02515e-27 
1 -1.00951e-34 -4.73695e-28 
1 -2.05908e-33 -9.76487e-30 
1 -3.56504e-32 -1.03741e-30 
1 0 0 
1 0 0 
1 0 0 
1 0 0 
1 0 0 
1 0 0 
1 0 0 
1 0 0 
1 0 0 
1 0 0 
1 0 6.28258e-86 
1 0 2.92272e-85 
1 0 3.2679e-84 
1 0 1.02587e-79 
1 0 4.77178e-79 
1 0 5.33354e-78 
1 0 7.75771e-74 
1 0 3.60788e-73 
1 0 1.23914e-72 
1 0 0 
1 0 0 
1 0 0 
1 0 0 
1 0 0 
1 0 0 
1 0 0 
1 0 0 
1 0 0 
1 0 0 
1 0 0 
1 0 0 
1 0 0 
1 0 0 
1 0 0 
1 0 0 
1 -9.24644e-90 0 
1 -7.27615e-86 0 
1 -2.65511e-82 0 
1 -5.98393e-79 0 
1 -9.34996e-76 -2.02918e-27 
1 -1.07697e-72 -2.00127e-26 
1 -9.48683e-70 -4.53375e-27 
1 -6.54064e-67 -6.47329e-29 
1 -3.58134e-64 -1.78226e-26 
1 -1.57092e-61 -1.98716e-23 
1 -5.54283e-59 -1.03544e-22 
1 -1.57383e-56 -4.35599e-22 
1 -3.58634e-54 -1.03278e-22 
1 -6.52378e-52 -2.75887e-24 
1 -9.40633e-50 -3.06328e-25 
1 -1.06715e-47 -7.19145e-26 
1 -9.47925e-46 -1.54982e-27 
1 -6.59963e-44 -1.657e-28 
1 -3.63336e-42 -3.83072e-29 
1 -1.6035e-40 -6.74487e-31 
1 -5.75785e-39 -6.99508e-32 
1 -1.70592e-37 -1.59723e-32 
1 -4.22144e-36 -2.31292e-34 
1 0 0 
1 0 0 
1 0 0 
1 0 0 
1 0 0 
1 0 0 
1 0 0 
1 0 0 
1 0 0 
1 0 0 
1 0 0 
1 0 0 
1 0 0 
1 0 0 
1 0 1.30538e-83 
1 0 6.07274e-83 
1 0 6.78995e-82 
1 0 2.13044e-77 
1 0 9.90963e-77 
1 0 3.40387e-76 
1 0 0 
1 0 0 
1 0 0 
1 0 0 
1 0 0 
1 0 0 
1 0 0 
1 0 0 
1 0 0 
1 0 0 
1 0 0 
1 0 0 
1 0 0 
1 0 0 
1 0 0 
1 0 0 
1 0 0 
1 0 0 
1 -1.21502e-90 0 
1 -9.56188e-87 0 
1 -3.48951e-83 -8.75958e-29 
1 -7.86526e-80 -1.07445e-27 
1 -1.2291e-76 -2.41478e-28 
1 -1.41594e-73 -2.83936e-30 
1 -1.24748e-70 -9.44629e-28 
1 -8.60235e-68 -1.52141e-24 
1 -4.71133e-65 -8.84612e-24 
1 -2.06716e-62 -4.60529e-23 
1 -7.29629e-60 -1.07673e-23 
1 -2.0726e-57 -2.43399e-25 
1 -4.72544e-55 -2.62061e-26 
1 -8.60185e-53 -6.07545e-27 
1 -1.24138e-50 -1.11272e-28 
1 -1.41001e-48 -1.15968e-29 
1 -1.25442e-46 -2.65318e-30 
1 -8.75086e-45 -3.97191e-32 
1 -4.8295e-43 -4.03106e-33 
1 -2.13763e-41 -9.12338e-34 
1 -7.70214e-40 -1.12043e-35 
1 -2.29099e-38 -1.11226e-36 
1 0 0 
1 0 0 
1 0 0 
1 0 0 
1 0 0 
1 0 0 
1 0 0 
1 0 0 
1 0 0 
1 0 0 
1 0 0 
1 0 0 
1 0 0 
1 0 0 
1 0 0 
1 0 0 
1 0 0 
1 0 0 
1 0 0 
1 0 2.71227e-81 
1 0 1.26178e-80 
1 0 4.3345e-80 
1 0 0 
1 0 0 
1 0 0 
1 0 0 
1 0 0 
1 0 0 
1 0 0 
1 0 0 
1 0 0 
1 0 0 
1 0 0 
1 0 0 
1 0 0 
1 0 0 
1 0 0 
1 0 0 
1 0 0 
1 0 0 
1 0 0 
1 0 0 
1 0 -3.13125e-30 
1 0 -4.80674e-29 
1 -4.45017e-92 -1.07273e-29 
1 -3.50368e-88 -1.03117e-31 
1 -1.27927e-84 -4.17705e-29 
1 -2.88509e-81 -9.81047e-26 
1 -4.51152e-78 -6.41456e-25 
1 -5.2013e-75 -4.12708e-24 
1 -4.58662e-72 -9.53378e-25 
1 -3.1662e-69 -1.821e-26 
1 -1.73626e-66 -1.90801e-27 
1 -7.6297e-64 -4.37465e-28 
1 -2.69801e-61 -6.78242e-30 
1 -7.6817e-59 -6.90932e-31 
1 -1.75648e-56 -1.56613e-31 
1 -3.20922e-54 -1.98141e-33 
1 -4.65357e-52 -1.97222e-34 
1 -5.31865e-50 -4.42842e-35 
1 -4.76989e-48 -4.57509e-37 
1 -3.36132e-46 -4.4663e-38 
1 -1.87798e-44 -9.9497e-39 
1 -8.43249e-43 -8.36847e-41 
1 0 0 
1 0 0 
1 0 0 
1 0 0 
1 0 0 
1 0 0 
1 0 0 
1 0 0 
1 0 0 
1 0 0 
1 0 0 
1 0 0 
1 0 0 
1 0 0 
1 0 0 
1 0 0 
1 0 0 
1 0 0 
1 0 0 
1 0 0 
1 0 0 
1 0 0 
1 0 0 
1 0 0 
1 0 0 
1 0 0 
1 0 0 
1 0 0 
1 0 0 
1 0 0 
1 0 0 
1 0 0 
1 0 0 
1 0 0 
1 0 0 
1 0 0 
1 0 0 
1 0 0 
1 0 0 
1 0 0 
1 0 0 
1 0 0 
1 0 0 
1 0 -9.16388e-32 
1 0 -1.77565e-30 
1 0 -3.93816e-31 
1 0 -3.06413e-33 
1 -5.84768e-93 -1.52686e-30 
1 -4.60433e-89 -5.30273e-27 
1 -1.68129e-85 -3.93482e-26 
1 -3.79215e-82 -3.12974e-25 
1 -5.93064e-79 -7.15492e-26 
1 -6.83837e-76 -1.15112e-27 
1 -6.03122e-73 -1.17743e-28 
1 -4.16423e-70 -2.67322e-29 
1 -2.28408e-67 -3.48904e-31 
1 -1.00398e-64 -3.48275e-32 
1 -3.5515e-62 -7.82915e-33 
1 -1.01161e-59 -8.30618e-35 
1 -2.31436e-57 -8.12495e-36 
1 -4.23141e-55 -1.81148e-36 
1 -6.1413e-53 -1.55875e-38 
1 -7.0272e-51 -1.49904e-39 
1 -6.31175e-49 -3.31911e-40 
1 -4.45649e-47 -2.30351e-42 
1 -2.49581e-45 -2.18381e-43 
1 0 0 
1 0 0 
1 0 0 
1 0 0 
1 0 0 
1 0 0 
1 0 0 
1 0 0 
1 0 0 
1 0 0 
1 0 0 
1 0 0 
1 0 0 
1 0 0 
1 0 0 
1 0 0 
1 0 0 
1 0 0 
1 0 0 
1 0 0 
1 0 0 
1 0 0 
1 0 0 
1 0 0 
1 0 0 
1 0 0 
1 0 0 
1 0 0 
1 0 0 
1 0 0 
1 0 0 
1 0 0 
1 0 0 
1 0 0 
1 0 0 
1 0 0 
1 0 0 
1 0 0 
1 0 0 
1 0 0 
1 0 0 
1 0 0 
1 0 0 
1 0 0 
1 0 0 
1 0 -2.16629e-33 
1 0 -5.35436e-32 
1 0 -1.18099e-32 
1 0 -7.34694e-35 
1 0 -4.56084e-32 
1 0 -2.38634e-28 
1 0 -2.03154e-27 
1 0 -2.00183e-26 
1 -2.1418e-94 -4.53502e-27 
1 -1.68712e-90 -6.11573e-29 
1 -6.16366e-87 -6.12334e-30 
1 -1.39101e-83 -1.3782e-30 
1 -2.17688e-80 -1.5032e-32 
1 -2.512e-77 -1.47353e-33 
1 -2.2175e-74 -3.28809e-34 
1 -1.53269e-71 -2.89699e-36 
1 -8.41742e-69 -2.79013e-37 
1 -3.70556e-66 -6.18144e-38 
1 -1.31324e-63 -4.37749e-40 
1 -3.74921e-61 -4.15419e-41 
1 -8.60222e-59 -9.14832e-42 
1 -1.57855e-56 -5.16697e-44 
1 -2.3019e-54 -4.84347e-45 
1 -2.65014e-52 -1.0613e-45 
1 -2.39917e-50 -4.73745e-48 
1 0 0 
1 0 0 
1 0 0 
1 0 0 
1 0 0 
1 0 0 
1 0 0 
1 0 0 
1 0 0 
1 0 0 
1 0 0 
1 0 0 
1 0 0 
1 0 0 
1 0 0 
1 0 0 
1 0 0 
1 0 0 
1 0 0 
1 0 0 
1 0 0 
1 0 0 
1 0 0 
1 0 0 
1 0 0 
1 0 0 
1 0 0 
1 0 0 
1 0 0 
1 0 0 
1 0 0 
1 0 0 
1 0 0 
1 0 0 
1 0 0 
1 0 0 
1 0 0 
1 0 0 
1 0 0 
1 0 0 
1 0 0 
1 0 0 
1 0 0 
1 0 0 
1 0 0 
1 0 0 
1 0 -4.07648e-35 
1 0 -1.3e-33 
1 0 -2.85345e-34 
1 0 -1.40018e-36 
1 0 -1.09815e-33 
1 0 -8.86061e-30 
1 0 -8.76648e-29 
1 0 -1.07454e-27 
1 0 -2.41498e-28 
1 0 -2.71119e-30 
1 -2.8144e-95 -2.66368e-31 
1 -2.21712e-91 -5.94925e-32 
1 -8.10064e-88 -5.37161e-34 
1 -1.82834e-84 -5.1815e-35 
1 -2.86163e-81 -1.14867e-35 
1 -3.30263e-78 -8.30567e-38 
1 -2.91591e-75 -7.89028e-39 
1 -2.01581e-72 -1.73833e-39 
1 -1.10733e-69 -9.99222e-42 
1 -4.8761e-67 -9.37309e-43 
1 -1.72867e-64 -2.0544e-43 
1 -4.93732e-62 -9.30515e-46 
1 -1.13343e-59 -8.6389e-47 
1 -2.08131e-57 -1.88553e-47 
1 -3.03773e-55 -6.67666e-50 
1 -3.50132e-53 -6.14789e-51 
1 0 0 
1 0 0 
1 0 0 
1 0 0 
1 0 0 
1 0 0 
1 0 0 
1 0 0 
1 0 0 
1 0 0 
1 0 0 
1 0 0 
1 0 0 
1 0 0 
1 0 0 
1 0 0 
1 0 0 
1 0 0 
1 0 0 
1 0 0 
1 0 0 
1 0 0 
1 0 0 
1 0 0 
1 0 0 
1 0 0 
1 0 0 
1 0 0 
1 0 0 
1 0 0 
1 0 0 
1 0 0 
1 0 0 
1 0 0 
1 0 0 
1 0 0 
1 0 0 
1 0 0 
1 0 0 
1 0 0 
1 0 0 
1 0 0 
1 0 0 
1 0 0 
1 0 0 
1 0 0 
1 0 0 
1 0 0 
1 0 -6.02493e-37 
1 0 -2.50365e-35 
1 0 -5.47236e-36 
1 0 -2.09185e-38 
1 0 -2.09984e-35 
1 0 -2.68365e-31 
1 0 -3.13291e-30 
1 0 -4.80685e-29 
1 0 -1.07276e-29 
1 0 -9.9356e-32 
1 0 -9.59968e-33 
1 0 -2.12952e-33 
1 0 -1.57328e-35 
1 0 -1.49624e-36 
1 -1.03081e-96 -3.29788e-37 
1 -8.124e-93 -1.93028e-39 
1 -2.96972e-89 -1.81198e-40 
1 -6.70661e-86 -3.97266e-41 
1 -1.05038e-82 -1.82645e-43 
1 -1.21318e-79 -1.69644e-44 
1 -1.07209e-76 -3.70334e-45 
1 -7.41934e-74 -1.32718e-47 
1 -4.08074e-71 -1.22241e-48 
1 -1.79967e-68 -2.65941e-49 
1 -6.39197e-66 -7.40442e-52 
1 -1.82981e-63 -6.77595e-53 
1 -4.21261e-61 -1.47027e-53 
1 -7.76381e-59 -3.1909e-56 
1 0 0 
1 0 0 
1 0 0 
1 0 0 
1 0 0 
1 0 0 
1 0 0 
1 0 0 
1 0 0 
1 0 0 
1 0 0 
1 0 0 
1 0 0 
1 0 0 
1 0 0 
1 0 0 
1 0 0 
1 0 0 
1 0 0 
1 0 0 
1 0 0 
1 0 0 
1 0 0 
1 0 0 
1 0 0 
1 0 0 
1 0 0 
1 0 0 
1 0 0 
1 0 0 
1 0 0 
1 0 0 
1 0 0 
1 0 0 
1 0 0 
1 0 0 
1 0 0 
1 0 0 
1 0 0 
1 0 0 
1 0 0 
1 0 0 
1 0 0 
1 0 0 
1 0 0 
1 0 0 
1 0 0 
1 0 0 
1 0 0 
1 0 -6.93546e-39 
1 0 -3.77234e-37 
1 0 -8.2165e-38 
1 0 -2.42896e-40 
1 0 -3.14533e-37 
1 0 -6.54008e-33 
1 0 -9.16707e-32 
1 0 -1.77566e-30 
1 0 -3.93819e-31 
1 0 -2.975e-33 
1 0 -2.83259e-34 
1 0 -6.24623e-35 
1 0 -3.72468e-37 
1 0 -3.49903e-38 
1 0 -7.67374e-39 
1 0 -3.5825e-41 
1 -1.35453e-97 -3.32905e-42 
1 -1.06762e-93 -7.26873e-43 
1 -3.90312e-90 -2.63704e-45 
1 -8.81564e-87 -2.42954e-46 
1 -1.3809e-83 -5.28621e-47 
1 -1.5952e-80 -1.48586e-49 
1 -1.40996e-77 -1.35997e-50 
1 -9.75981e-75 -2.9511e-51 
1 -5.36953e-72 -6.45137e-54 
1 -2.36885e-69 -5.87547e-55 
1 -8.417e-67 -1.27238e-55 
1 -2.41073e-64 -2.1812e-58 
1 -5.55358e-62 -1.97902e-59 
1 0 0 
1 0 0 
1 0 0 
1 0 0 
1 0 0 
1 0 0 
1 0 0 
1 0 0 
1 0 0 
1 0 0 
1 0 0 
1 0 0 
1 0 0 
1 0 0 
1 0 0 
1 0 0 
1 0 0 
1 0 0 
1 0 0 
1 0 0 
1 0 0 
1 0 0 
1 0 0 
1 0 0 
1 0 0 
1 0 0 
1 0 0 
1 0 0 
1 0 0 
1 0 0 
1 0 0 
1 0 0 
1 0 0 
1 0 0 
1 0 0 
1 0 0 
1 0 0 
1 0 0 
1 0 0 
1 0 0 
1 0 0 
1 0 0 
1 0 0 
1 0 0 
1 0 0 
1 0 0 
1 0 0 
1 0 0 
1 0 0 
1 0 0 
1 0 -6.21803e-41 
1 0 -4.40939e-39 
1 0 -9.57719e-40 
1 0 -2.19249e-42 
1 0 -3.6595e-39 
1 0 -1.26344e-34 
1 0 -2.16677e-33 
1 0 -5.35437e-32 
1 0 -1.18099e-32 
1 0 -7.17878e-35 
1 0 -6.74912e-36 
1 0 -1.48062e-36 
1 0 -7.02182e-39 
1 0 -6.52821e-40 
1 0 -1.42566e-40 
1 0 -5.23738e-43 
1 0 -4.82668e-44 
1 0 -1.05031e-44 
1 -5.38291e-112 -2.98093e-47 
1 -1.14481e-107 -2.72884e-48 
1 -5.86196e-104 -5.92194e-49 
1 -1.76413e-100 -1.30414e-51 
1 3.65797e-98 -1.18784e-52 
1 5.09716e-95 -2.57247e-53 
1 1.14409e-92 -4.43467e-56 
1 1.51365e-89 -4.02385e-57 
1 1.98302e-86 -8.70075e-58 
1 1.45054e-83 -1.18569e-60 
1 5.39762e-81 -1.07272e-61 
1 4.94534e-79 -2.31677e-62 
1 0 0 
1 0 0 
1 0 0 
1 0 0 
1 0 0 
1 0 0 
1 0 0 
1 0 0 
1 0 0 
1 0 0 
1 0 0 
1 0 0 
1 0 0 
1 0 0 
1 0 0 
1 0 0 
1 0 0 
1 0 0 
1 0 0 
1 0 0 
1 0 0 
1 0 0 
1 0 0 
1 0 0 
1 0 0 
1 0 0 
1 0 0 
1 0 0 
1 0 0 
1 0 0 
1 0 0 
1 0 0 
1 0 0 
1 0 0 
1 0 0 
1 0 0 
1 0 0 
1 0 0 
1 0 0 
1 0 0 
1 0 0 
1 0 0 
1 0 0 
1 0 0 
1 0 0 
1 0 0 
1 0 0 
1 0 0 
1 0 0 
1 0 0 
1 0 -4.36865e-43 
1 0 -4.00025e-41 
1 0 -8.66967e-42 
1 0 -1.54846e-44 
1 0 -3.30817e-41 
1 0 -1.9084e-36 
1 0 -4.07704e-35 
1 0 -1.30001e-33 
1 0 -2.85345e-34 
1 0 -1.37527e-36 
1 0 -1.27923e-37 
1 0 -2.79421e-38 
1 0 -1.03972e-40 
1 0 -9.58476e-42 
1 0 -2.08595e-42 
1 0 -5.97879e-45 
1 0 -5.47412e-46 
1 0 -1.18804e-46 
1 0 -2.6359e-49 
1 0 -2.40109e-50 
1 0 -5.20019e-51 
1 0 -9.01541e-54 
1 0 -8.18075e-55 
1 0 -1.76896e-55 
1 0 -2.42115e-58 
1 0 -2.19054e-59 
1 0 -4.73102e-60 
1 0 -5.15772e-63 
1 0 -4.65581e-64 
1 0 -1.0046e-64 
1 0 0 
1 0 0 
1 0 0 
1 0 0 
1 0 0 
1 0 0 
1 0 0 
1 0 0 
1 0 0 
1 0 0 
1 0 0 
1 0 0 
1 0 0 
1 0 0 
1 0 0 
1 0 0 
1 0 0 
1 0 0 
1 0 0 
1 0 0 
1 0 0 
1 0 0 
1 0 0 
1 0 0 
1 0 0 
1 0 0 
1 0 0 
1 0 0 
1 0 0 
1 0 0 
1 0 0 
1 0 0 
1 0 0 
1 0 0 
1 0 0 
1 0 0 
1 0 0 
1 0 0 
1 0 0 
1 0 0 
1 0 0 
1 0 0 
1 0 0 
1 0 0 
1 0 0 
1 0 0 
1 0 0 
1 0 0 
1 0 0 
1 0 0 
1 0 -2.42554e-45 
1 0 -2.83607e-43 
1 0 -6.13628e-44 
1 0 -8.63222e-47 
1 0 -2.33905e-43 
1 0 -2.23494e-38 
1 0 -6.02544e-37 
1 0 -2.50366e-35 
1 0 -5.47236e-36 
1 0 -2.06311e-38 
1 0 -1.90247e-39 
1 0 -4.14091e-40 
1 0 -1.19883e-42 
1 0 -1.09783e-43 
1 0 -2.38278e-44 
1 0 -5.32678e-47 
1 0 -4.85278e-48 
1 0 -1.05104e-48 
1 0 -1.8326e-51 
1 0 -1.66304e-52 
1 0 -3.59617e-53 
1 0 -4.9436e-56 
1 0 -4.47291e-57 
1 0 -9.66053e-58 
1 0 -1.05678e-60 
1 0 -9.53965e-62 
1 0 -2.05842e-62 
1 0 -1.8038e-65 
1 0 -1.62536e-66 
1 0 -3.50451e-67 
1 0 0 
1 0 0 
1 0 0 
1 0 0 
1 0 0 
1 0 0 
1 0 0 
1 0 0 
1 0 0 
1 0 0 
1 0 0 
1 0 0 
1 0 0 
1 0 0 
1 0 0 
1 0 0 
1 0 0 
1 0 0 
1 0 0 
1 0 0 
1 0 0 
1 0 0 
1 0 0 
1 0 0 
1 0 0 
1 0 0 
1 0 0 
1 0 0 
1 0 0 
1 0 0 
1 0 0 
1 0 0 
1 0 0 
1 0 0 
1 0 0 
1 0 0 
1 0 0 
1 0 0 
1 0 0 
1 0 0 
1 0 0 
1 0 0 
1 0 0 
1 0 0 
1 0 0 
1 0 0 
1 0 0 
1 0 0 
1 0 0 
1 0 0 
1 0 -1.07268e-47 
1 0 -1.58569e-45 
1 0 -3.42643e-46 
1 0 -3.82973e-49 
1 0 -1.30507e-45 
1 0 -2.03049e-40 
1 0 -6.93582e-39 
1 0 -3.77234e-37 
1 0 -8.2165e-38 
1 0 -2.40316e-40 
1 0 -2.2011e-41 
1 0 -4.77772e-42 
1 0 -1.07629e-44 
1 0 -9.80626e-46 
1 0 -2.12398e-46 
1 0 -3.72485e-49 
1 0 -3.38043e-50 
1 0 -7.31005e-51 
1 0 -1.00935e-53 
1 0 -9.1328e-55 
1 0 -1.97252e-55 
1 0 -2.16518e-58 
1 0 -1.95458e-59 
1 0 -4.21755e-60 
1 0 -3.7059e-63 
1 0 -3.33934e-64 
1 0 -7.20016e-65 
1 0 -5.08341e-68 
1 0 -4.57387e-69 
1 0 -9.8561e-70 
1 0 0 
1 0 0 
1 0 0 
1 0 0 
1 0 0 
1 0 0 
1 0 0 
1 0 0 
1 0 0 
1 0 0 
1 0 0 
1 0 0 
1 0 0 
1 0 0 
1 0 0 
1 0 0 
1 0 0 
1 0 0 
1 0 0 
1 0 0 
1 0 0 
1 0 0 
1 0 0 
1 0 0 
1 0 0 
1 0 0 
1 0 0 
1 0 0 
1 0 0 
1 0 0 
1 0 0 
1 0 0 
1 0 0 
1 0 0 
1 0 0 
1 0 0 
1 0 0 
1 0 0 
1 0 0 
1 0 0 
1 0 0 
1 0 0 
1 0 0 
1 0 0 
1 0 0 
1 0 0 
1 0 0 
1 0 0 
1 0 0 
1 0 0 
1 0 -3.80102e-50 
1 0 -7.05112e-48 
1 0 -1.52209e-48 
1 0 -1.3605e-51 
1 0 -5.79389e-48 
1 0 -1.44113e-42 
1 0 -6.21823e-41 
1 0 -4.40939e-39 
1 0 -9.57719e-40 
1 0 -2.17433e-42 
1 0 -1.98128e-43 
1 0 -4.29153e-44 
1 0 -7.57019e-47 
1 0 -6.87065e-48 
1 0 -1.48579e-48 
1 0 -2.06068e-51 
1 0 -1.86463e-52 
1 0 -4.02732e-53 
1 0 -4.43597e-56 
1 0 -4.0046e-57 
1 0 -8.64111e-58 
1 0 -7.61357e-61 
1 0 -6.86059e-62 
1 0 -1.47927e-62 
1 0 -1.04668e-65 
1 0 -9.41773e-67 
1 0 -2.02941e-67 
1 0 -1.15354e-70 
1 0 -1.03668e-71 
1 0 -2.23283e-72 
1 0 0 
1 0 0 
1 0 0 
1 0 0 
1 0 0 
1 0 0 
1 0 0 
1 0 0 
1 0 0 
1 0 0 
1 0 0 
1 0 0 
1 0 0 
1 0 0 
1 0 0 
1 0 0 
1 0 0 
1 0 0 
1 0 0 
1 0 0 
1 0 0 
1 0 0 
1 0 0 
1 0 0 
1 0 0 
1 0 0 
1 0 0 
1 0 0 
1 0 0 
1 0 0 
1 0 0 
1 0 0 
1 0 0 
1 0 0 
1 0 0 
1 0 0 
1 0 0 
1 0 0 
1 0 0 
1 0 0 
1 0 0 
1 0 0 
1 0 0 
1 0 0 
1 0 0 
1 0 0 
1 0 0 
1 0 0 
1 0 0 
1 0 0 
1 0 -1.08258e-52 
1 0 -2.50944e-50 
1 0 -5.41259e-51 
1 0 -3.88284e-54 
1 0 -2.05935e-50 
1 0 -8.06426e-45 
1 0 -4.36874e-43 
1 0 -4.00025e-41 
1 0 -8.66967e-42 
1 0 -1.53837e-44 
1 0 -1.39631e-45 
1 0 -3.01963e-46 
1 0 -4.20681e-49 
1 0 -3.80674e-50 
1 0 -8.22213e-51 
1 0 -9.08794e-54 
1 0 -8.2044e-55 
1 0 -1.77036e-55 
1 0 -1.56413e-58 
1 0 -1.40946e-59 
1 0 -3.03906e-60 
1 0 -2.15508e-63 
1 0 -1.93911e-64 
1 0 -4.17855e-65 
1 0 -2.37943e-68 
1 0 -2.1384e-69 
1 0 -4.60573e-70 
1 0 -2.09864e-73 
1 0 -1.88418e-74 
1 0 -4.05654e-75 
1 0 0 
1 0 0 
1 0 0 
1 0 0 
1 0 0 
1 0 0 
1 0 0 
1 0 0 
1 0 0 
1 0 0 
1 0 0 
1 0 0 
1 0 0 
1 0 0 
1 0 0 
1 0 0 
1 0 0 
1 0 0 
1 0 0 
1 0 0 
1 0 0 
1 0 0 
1 0 0 
1 0 0 
1 0 0 
1 0 0 
1 0 0 
1 0 0 
1 0 0 
1 0 0 
1 0 0 
1 0 0 
1 0 0 
1 0 0 
1 0 0 
1 0 0 
1 0 0 
1 0 0 
1 0 0 
1 0 0 
1 0 0 
1 0 0 
1 0 0 
1 0 0 
1 0 0 
1 0 0 
1 0 0 
1 0 0 
1 0 0 
1 0 0 
1 0 -2.47797e-55 
1 0 -7.17236e-53 
1 0 -1.54598e-53 
1 0 -8.90262e-57 
1 0 -5.87981e-53 
1 0 -3.58826e-47 
1 0 -2.42557e-45 
1 0 -2.83607e-43 
1 0 -6.13628e-44 
1 0 -8.58757e-47 
1 0 -7.77118e-48 
1 0 -1.67852e-48 
1 0 -1.86177e-51 
1 0 -1.68081e-52 
1 0 -3.62692e-53 
1 0 -3.21325e-56 
1 0 -2.89556e-57 
1 0 -6.24342e-58 
1 0 -4.43717e-61 
1 0 -3.99254e-62 
1 0 -8.60351e-63 
1 0 -4.90802e-66 
1 0 -4.41088e-67 
1 0 -9.50028e-68 
1 0 -4.33536e-71 
1 0 -3.89234e-72 
1 0 -8.38002e-73 
1 0 -3.03416e-76 
1 0 -2.72183e-77 
1 0 -5.85795e-78 
1 0 0 
1 0 0 
1 0 0 
1 0 0 
1 0 0 
1 0 0 
1 0 0 
1 0 0 
1 0 0 
1 0 0 
1 0 0 
1 0 0 
1 0 0 
1 0 0 
1 0 0 
1 0 0 
1 0 0 
1 0 0 
1 0 0 
1 0 0 
1 0 0 
1 0 0 
1 0 0 
1 0 0 
1 0 0 
1 0 0 
1 0 0 
1 0 0 
1 0 0 
1 0 0 
1 0 0 
1 0 0 
1 0 0 
1 0 0 
1 0 0 
1 0 0 
1 0 0 
1 0 0 
1 0 0 
1 0 0 
1 0 0 
1 0 0 
1 0 0 
1 0 0 
1 0 0 
1 0 0 
1 0 0 
1 0 0 
1 0 0 
1 0 0 
1 0 -4.54063e-58 
1 0 -1.64645e-55 
1 0 -3.54695e-56 
1 0 -1.6336e-59 
1 0 -1.34859e-55 
1 0 -1.27768e-49 
1 0 -1.07269e-47 
1 0 -1.58569e-45 
1 0 -3.42643e-46 
1 0 -3.8139e-49 
1 0 -3.44328e-50 
1 0 -7.43014e-51 
1 0 -6.60094e-54 
1 0 -5.94841e-55 
1 0 -1.28261e-55 
1 0 -9.1357e-59 
1 0 -8.22035e-60 
1 0 -1.77141e-60 
1 0 -1.01236e-63 
1 0 -9.09823e-65 
1 0 -1.95961e-65 
1 0 -8.9559e-69 
1 0 -8.04075e-70 
1 0 -1.73114e-70 
1 0 -6.2758e-74 
1 0 -5.6298e-75 
1 0 -1.21166e-75 
1 0 -3.43504e-79 
1 0 -3.07927e-80 
1 0 -6.62533e-81 
1 0 0 
1 0 0 
1 0 0 
1 0 0 
1 0 0 
1 0 0 
1 0 0 
1 0 0 
1 0 0 
1 0 0 
1 0 0 
1 0 0 
1 0 0 
1 0 0 
1 0 0 
1 0 0 
1 0 0 
1 0 0 
1 0 0 
1 0 0 
1 0 0 
1 0 0 
1 0 0 
1 0 0 
1 0 0 
1 0 0 
1 0 0 
1 0 0 
1 0 0 
1 0 0 
1 0 0 
1 0 0 
1 0 0 
1 0 0 
1 0 0 
1 0 0 
1 0 0 
1 0 0 
1 0 0 
1 0 0 
1 0 0 
1 0 0 
1 0 0 
1 0 0 
1 0 0 
1 0 0 
1 0 0 
1 0 0 
1 0 0 
1 0 0 
1 0 -6.60431e-61 
1 0 -3.02416e-58 
1 0 -6.51203e-59 
1 0 -2.37885e-62 
1 0 -2.47532e-58 
1 0 -3.65329e-52 
1 0 -3.80104e-50 
1 0 -7.05112e-48 
1 0 -1.52209e-48 
1 0 -1.35599e-51 
1 0 -1.22197e-52 
1 0 -2.63485e-53 
1 0 -1.88092e-56 
1 0 -1.69248e-57 
1 0 -3.64715e-58 
1 0 -2.08814e-61 
1 0 -1.87665e-62 
1 0 -4.04202e-63 
1 0 -1.85008e-66 
1 0 -1.66104e-67 
1 0 -3.57614e-68 
1 0 -1.29807e-71 
1 0 -1.16446e-72 
1 0 -2.50617e-73 
1 0 -7.11253e-77 
1 0 -6.3759e-78 
1 0 -1.37184e-78 
1 0 -2.97524e-82 
1 0 -2.66548e-83 
1 0 -5.73361e-84 
1 0 0 
1 0 0 
1 0 0 
1 0 0 
1 0 0 
1 0 0 
1 0 0 
1 0 0 
1 0 0 
1 0 0 
1 0 0 
1 0 0 
1 0 0 
1 0 0 
1 0 0 
1 0 0 
1 0 0 
1 0 0 
1 0 0 
1 0 0 
1 0 0 
1 0 0 
1 0 0 
1 0 0 
1 0 0 
1 0 0 
1 0 0 
1 0 0 
1 0 0 
1 0 0 
1 0 0 
1 0 0 
1 0 0 
1 0 0 
1 0 0 
1 0 0 
1 0 0 
1 0 0 
1 0 0 
1 0 0 
1 0 0 
1 0 0 
1 0 0 
1 0 0 
1 0 0 
1 0 0 
1 0 0 
1 0 0 
1 0 0 
1 0 0 
1 0 -7.51508e-64 
1 0 -4.40745e-61 
1 0 -9.48712e-62 
1 0 -2.70961e-65 
1 0 -3.60544e-61 
1 0 -8.38908e-55 
1 0 -1.08258e-52 
1 0 -2.50944e-50 
1 0 -5.41259e-51 
1 0 -3.87251e-54 
1 0 -3.48458e-55 
1 0 -7.50901e-56 
1 0 -4.30703e-59 
1 0 -3.87085e-60 
1 0 -8.33724e-61 
1 0 -3.82179e-64 
1 0 -3.4313e-65 
1 0 -7.38746e-66 
1 0 -2.68488e-69 
1 0 -2.40853e-70 
1 0 -5.18369e-71 
1 0 -1.47271e-74 
1 0 -1.32018e-75 
1 0 -2.8405e-76 
1 0 -6.16609e-80 
1 0 -5.52414e-81 
1 0 -1.18828e-81 
1 0 -1.90031e-85 
1 0 -1.70158e-86 
1 0 -3.65943e-87 
1 0 0 
1 0 0 
1 0 0 
1 0 0 
1 0 0 
1 0 0 
1 0 0 
1 0 0 
1 0 0 
1 0 0 
1 0 0 
1 0 0 
1 0 0 
1 0 0 
1 0 0 
1 0 0 
1 0 0 
1 0 0 
1 0 0 
1 0 0 
1 0 0 
1 0 0 
1 0 0 
1 0 0 
1 0 0 
1 0 0 
1 0 0 
1 0 0 
1 0 0 
1 0 0 
1 0 0 
1 0 0 
1 0 0 
1 0 0 
1 0 0 
1 0 0 
1 0 0 
1 0 0 
1 0 0 
1 0 0 
1 0 0 
1 0 0 
1 0 0 
1 0 0 
1 0 0 
1 0 0 
1 0 0 
1 0 0 
1 0 0 
1 0 0 
1 0 -6.53755e-67 
1 0 -5.0238e-64 
1 0 -1.08104e-64 
1 0 -2.35917e-68 
1 0 -4.10758e-64 
1 0 -1.54131e-57 
1 0 -2.47798e-55 
1 0 -7.17236e-53 
1 0 -1.54598e-53 
1 0 -8.88368e-57 
1 0 -7.98407e-58 
1 0 -1.71965e-58 
1 0 -7.89479e-62 
1 0 -7.08818e-63 
1 0 -1.52606e-63 
1 0 -5.55329e-67 
1 0 -4.98171e-68 
1 0 -1.07218e-68 
1 0 -3.04935e-72 
1 0 -2.73354e-73 
1 0 -5.88148e-74 
1 0 -1.2779e-77 
1 0 -1.14486e-78 
1 0 -2.46267e-79 
1 0 -3.94141e-83 
1 0 -3.52924e-84 
1 0 -7.59e-85 
1 0 -8.41712e-89 
1 0 -7.53351e-90 
1 0 -1.61986e-90 
1 0 0 
1 0 0 
1 0 0 
1 0 0 
1 0 0 
1 0 0 
1 0 0 
1 0 0 
1 0 0 
1 0 0 
1 0 0 
1 0 0 
1 0 0 
1 0 0 
1 0 0 
1 0 0 
1 0 0 
1 0 0 
1 0 0 
1 0 0 
1 0 0 
1 0 0 
1 0 0 
1 0 0 
1 0 0 
1 0 0 
1 0 0 
1 0 0 
1 0 0 
1 0 0 
1 0 0 
1 0 0 
1 0 0 
1 0 0 
1 0 0 
1 0 0 
1 0 0 
1 0 0 
1 0 0 
1 0 0 
1 0 0 
1 0 0 
1 0 0 
1 0 0 
1 0 0 
1 0 0 
1 0 0 
1 0 0 
1 0 0 
1 0 0 
1 0 -4.19126e-70 
1 0 -4.37668e-67 
1 0 -9.41528e-68 
1 0 -1.51359e-71 
1 0 -3.57695e-67 
1 0 -2.24684e-60 
1 0 -4.54063e-58 
1 0 -1.64645e-55 
1 0 -3.54695e-56 
1 0 -1.63084e-59 
1 0 -1.46422e-60 
1 0 -3.15243e-61 
1 0 -1.14861e-64 
1 0 -1.03039e-65 
1 0 -2.21764e-66 
1 0 -6.31387e-70 
1 0 -5.65999e-71 
1 0 -1.2178e-71 
1 0 -2.6484e-75 
1 0 -2.37268e-76 
1 0 -5.10379e-77 
1 0 -8.17485e-81 
1 0 -7.31997e-82 
1 0 -1.57424e-82 
1 0 -1.74697e-86 
1 0 -1.56358e-87 
1 0 -3.36202e-88 
1 0 -2.30317e-92 
1 0 -2.06059e-93 
1 0 -4.42999e-94 
1 0 0 
1 0 0 
1 0 0 
1 0 0 
1 0 0 
1 0 0 
1 0 0 
1 0 0 
1 0 0 
1 0 0 
1 0 0 
1 0 0 
1 0 0 
1 0 0 
1 0 0 
1 0 0 
1 0 0 
1 0 0 
1 0 0 
1 0 0 
1 0 0 
1 0 0 
1 0 0 
1 0 0 
1 0 0 
1 0 0 
1 0 0 
1 0 0 
1 0 0 
1 0 0 
1 0 0 
1 0 0 
1 0 0 
1 0 0 
1 0 0 
1 0 0 
1 0 0 
1 0 0 
1 0 0 
1 0 0 
1 0 0 
1 0 0 
1 0 0 
1 0 0 
1 0 0 
1 0 0 
1 0 0 
1 0 0 
1 0 0 
1 0 0 
1 0 -1.86247e-73 
1 0 -2.80943e-70 
1 0 -6.04232e-71 
1 0 -6.73026e-75 
1 0 -2.29523e-70 
1 0 -2.56154e-63 
1 0 -6.60431e-61 
1 0 -3.02416e-58 
1 0 -6.51203e-59 
1 0 -2.37571e-62 
1 0 -2.1312e-63 
1 0 -4.58684e-64 
1 0 -1.30732e-67 
1 0 -1.17194e-68 
1 0 -2.52154e-69 
1 0 -5.48869e-73 
1 0 -4.91729e-74 
1 0 -1.05774e-74 
1 0 -1.69554e-78 
1 0 -1.51823e-79 
1 0 -3.26511e-80 
1 0 -3.62584e-84 
1 0 -3.24521e-85 
1 0 -6.97787e-86 
1 0 -4.78304e-90 
1 0 -4.27926e-91 
1 0 -9.19983e-92 
1 0 -2.92302e-96 
1 0 -2.61427e-97 
1 0 -5.61955e-98 
1 0 0 
1 0 0 
1 0 0 
1 0 0 
1 0 0 
1 0 0 
1 0 0 
1 0 0 
1 0 0 
1 0 0 
1 0 0 
1 0 0 
1 0 0 
1 0 0 
1 0 0 
1 0 0 
1 0 0 
1 0 0 
1 0 0 
1 0 0 
1 0 0 
1 0 0 
1 0 0 
1 0 0 
1 0 0 
1 0 0 
1 0 0 
1 0 0 
1 0 0 
1 0 0 
1 0 0 
1 0 0 
1 0 0 
1 0 0 
1 0 0 
1 0 0 
1 0 0 
1 0 0 
1 0 0 
1 0 0 
1 0 0 
1 0 0 
1 0 0 
1 0 0 
1 0 0 
1 0 0 
1 0 0 
1 0 0 
1 0 0 
1 0 0 
1 0 -5.1106e-77 
1 0 -1.24978e-73 
1 0 -2.68739e-74 
1 0 -1.84779e-78 
1 0 -1.02072e-73 
1 0 -2.23195e-66 
1 0 -7.51508e-64 
1 0 -4.40745e-61 
1 0 -9.48712e-62 
1 0 -2.70688e-65 
1 0 -2.42656e-66 
1 0 -5.221e-67 
1 0 -1.13751e-70 
1 0 -1.01909e-71 
1 0 -2.19212e-72 
1 0 -3.51669e-76 
1 0 -3.14894e-77 
1 0 -6.77213e-78 
1 0 -7.52541e-82 
1 0 -6.73542e-83 
1 0 -1.44825e-83 
1 0 -9.93302e-88 
1 0 -8.88682e-89 
1 0 -1.91055e-89 
1 0 -6.07338e-94 
1 0 -5.43186e-95 
1 0 -1.16762e-95 
1 0 0 
1 0 0 
1 0 0 
1 0 0 
1 0 0 
1 0 0 
1 0 0 
1 0 0 
1 0 0 
1 0 0 
1 0 0 
1 0 0 
1 0 0 
1 0 0 
1 0 0 
1 0 0 
1 0 0 
1 0 0 
1 0 0 
1 0 0 
1 0 0 
1 0 0 
1 0 0 
1 0 0 
1 0 0 
1 0 0 
1 0 0 
1 0 0 
1 0 0 
1 0 0 
1 0 0 
1 0 0 
1 0 0 
1 0 0 
1 0 0 
1 0 0 
1 0 0 
1 0 0 
1 0 0 
1 0 0 
1 0 0 
1 0 0 
1 0 0 
1 0 0 
1 0 0 
1 0 0 
1 0 0 
1 0 0 
1 0 0 
1 0 0 
1 0 0 
1 0 0 
1 0 0 
1 0 -6.50176e-81 
1 0 -3.43261e-77 
1 0 -7.37977e-78 
1 0 -2.35191e-82 
1 0 -2.80269e-77 
1 0 -1.43291e-69 
1 0 -6.53755e-67 
1 0 -5.0238e-64 
1 0 -1.08104e-64 
1 0 -2.35742e-68 
1 0 -2.11201e-69 
1 0 -4.54307e-70 
1 0 -7.29391e-74 
1 0 -6.53117e-75 
1 0 -1.4046e-75 
1 0 -1.56189e-79 
1 0 -1.39793e-80 
1 0 -3.00585e-81 
1 0 -2.06281e-85 
1 0 -1.84554e-86 
1 0 -3.96766e-87 
1 0 -1.26191e-91 
1 0 -1.12862e-92 
1 0 -2.42604e-93 
1 0 0 
1 0 0 
1 0 0 
1 0 0 
1 0 0 
1 0 0 
1 0 0 
1 0 0 
1 0 0 
1 0 0 
1 0 0 
1 0 0 
1 0 0 
1 0 0 
1 0 0 
1 0 0 
1 0 0 
1 0 0 
1 0 0 
1 0 0 
1 0 0 
1 0 0 
1 0 0 
1 0 0 
1 0 0 
1 0 0 
1 0 0 
1 0 0 
1 0 0 
1 0 0 
1 0 0 
1 0 0 
1 0 0 
1 0 0 
1 0 0 
1 0 0 
1 0 0 
1 0 0 
1 0 0 
1 0 0 
1 0 0 
1 0 0 
1 0 0 
1 0 0 
1 0 0 
1 0 0 
1 0 0 
1 0 0 
1 0 0 
1 0 0 
1 0 0 
1 0 0 
1 0 0 
1 0 0 
1 0 0 
1 0 0 
1 0 0 
1 0 -4.37056e-81 
1 0 -9.3948e-82 
1 0 0 
1 0 -3.56766e-81 
1 0 -6.37514e-73 
1 0 -4.19126e-70 
1 0 -4.37668e-67 
1 0 -9.41528e-68 
1 0 -1.51282e-71 
1 0 -1.35462e-72 
1 0 -2.91325e-73 
1 0 -3.2417e-77 
1 0 -2.9014e-78 
1 0 -6.23862e-79 
1 0 -4.28386e-83 
1 0 -3.83266e-84 
1 0 -8.23971e-85 
1 0 -2.62196e-89 
1 0 -2.34501e-90 
1 0 -5.04076e-91 
1 0 0 
1 0 0 
1 0 0 
1 0 0 
1 0 0 
1 0 0 
1 0 0 
1 0 0 
1 0 0 
1 0 0 
1 0 0 
1 0 0 
1 0 0 
1 0 0 
1 0 0 
1 0 0 
1 0 0 
1 0 0 
1 0 0 
1 0 0 
1 0 0 
1 0 0 
1 0 0 
1 0 0 
1 0 0 
1 0 0 
1 0 0 
1 0 0 
1 0 0 
1 0 0 
1 0 0 
1 0 0 
1 0 0 
1 0 0 
1 0 0 
1 0 0 
1 0 0 
1 0 0 
1 0 0 
1 0 0 
1 0 0 
1 0 0 
1 0 0 
1 0 0 
1 0 0 
1 0 0 
1 0 0 
1 0 0 
1 0 0 
1 0 0 
1 0 0 
1 0 0 
1 0 0 
1 0 0 
1 0 0 
1 0 0 
1 0 0 
1 0 0 
1 0 0 
1 0 0 
1 0 0 
1 0 0 
1 0 0 
1 0 0 
1 0 -1.75116e-76 
1 0 -1.86247e-73 
1 0 -2.80943e-70 
1 0 -6.04232e-71 
1 0 -6.72812e-75 
1 0 -6.02184e-76 
1 0 -1.29482e-76 
1 0 -8.89637e-81 
1 0 -7.95935e-82 
1 0 -1.71115e-82 
1 0 -5.44784e-87 
1 0 -4.8724e-88 
1 0 -1.04735e-88 
1 0 0 
1 0 0 
1 0 0 
1 0 0 
1 0 0 
1 0 0 
1 0 0 
1 0 0 
1 0 0 
1 0 0 
1 0 0 
1 0 0 
1 0 0 
1 0 0 
1 0 0 
1 0 0 
1 0 0 
1 0 0 
1 0 0 
1 0 0 
1 0 0 
1 0 0 
1 0 0 
1 0 0 
1 0 0 
1 0 0 
1 0 0 
1 0 0 
1 0 0 
1 0 0 
1 0 0 
1 0 0 
1 0 0 
1 0 0 
1 0 0 
1 0 0 
1 0 0 
1 0 0 
1 0 0 
1 0 0 
1 0 0 
1 0 0 
1 0 0 
1 0 0 
1 0 0 
1 0 0 
1 0 0 
1 0 0 
1 0 0 
1 0 0 
1 0 0 
1 0 0 
1 0 0 
1 0 0 
1 0 0 
1 0 0 
1 0 0 
1 0 0 
1 0 0 
1 0 0 
1 0 0 
1 0 0 
1 0 0 
1 0 0 
1 0 0 
1 0 0 
1 0 0 
1 0 -2.22986e-80 
1 0 -5.1106e-77 
1 0 -1.24978e-73 
1 0 -2.68739e-74 
1 0 -1.84752e-78 
1 0 -1.65293e-79 
1 0 -3.55358e-80 
1 0 -1.13194e-84 
1 0 -1.01237e-85 
1 0 -2.17616e-86 
1 0 0 
1 0 0 
1 0 0 
1 0 0 
1 0 0 
1 0 0 
1 0 0 
1 0 0 
1 0 0 
1 0 0 
1 0 0 
1 0 0 
1 0 0 
1 0 0 
1 0 0 
1 0 0 
1 0 0 
1 0 0 
1 0 0 
1 0 0 
1 0 0 
1 0 0 
1 0 0 
1 0 0 
1 0 0 
1 0 0 
1 0 0 
1 0 0 
1 0 0 
1 0 0 
1 0 0 
1 0 0 
1 0 0 
1 0 0 
1 0 0 
1 0 0 
1 0 0 
1 0 0 
1 0 0 
1 0 0 
1 0 0 
1 0 0 
1 0 0 
1 0 0 
1 0 0 
1 0 0 
1 0 0 
1 0 0 
1 0 0 
1 0 0 
1 0 0 
1 0 0 
1 0 0 
1 0 0 
1 0 0 
1 0 0 
1 0 0 
1 0 0 
1 0 0 
1 0 0 
1 0 0 
1 0 0 
1 0 0 
1 0 0 
1 0 0 
1 0 0 
1 0 0 
1 0 0 
1 0 0 
1 0 0 
1 0 0 
1 0 -6.50176e-81 
1 0 -3.43261e-77 
1 0 -7.37977e-78 
1 0 -2.35191e-82 
1 0 -2.10348e-83 
1 0 -4.52157e-84 
1 0 0 
1 0 0 
1 0 0 
1 0 0 
1 0 0 
1 0 0 
1 0 0 
1 0 0 
1 0 0 
1 0 0 
1 0 0 
1 0 0 
1 0 0 
1 0 0 
1 0 0 
1 0 0 
1 0 0 
1 0 0 
1 0 0 
1 0 0 
1 0 0 
1 0 0 
1 0 0 
1 0 0 
1 0 0 
1 0 0 
1 0 0 
1 0 0 
1 0 0 
1 0 0 
1 0 0 
1 0 0 
1 0 0 
1 0 0 
1 0 0 
1 0 0 
1 0 0 
1 0 0 
1 0 0 
1 0 0 
1 0 0 
1 0 0 
1 0 0 
1 0 0 
1 0 0 
1 0 0 
1 0 0 
1 0 0 
1 0 0 
1 0 0 
1 0 0 
1 0 0 
1 0 0 
1 0 0 
1 0 0 
1 0 0 
1 0 0 
1 0 0 
1 0 0 
1 0 0 
1 0 0 
1 0 0 
1 0 0 
1 0 0 
1 0 0 
1 0 0 
1 0 0 
1 0 0 
1 0 0 
1 0 0 
1 0 0 
1 0 0 
1 0 0 
1 0 0 
1 0 0 
1 0 -4.37056e-81 
1 0 -9.3948e-82 
1 0 0 
1 0 0 
1 0 0 
1 0 0 
1 0 0 
1 0 0 
1 0 0 
1 0 0 
1 0 0 
1 0 0 
1 0 0 
1 0 0 
1 0 0 
1 0 0 
1 0 0 
1 0 0 
1 0 0 
1 0 0 
1 0 0 
1 0 0 
1 0 0 
1 0 0 
1 0 0 
1 0 0 
1 0 0 
1 0 0 
1 0 0 
1 0 0 
1 0 0 
1 0 0 
1 0 0 
1 0 0 
1 0 0 
1 0 0 
1 0 0 
1 0 0 
1 0 0 
1 0 0 
1 0 0 
1 0 0 
1 0 0 
1 0 0 
1 0 0 
1 0 0 
1 0 0 
1 0 0 
1 0 0 
1 0 0 
1 0 0 
1 0 0 
1 0 0 
1 0 0 
1 0 0 
1 0 0 
1 0 0 
1 0 0 
1 0 0 
1 0 0 
1 0 0 
1 0 0 
1 0 0 
1 0 0 
1 0 0 
1 0 0 
1 0 0 
1 0 0 
1 0 0 
1 0 0 
1 0 0 
1 0 0 
1 0 0 
1 0 0 
1 0 0 
1 0 0 
1 0 0 
1 0 0 
1 0 0 
1 0 0 
1 0 0 
1 0 0 
1 0 0 
1 0 0 
1 0 0 
1 0 0 
1 0 0 
1 0 0 
1 0 0 
1 0 0 
1 0 0 
1 0 0 
1 0 0 
1 0 0 
1 0 0 
1 0 0 
1 0 0 
1 0 0 
1 0 0 
1 0 0 
1 0 0 
1 0 0 
1 0 0 
1 0 0 
1 0 0 
1 0 0 
1 0 0 
1 0 0 
1 0 0 
1 0 0 
1 0 0 
1 0 0 
1 0 0 
1 0 0 
1 0 0 
1 0 0 
1 0 0 
1 0 0 
1 0 0 
1 0 0 
1 0 0 
1 0 0 
1 0 0 
1 0 0 
1 0 0 
1 0 0 
1 0 0 
1 0 0 
1 0 0 
1 0 0 
1 0 0 
1 0 0 
1 0 0 
1 0 0 
1 0 0 
1 0 0 
1 0 0 
1 0 0 
1 0 0 
1 0 0 
1 0 0 
1 0 0 
1 0 0 
1 0 0 
1 0 0 
1 0 0 
1 0 0 
1 0 0 
1 0 0 
1 0 0 
1 0 0 
1 0 0 
1 0 0 
1 0 0 
1 0 0 
1 0 0 
1 0 0 
1 0 0 
1 0 0 
1 0 0 
1 0 0 
1 0 0 
1 0 0 
1 0 0 
1 0 0 
1 0 0 
1 0 0 
1 0 0 
1 0 0 
1 0 0 
1 0 0 
1 0 0 
1 0 0 
1 0 0 
1 0 0 
1 0 0 
1 0 0 
1 0 0 
1 0 0 
1 0 0 
1 0 0 
1 0 0 
1 0 0 
1 0 0 
1 0 0 
1 0 0 
1 0 0 
1 0 0 
1 0 0 
1 0 0 
1 0 0 
1 0 0 
1 0 0 
1 0 0 
1 0 0 
1 0 0 
1 0 0 
1 0 0 
1 0 0 
1 0 0 
1 0 0 
1 0 0 
1 0 0 
1 0 0 
1 0 0 
1 0 0 
1 0 0 
1 0 0 
1 0 0 
1 0 0 
1 0 0 
1 0 0 
1 0 0 
1 0 0 
1 0 0 
1 0 0 
1 0 0 
1 0 0 
1 0 0 
1 0 0 
1 0 0 
1 0 0 
1 0 0 
1 0 0 
1 0 0 
1 0 0 
1 0 0 
1 0 0 
1 0 0 
1 0 0 
1 0 0 
1 0 0 
1 0 0 
1 0 0 
1 0 0 
1 0 0 
1 0 0 
1 0 0 
1 0 0 
1 0 0 
1 0 0 
1 0 0 
1 0 0 
1 0 0 
1 0 0 
1 0 0 
1 0 0 
1 0 0 
1 0 0 
1 0 0 
1 0 0 
1 0 0 
1 0 0 
1 0 0 
1 0 0 
1 0 0 
1 0 0 
1 0 0 
1 0 0 
1 0 0 
1 0 0 
1 0 0 
1 0 0 
1 0 0 
1 0 0 
1 0 0 
1 0 0 
1 0 0 
1 0 0 
1 0 0 
1 0 0 
1 0 0 
1 0 0 
1 0 0 
1 0 0 
1 0 0 
1 0 0 
1 0 0 
1 0 0 
1 0 0 
1 0 0 
1 0 0 
1 0 0 
1 0 0 
1 0 0 
1 0 0 
1 0 0 
1 0 0 
1 0 0 
1 0 0 
1 0 0 
1 0 0 
1 0 0 
1 0 0 
1 0 0 
1 0 0 
1 0 0 
1 0 0 
1 0 0 
1 0 0 
1 0 0 
1 0 0 
1 0 0 
1 0 0 
1 0 0 
1 0 0 
1 0 0 
1 0 0 
1 0 0 
1 0 0 
1 0 0 
1 0 0 
1 0 0 
1 0 0 
1 0 0 
1 0 0 
1 0 0 
1 0 0 
1 0 0 
1 0 0 
1 0 0 
1 0 0 
1 0 0 
1 0 0 
1 0 0 
1 0 0 
1 0 0 
1 0 0 
1 0 0 
1 0 0 
1 0 0 
1 0 0 
1 0 0 
1 0 0 
1 0 0 
1 0 0 
1 0 0 
1 0 0 
1 0 0 
1 0 0 
1 0 0 
1 0 0 
1 0 0 
1 0 0 
1 0 0 
1 0 0 
1 0 0 
1 0 0 
1 0 0 
1 0 0 
1 0 0 
1 0 0 
1 0 0 
1 0 0 
1 0 0 
1 0 0 
1 0 0 
1 0 0 
1 0 0 
1 0 0 
1 0 0 
1 0 0 
1 0 0 
1 0 0 
1 0 0 
1 0 0 
1 0 0 
1 0 0 
1 0 0 
1 0 0 
1 0 0 
1 0 0 
1 0 0 
1 0 0 
1 0 0 
1 0 0 
1 0 0 
1 0 0 
1 0 0 
1 0 0 
1 0 0 
1 0 0 
1 0 0 
1 0 0 
1 0 0 
1 0 0 
1 0 0 
1 0 0 
1 0 0 
1 0 0 
1 0 0 
1 0 0 
1 0 0 
1 0 0 
1 0 0 
1 0 0 
1 0 0 
1 0 0 
1 0 0 
1 0 0 
1 0 0 
1 0 0 
1 0 0 
1 0 0 
1 0 0 
1 0 0 
1 0 0 
1 0 0 
1 0 0 
1 0 0 
1 0 0 
1 0 0 
1 0 0 
1 0 0 
1 0 0 
1 0 0 
1 0 0 
1 0 0 
1 0 0 
1 0 0 
1 0 0 
1 0 0 
1 0 0 
1 0 0 
1 0 0 
1 0 0 
1 0 0 
1 0 0 
1 0 0 
1 0 0 
1 0 0 
1 0 0 
1 0 0 
1 0 0 
1 0 0 
1 0 0 
1 0 0 
1 0 0 
1 0 0 
1 0 0 
1 0 0 
1 0 0 
1 0 0 
1 0 0 
1 0 0 
1 0 0 
1 0 0 
1 0 0 
1 0 0 
1 0 0 
1 0 0 
1 0 0 
1 0 0 
1 0 0 
1 0 0 
1 0 0 
1 0 0 
1 0 0 
1 0 0 
1 0 0 
1 0 0 
1 0 0 
1 0 0 
1 0 0 
1 0 0 
1 0 0 
1 0 0 
1 0 0 
1 0 0 
1 0 0 
1 0 0 
1 0 0 
1 0 0 
1 0 0 
1 0 0 
1 0 0 
1 0 0 
1 0 0 
1 0 0 
1 0 0 
1 0 0 
1 0 0 
1 0 0 
1 0 0 
1 0 0 
1 0 0 
1 0 0 
1 0 0 
1 0 0 
1 0 0 
1 0 0 
1 0 0 
1 0 0 
1 0 0 
1 0 0 
1 0 0 
1 0 0 
1 0 0 
1 0 0 
1 0 0 
1 0 0 
1 0 0 
1 0 0 
1 0 0 
1 0 0 
1 0 0 
1 0 0 
1 0 0 
1 0 0 
1 0 0 
1 0 0 
1 0 0 
1 0 0 
1 0 0 
1 0 0 
1 0 0 
1 0 0 
1 0 0 
1 0 0 
1 0 0 
1 0 0 
1 0 0 
1 0 0 
1 0 0 
1 0 0 
1 0 0 
1 0 0 
1 0 0 
1 0 0 
1 0 0 
1 0 0 
1 0 0 
1 0 0 
1 0 0 
1 0 0 
1 0 0 
1 0 0 
1 0 0 
1 0 0 
1 0 0 
1 0 0 
1 0 0 
1 0 0 
1 0 0 
1 0 0 
1 0 0 
1 0 0 
1 0 0 
1 0 0 
1 0 0 
1 0 0 
1 0 0 
1 0 0 
1 0 0 
1 0 0 
1 0 0 
1 0 0 
1 0 0 
1 0 0 
1 0 0 
1 0 0 
1 0 0 
1 0 0 
1 0 0 
1 0 0 
1 0 0 
1 0 0 
1 0 0 
1 0 0 
1 0 0 
1 0 0 
1 0 0 
1 0 0 
1 0 0 
1 0 0 
1 0 0 
1 0 0 
1 0 0 
1 0 0 
1 0 0 
1 0 0 
1 0 0 
1 0 0 
1 0 0 
1 0 0 
1 0 0 
1 0 0 
1 0 0 
1 0 0 
1 0 0 
1 0 0 
1 0 0 
1 0 0 
1 0 0 
1 0 0 
1 0 0 
1 0 0 
1 0 0 
1 0 0 
1 0 0 
1 0 0 
1 0 0 
1 0 0 
1 0 0 
1 0 0 
1 0 0 
1 0 0 
1 0 0 
1 0 0 
1 0 0 
1 0 0 
1 0 0 
1 0 0 
1 0 0 
1 0 0 
1 0 0 
1 0 0 
1 0 0 
1 0 0 
1 0 0 
1 0 0 
1 0 0 
1 0 0 
1 0 0 
1 0 0 
1 0 0 
1 0 0 
1 0 0 
1 0 0 
1 0 0 
1 0 0 
1 0 0 
1 0 0 
1 0 0 
1 0 0 
1 0 0 
1 0 0 
1 0 0 
1 0 0 
1 0 0 
1 0 0 
1 0 0 
1 0 0 
1 0 0 
1 0 0 
1 0 0 
1 0 0 
1 0 0 
1 0 0 
1 0 0 
1 0 0 
1 0 0 
1 0 0 
1 0 0 
1 0 0 
1 0 0 
1 0 0 
1 0 0 
1 0 0 
1 0 0 
1 0 0 
1 0 0 
1 0 0 
1 0 0 
1 0 0 
1 0 0 
1 0 0 
1 0 0 
1 0 0 
1 0 0 
1 0 0 
1 0 0 
1 0 0 
1 0 0 
1 0 0 
1 0 0 
1 0 0 
1 0 0 
1 0 0 
1 0 0 
1 0 0 
1 0 0 
1 0 0 
1 0 0 
1 0 0 
1 0 0 
1 0 0 
1 0 0 
1 0 0 
1 0 0 
1 0 0 
1 0 0 
1 0 0 
1 0 0 
1 0 0 
1 0 0 
1 0 0 
1 0 0 
1 0 0 
1 0 0 
1 0 0 
1 0 0 
1 0 0 
1 0 0 
1 0 0 
1 0 0 
1 0 0 
1 0 0 
1 0 0 
1 0 0 
1 0 0 
1 0 0 
1 0 0 
1 0 0 
1 0 0 
1 0 0 
1 0 0 
1 0 0 
1 0 0 
1 0 0 
1 0 0 
1 0 0 
1 0 0 
1 0 0 
1 0 0 
1 0 0 
1 0 0 
1 0 0 
1 0 0 
1 0 0 
1 0 0 
1 0 0 
1 0 0 
1 0 0 
1 0 0 
1 0 0 
1 0 0 
1 0 0 
1 0 0 
1 0 0 
1 0 0 
1 0 0 
1 0 0 
1 0 0 
1 0 0 
1 0 0 
1 0 0 
1 0 0 
1 0 0 
1 0 0 
1 0 0 
1 0 0 
1 0 0 
1 0 0 
1 0 0 
1 0 0 
1 0 0 
1 0 0 
1 0 0 
1 0 0 
1 0 0 
1 0 0 
1 0 0 
1 0 0 
1 0 0 
1 0 0 
1 0 0 
1 0 0 
1 0 0 
1 0 0 
1 0 0 
1 0 0 
1 0 0 
1 0 0 
1 0 0 
1 0 0 
1 0 0 
1 0 0 
1 0 0 
1 0 0 
1 0 0 
1 0 0 
1 0 0 
1 0 0 
1 0 0 
1 0 0 
1 0 0 
1 0 0 
1 0 0 
1 0 0 
1 0 0 
1 0 0 
1 0 0 
1 0 0 
1 0 0 
1 0 0 
1 0 0 
1 0 0 
1 0 0 
1 0 0 
1 0 0 
1 0 0 
1 0 0 
1 0 0 
1 0 0 
1 0 0 
1 0 0 
1 0 0 
1 0 0 
1 0 0 
1 0 0 
1 0 0 
1 0 0 
1 0 0 
1 0 0 
1 0 0 
1 0 0 
1 0 0 
1 0 0 
1 0 0 
1 0 0 
1 0 0 
1 0 0 
1 0 0 
1 0 0 
1 0 0 
1 0 0 
1 0 0 
1 0 0 
1 0 0 
1 0 0 
1 0 0 
1 0 0 
1 0 0 
1 0 0 
1 0 0 
1 0 0 
1 0 0 
1 0 0 
1 0 0 
1 0 0 
1 0 0 
1 0 0 
1 0 0 
1 0 0 
1 0 0 
1 0 0 
1 0 0 
1 0 0 
1 0 0 
1 0 0 
1 0 0 
1 0 0 
1 0 0 
1 0 0 
1 0 0 
1 0 0 
1 0 0 
1 0 0 
1 0 0 
1 0 0 
1 0 0 
1 0 0 
1 0 0 
1 0 0 
1 0 0 
1 0 0 
1 0 0 
1 0 0 
1 0 0 
1 0 0 
1 0 0 
1 0 0 
1 0 0 
1 0 0 
1 0 0 
1 0 0 
1 0 0 
1 0 0 
1 0 0 
1 0 0 
1 0 0 
1 0 0 
1 0 0 
1 0 0 
1 0 0 
1 0 0 
1 0 0 
1 0 0 
1 0 0 
1 0 0 
1 0 0 
1 0 0 
1 0 0 
1 0 0 
1 0 0 
1 0 0 
1 0 0 
1 0 0 
1 0 0 
1 0 0 
1 0 0 
1 0 0 
1 0 0 
1 0 0 
1 0 0 
1 0 0 
1 0 0 
1 0 0 
1 0 0 
1 0 0 
1 0 0 
1 0 0 
1 0 0 
1 0 0 
1 0 0 
1 0 0 
1 0 0 
1 0 0 
1 0 0 
1 0 0 
1 0 0 
1 0 0 
1 0 0 
1 0 0 
1 0 0 
1 0 0 
1 0 0 
1 0 0 
1 0 0 
1 0 0 
1 0 0 
1 0 0 
1 0 0 
1 0 0 
1 0 0 
1 0 0 
1 0 0 
1 0 0 
1 0 0 
1 0 0 
1 0 0 
1 0 0 
1 0 0 
1 0 0 
1 0 0 
1 0 0 
1 0 0 
1 0 0 
1 0 0 
1 0 0 
1 0 0 
1 0 0 
1 0 0 
1 0 0 
1 0 0 
1 0 0 
1 0 0 
1 0 0 
1 0 0 
1 0 0 
1 0 0 
1 0 0 
1 0 0 
1 0 0 
1 0 0 
1 0 0 
1 0 0 
1 0 0 
1 0 0 
1 0 0 
1 0 0 
1 0 0 
1 0 0 
1 0 0 
1 0 0 
1 0 0 
1 0 0 
1 0 0 
1 0 0 
1 0 0 
1 0 0 
1 0 0 
1 0 0 
1 0 0 
1 0 0 
1 0 0 
1 0 0 
1 0 0 
1 0 0 
1 0 0 
1 0 0 
1 0 0 
1 0 0 
1 0 0 
1 0 0 
1 0 0 
1 0 0 
1 0 0 
1 0 0 
1 0 0 
1 0 0 
1 0 0 
1 0 0 
1 0 0 
1 0 0 
1 0 0 
1 0 0 
1 0 0 
1 0 0 
1 0 0 
1 0 0 
1 0 0 
1 0 0 
1 0 0 
1 0 0 
1 0 0 
1 0 0 
1 0 0 
1 0 0 
1 0 0 
1 0 0 
1 0 0 
1 0 0 
1 0 0 
1 0 0 
1 0 0 
1 0 0 
1 0 0 
1 0 0 
1 0 0 
1 0 0 
1 0 0 
1 0 0 
1 0 0 
1 0 0 
1 0 0 
1 0 0 
1 0 0 
1 0 0 
1 0 0 
1 0 0 
1 0 0 
1 0 0 
1 0 0 
1 0 0 
1 0 0 
1 0 0 
1 0 0 
1 0 0 
1 0 0 
1 0 0 
1 0 0 
1 0 0 
1 0 0 
1 0 0 
1 0 0 
1 0 0 
1 0 0 
1 0 0 
1 0 0 
1 0 0 
1 0 0 
1 0 0 
1 0 0 
1 0 0 
1 0 0 
1 0 0 
1 0 0 
1 0 0 
1 0 0 
1 0 0 
1 0 0 
1 0 0 
1 0 0 
1 0 0 
1 0 0 
1 0 0 
1 0 0 
1 0 0 
1 0 0 
1 0 0 
1 0 0 
1 0 0 
1 0 0 
1 0 0 
1 0 0 
1 0 0 
1 0 0 
1 0 0 
1 0 0 
1 0 0 
1 0 0 
1 0 0 
1 0 0 
1 0 0 
1 0 0 
1 0 0 
1 0 0 
1 0 0 
1 0 0 
1 0 0 
1 0 0 
1 0 0 
1 0 0 
1 0 0 
1 0 0 
1 0 0 
1 0 0 
1 0 0 
1 0 0 
1 0 0 
1 0 0 
1 0 0 
1 0 0 
1 0 0 
1 0 0 
1 0 0 
1 0 0 
1 0 0 
1 0 0 
1 0 0 
1 0 0 
1 0 0 
1 0 0 
1 0 0 
1 0 0 
1 0 0 
1 0 0 
1 0 0 
1 0 0 
1 0 0 
1 0 0 
1 0 0 
1 0 0 
1 0 0 
1 0 0 
1 0 0 
1 0 0 
1 0 0 
1 0 0 
1 0 0 
1 0 0 
1 0 0 
1 0 0 
1 0 0 
1 0 0 
1 0 0 
1 0 0 
1 0 0 
1 0 0 
1 0 0 
1 0 0 
1 0 0 
1 0 0 
1 0 0 
1 0 0 
1 0 0 
1 0 0 
1 0 0 
1 0 0 
1 0 0 
1 0 0 
1 0 0 
1 0 0 
1 0 0 
1 0 0 
1 0 0 
1 0 0 
1 0 0 
1 0 0 
1 0 0 
1 0 0 
1 0 0 
1 0 0 
1 0 0 
1 0 0 
1 0 0 
1 0 0 
1 0 0 
1 0 0 
1 0 0 
1 0 0 
1 0 0 
1 0 0 
1 0 0 
1 0 0 
1 0 0 
1 0 0 
1 0 0 
1 0 0 
1 0 0 
1 0 0 
1 0 0 
1 0 0 
1 0 0 
1 0 0 
1 0 0 
1 0 0 
1 0 0 
1 0 0 
1 0 0 
1 0 0 
1 0 0 
1 0 0 
1 0 0 
1 0 0 
1 0 0 
1 0 0 
1 0 0 
1 0 0 
1 0 0 
1 0 0 
1 0 0 
1 0 0 
1 0 0 
1 0 0 
1 0 0 
1 0 0 
1 0 0 
1 0 0 
1 0 0 
1 0 0 
1 0 0 
1 0 0 
1 0 0 
1 0 0 
1 0 0 
1 0 0 
1 0 0 
1 0 0 
1 0 0 
1 0 0 
1 0 0 
1 0 0 
1 0 0 
1 0 0 
1 0 0 
1 0 0 
1 0 0 
1 0 0 
1 0 0 
1 0 0 
1 0 0 
1 0 0 
1 0 0 
1 0 0 
1 0 0 
1 0 0 
1 0 0 
1 0 0 
1 0 0 
1 0 0 
1 0 0 
1 0 0 
1 0 0 
1 0 0 
1 0 0 
1 0 0 
1 0 0 
1 0 0 
1 0 0 
1 0 0 
1 0 0 
1 0 0 
1 0 0 
1 0 0 
1 0 0 
1 0 0 
1 0 0 
1 0 0 
1 0 0 
1 0 0 
1 0 0 
1 0 0 
1 0 0 
1 0 0 
1 0 0 
1 0 0 
1 0 0 
1 0 0 
1 0 0 
1 0 0 
1 0 0 
1 0 0 
1 0 0 
1 0 0 
1 0 0 
1 0 0 
1 0 0 
1 0 0 
1 0 0 
1 0 0 
1 0 0 
1 0 0 
1 0 0 
1 0 0 
1 0 0 
1 0 0 
1 0 0 
1 0 0 
1 0 0 
1 0 0 
1 0 0 
1 0 0 
1 0 0 
1 0 0 
1 0 0 
1 0 0 
1 0 0 
1 0 0 
1 0 0 
1 0 0 
1 0 0 
1 0 0 
1 0 0 
1 0 0 
1 0 0 
1 0 0 
1 0 0 
1 0 0 
1 0 0 
1 0 0 
1 0 0 
1 0 0 
1 0 0 
1 0 0 
1 0 0 
1 0 0 
1 0 0 
1 0 0 
1 0 0 
1 0 0 
1 0 0 
1 0 0 
1 0 0 
1 0 0 
1 0 0 
1 0 0 
1 0 0 
1 0 0 
1 0 0 
1 0 0 
1 0 0 
1 0 0 
1 0 0 
1 0 0 
1 0 0 
1 0 0 
1 0 0 
1 0 0 
1 0 0 
1 0 0 
1 0 0 
1 0 0 
1 0 0 
1 0 0 
1 0 0 
1 0 0 
1 0 0 
1 0 0 
1 0 0 
1 0 0 
1 0 0 
1 0 0 
1 0 0 
1 0 0 
1 0 0 
1 0 0 
1 0 0 
1 0 0 
1 0 0 
1 0 0 
1 0 0 
1 0 0 
1 0 0 
1 0 0 
1 0 0 
1 0 0 
1 0 0 
1 0 0 
1 0 0 
1 0 0 
1 0 0 
1 0 0 
1 0 0 
1 0 0 
1 0 0 
1 0 0 
1 0 0 
1 0 0 
1 0 0 
1 0 0 
1 0 0 
1 0 0 
1 0 0 
1 0 0 
1 0 0 
1 0 0 
1 0 0 
1 0 0 
1 0 0 
1 0 0 
1 0 0 
1 0 0 
1 0 0 
1 0 0 
1 0 0 
1 0 0 
1 0 0 
1 0 0 
1 0 0 
1 0 0 
1 0 0 
1 0 0 
1 0 0 
1 0 0 
1 0 0 
1 0 0 
1 0 0 
1 0 0 
1 0 0 
1 0 0 
1 0 0 
1 0 0 
1 0 0 
1 0 0 
1 0 0 
1 0 0 
1 0 0 
1 0 0 
1 0 0 
1 0 0 
1 0 0 
1 0 0 
1 0 0 
1 0 0 
1 0 0 
1 0 0 
1 0 0 
1 0 0 
1 0 0 
1 0 0 
1 0 0 
1 0 0 
1 0 0 
1 0 0 
1 0 0 
1 0 0 
1 0 0 
1 0 0 
1 0 0 
1 0 0 
1 0 0 
1 0 0 
1 0 0 
1 0 0 
1 0 0 
1 0 0 
1 0 0 
1 0 0 
1 0 0 
1 0 0 
1 0 0 
1 0 0 
1 0 0 
1 0 0 
1 0 0 
1 0 0 
1 0 0 
1 0 0 
1 0 0 
1 0 0 
1 0 0 
1 0 0 
1 0 0 
1 0 0 
1 0 0 
1 0 0 
1 0 0 
1 0 0 
1 0 0 
1 0 0 
1 0 0 
1 0 0 
1 0 0 
1 0 0 
1 0 0 
1 0 0 
1 0 0 
1 0 0 
1 0 0 
1 0 0 
1 0 0 
1 0 0 
1 0 0 
1 0 0 
1 0 0 
1 0 0 
1 0 0 
1 0 0 
1 0 0 
1 0 0 
1 0 0 
1 0 0 
1 0 0 
1 0 0 
1 0 0 
1 0 0 
1 0 0 
1 0 0 
1 0 0 
1 0 0 
1 0 0 
1 0 0 
1 0 0 
1 0 0 
1 0 0 
1 0 0 
1 0 0 
1 0 0 
1 0 0 
1 0 0 
1 0 0 
1 0 0 
1 0 0 
1 0 0 
1 0 0 
1 0 0 
1 0 0 
1 0 0 
1 0 0 
1 0 0 
1 0 0 
1 0 0 
1 0 0 
1 0 0 
1 0 0 
1 0 0 
1 0 0 
1 0 0 
1 0 0 
1 0 0 
1 0 0 
1 0 0 
1 0 0 
1 0 0 
1 0 0 
1 0 0 
1 0 0 
1 0 0 
1 0 0 
1 0 0 
1 0 0 
1 0 0 
1 0 0 
1 0 0 
1 0 0 
1 0 0 
1 0 0 
1 0 0 
1 0 0 
1 0 0 
1 0 0 
1 0 0 
1 0 0 
1 0 0 
1 0 0 
1 0 0 
1 0 0 
1 0 0 
1 0 0 
1 0 0 
1 0 0 
1 0 0 
1 0 0 
1 0 0 
1 0 0 
1 0 0 
1 0 0 
1 0 0 
1 0 0 
1 0 0 
1 0 0 
1 0 0 
1 0 0 
1 0 0 
1 0 0 
1 0 0 
1 0 0 
1 0 0 
1 0 0 
1 0 0 
1 0 0 
1 0 0 
1 0 0 
1 0 0 
1 0 0 
1 0 0 
1 0 0 
1 0 0 
1 0 0 
1 0 0 
1 0 0 
1 0 0 
1 0 0 
1 0 0 
1 0 0 
1 0 0 
1 0 0 
1 0 0 
1 0 0 
1 0 0 
1 0 0 
1 0 0 
1 0 0 
1 0 0 
1 0 0 
1 0 0 
1 0 0 
1 0 0 
1 0 0 
1 0 0 
1 0 0 
1 0 0 
1 0 0 
1 0 0 
1 0 0 
1 0 0 
1 0 0 
1 0 0 
1 0 0 
1 0 0 
1 0 0 
1 0 0 
1 0 0 
1 0 0 
1 0 0 
1 0 0 
1 0 0 
1 0 0 
1 0 0 
1 0 0 
1 0 0 
1 0 0 
1 0 0 
1 0 0 
1 0 0 
1 0 0 
1 0 0 
1 0 0 
1 0 0 
1 0 0 
1 0 0 
1 0 0 
1 0 0 
1 0 0 
1 0 0 
1 0 0 
1 0 0 
1 0 0 
1 0 0 
1 0 0 
1 0 0 
1 0 0 
1 0 0 
1 0 0 
1 0 0 
1 0 0 
1 0 0 
1 0 0 
1 0 0 
1 0 0 
1 0 0 
1 0 0 
1 0 0 
1 0 0 
1 0 0 
1 0 0 
1 0 0 
1 0 0 
1 0 0 
1 0 0 
1 0 0 
1 0 0 
1 0 0 
1 0 0 
1 0 0 
1 0 0 
1 0 0 
1 0 0 
1 0 0 
1 0 0 
1 0 0 
1 0 0 
1 0 0 
1 0 0 
1 0 0 
1 0 0 
1 0 0 
1 0 0 
1 0 0 
1 0 0 
1 0 0 
1 0 0 
1 0 0 
1 0 0 
1 0 0 
1 0 0 
1 0 0 
1 0 0 
1 0 0 
1 0 0 
1 0 0 
1 0 0 
1 0 0 
1 0 0 
1 0 0 
1 0 0 
1 0 0 
1 0 0 
1 0 0 
1 0 0 
1 0 0 
1 0 0 
1 0 0 
1 0 0 
1 0 0 
1 0 0 
1 0 0 
1 0 0 
1 0 0 
1 0 0 
1 0 0 
1 0 0 
1 0 0 
1 0 0 
1 0 0 
1 0 0 
1 0 0 
1 0 0 
1 0 0 
1 0 0 
1 0 0 
1 0 0 
1 0 0 
1 0 0 
1 0 0 
1 0 0 
1 0 0 
1 0 0 
1 0 0 
1 0 0 
1 0 0 
1 0 0 
1 0 0 
1 0 0 
1 0 0 
1 0 0 
1 0 0 
1 0 0 
1 0 0 
1 0 0 
1 0 0 
1 0 0 
1 0 0 
1 0 0 
1 0 0 
1 0 0 
1 0 0 
1 0 0 
1 0 0 
1 0 0 
1 0 0 
1 0 0 
1 0 0 
1 0 0 
1 0 0 
1 0 0 
1 0 0 
1 0 0 
1 0 0 
1 0 0 
1 0 0 
1 0 0 
1 0 0 
1 0 0 
1 0 0 
1 0 0 
1 0 0 
1 0 0 
1 0 0 
1 0 0 
1 0 0 
1 0 0 
1 0 0 
1 0 0 
1 0 0 
1 0 0 
1 0 0 
1 0 0 
1 0 0 
1 0 0 
1 0 0 
1 0 0 
1 0 0 
1 0 0 
1 0 0 
1 0 0 
1 0 0 
1 0 0 
1 0 0 
1 0 0 
1 0 0 
1 0 0 
1 0 0 
1 0 0 
1 0 0 
1 0 0 
1 0 0 
1 0 0 
1 0 0 
1 0 0 
1 0 0 
1 0 0 
1 0 0 
1 0 0 
1 0 0 
1 0 0 
1 0 0 
1 0 0 
1 0 0 
1 0 0 
1 0 0 
1 0 0 
1 0 0 
1 0 0 
1 0 0 
1 0 0 
1 0 0 
1 0 0 
1 0 0 
1 0 0 
1 0 0 
1 0 0 
1 0 0 
1 0 0 
1 0 0 
1 0 0 
1 0 0 
1 0 0 
1 0 0 
1 0 0 
1 0 0 
1 0 0 
1 0 0 
1 0 0 
1 0 0 
1 0 0 
1 0 0 
1 0 0 
1 0 0 
1 0 0 
1 0 0 
1 0 0 
1 0 0 
1 0 0 
1 0 0 
1 0 0 
1 0 0 
1 0 0 
1 0 0 
1 0 0 
1 0 0 
1 0 0 
1 0 0 
1 0 0 
1 0 0 
1 0 0 
1 0 0 
1 0 0 
1 0 0 
1 0 0 
1 0 0 
1 0 0 
1 0 0 
1 0 0 
1 0 0 
1 0 0 
1 0 0 
1 0 0 
1 0 0 
1 0 0 
1 0 0 
1 0 0 
1 0 0 
1 0 0 
1 0 0 
1 0 0 
1 0 0 
1 0 0 
1 0 0 
1 0 0 
1 0 0 
1 0 0 
1 0 0 
1 0 0 
1 0 0 
1 0 0 
1 0 0 
1 0 0 
1 0 0 
1 0 0 
1 0 0 
1 0 0 
1 0 0 
1 0 0 
1 0 0 
1 0 0 
1 0 0 
1 0 0 
1 0 0 
1 0 0 
1 0 0 
1 0 0 
1 0 0 
1 0 0 
1 0 0 
1 0 0 
1 0 0 
1 0 0 
1 0 0 
1 0 0 
1 0 0 
1 0 0 
1 0 0 
1 0 0 
1 0 0 
1 0 0 
1 0 0 
1 0 0 
1 0 0 
1 0 0 
1 0 0 
1 0 0 
1 0 0 
1 0 0 
1 0 0 
1 0 0 
1 0 0 
1 0 0 
1 0 0 
1 0 0 
1 0 0 
1 0 0 
1 0 0 
1 0 0 
1 0 0 
1 0 0 
1 0 0 
1 0 0 
1 0 0 
1 0 0 
1 0 0 
1 0 0 
1 0 0 
1 0 0 
1 0 0 
1 0 0 
1 0 0 
1 0 0 
1 0 0 
1 0 0 
1 0 0 
1 0 0 
1 0 0 
1 0 0 
1 0 0 
1 0 0 
1 0 0 
1 0 0 
1 0 0 
1 0 0 
1 0 0 
1 0 0 
1 0 0 
1 0 0 
1 0 0 
1 0 0 
1 0 0 
1 0 0 
1 0 0 
1 0 0 
1 0 0 
1 0 0 
1 0 0 
1 0 0 
1 0 0 
1 0 0 
1 0 0 
1 0 0 
1 0 0 
1 0 0 
1 0 0 
1 0 0 
1 0 0 
1 0 0 
1 0 0 
1 0 0 
1 0 0 
1 0 0 
1 0 0 
1 0 0 
1 0 0 
1 0 0 
1 0 0 
1 0 0 
1 0 0 
1 0 0 
1 0 0 
1 0 0 
1 0 0 
1 0 0 
1 0 0 
1 0 0 
1 0 0 
1 0 0 
1 0 0 
1 0 0 
1 0 0 
1 0 0 
1 0 0 
1 0 0 
1 0 0 
1 0 0 
1 0 0 
1 0 0 
1 0 0 
1 0 0 
1 0 0 
1 0 0 
1 0 0 
1 0 0 
1 0 0 
1 0 0 
1 0 0 
1 0 0 
1 0 0 
1 0 0 
1 0 0 
1 0 0 
1 0 0 
1 0 0 
1 0 0 
1 0 0 
1 0 0 
1 0 0 
1 0 0 
1 0 0 
1 0 0 
1 0 0 
1 0 0 
1 0 0 
1 0 0 
1 0 0 
1 0 0 
1 0 0 
1 0 0 
1 0 0 
1 0 0 
1 0 0 
1 0 0 
1 0 0 
1 0 0 
1 0 0 
1 0 0 
1 0 0 
1 0 0 
1 0 0 
1 0 0 
1 0 0 
1 0 0 
1 0 0 
1 0 0 
1 0 0 
1 0 0 
1 0 0 
1 0 0 
1 0 0 
1 0 0 
1 0 0 
1 0 0 
1 0 0 
1 0 0 
1 0 0 
1 0 0 
1 0 0 
1 0 0 
1 0 0 
1 0 0 
1 0 0 
1 0 0 
1 0 0 
1 0 0 
1 0 0 
1 0 0 
1 0 0 
1 0 0 
1 0 0 
1 0 0 
1 0 0 
1 0 0 
1 0 0 
1 0 0 
1 0 0 
1 0 0 
1 0 0 
1 0 0 
1 0 0 
1 0 0 
1 0 0 
1 0 0 
1 0 0 
1 0 0 
1 0 0 
1 0 0 
1 0 0 
1 0 0 
1 0 0 
1 0 0 
1 0 0 
1 0 0 
1 0 0 
1 0 0 
1 0 0 
1 0 0 
1 0 0 
1 0 0 
1 0 0 
1 0 0 
1 0 0 
1 0 0 
1 0 0 
1 0 0 
1 0 0 
1 0 0 
1 0 0 
1 0 0 
1 0 0 
1 0 0 
1 0 0 
1 0 0 
1 0 0 
1 0 0 
1 0 0 
1 0 0 
1 0 0 
1 0 0 
1 0 0 
1 0 0 
1 0 0 
1 0 0 
1 0 0 
1 0 0 
1 0 0 
1 0 0 
1 0 0 
1 0 0 
1 0 0 
1 0 0 
1 0 0 
1 0 0 
1 0 0 
1 0 0 
1 0 0 
1 0 0 
1 0 0 
1 0 0 
1 0 0 
1 0 0 
1 0 0 
1 0 0 
1 0 0 
1 0 0 
1 0 0 
1 0 0 
1 0 0 
1 0 0 
1 0 0 
1 0 0 
1 0 0 
1 0 0 
1 0 0 
1 0 0 
1 0 0 
1 0 0 
1 0 0 
1 0 0 
1 0 0 
1 0 0 
1 0 0 
1 0 0 
1 0 0 
1 0 0 
1 0 0 
1 0 0 
1 0 0 
1 0 0 
1 0 0 
1 0 0 
1 0 0 
1 0 0 
1 0 0 
1 0 0 
1 0 0 
1 0 0 
1 0 0 
1 0 0 
1 0 0 
1 0 0 
1 0 0 
1 0 0 
1 0 0 
1 0 0 
1 0 0 
1 0 0 
1 0 0 
1 0 0 
1 0 0 
1 0 0 
1 0 0 
1 0 0 
1 0 0 
1 0 0 
1 0 0 
1 0 0 
1 0 0 
1 0 0 
1 0 0 
1 0 0 
1 0 0 
1 0 0 
1 0 0 
1 0 0 
1 0 0 
1 0 0 
1 0 0 
1 0 0 
1 0 0 
1 0 0 
1 0 0 
1 0 0 
1 0 0 
1 0 0 
1 0 0 
1 0 0 
1 0 0 
1 0 0 
1 0 0 
1 0 0 
1 0 0 
1 0 0 
1 0 0 
1 0 0 
1 0 0 
1 0 0 
1 0 0 
1 0 0 
1 0 0 
1 0 0 
1 0 0 
1 0 0 
1 0 0 
1 0 0 
1 0 0 
1 0 0 
1 0 0 
1 0 0 
1 0 0 
1 0 0 
1 0 0 
1 0 0 
1 0 0 
1 0 0 
1 0 0 
1 0 0 
1 0 0 
1 0 0 
1 0 0 
1 0 0 
1 0 0 
1 0 0 
1 0 0 
1 0 0 
1 0 0 
1 0 0 
1 0 0 
1 0 0 
1 0 0 
1 0 0 
1 0 0 
1 0 0 
1 0 0 
1 0 0 
1 0 0 
1 0 0 
1 0 0 
1 0 0 
1 0 0 
1 0 0 
1 0 0 
1 0 0 
1 0 0 
1 0 0 
1 0 0 
1 0 0 
1 0 0 
1 0 0 
1 0 0 
1 0 0 
1 0 0 
1 0 0 
1 0 0 
1 0 0 
1 0 0 
1 0 0 
1 0 0 
1 0 0 
1 0 0 
1 0 0 
1 0 0 
1 0 0 
1 0 0 
1 0 0 
1 0 0 
1 0 0 
1 0 0 
1 0 0 
1 0 0 
1 0 0 
1 0 0 
1 0 0 
1 0 0 
1 0 0 
1 0 0 
1 0 0 
1 0 0 
1 0 0 
1 0 0 
1 0 0 
1 0 0 
1 0 0 
1 0 0 
1 0 0 
1 0 0 
1 0 0 
1 0 0 
1 0 0 
1 0 0 
1 0 0 
1 0 0 
1 0 0 
1 0 0 
1 0 0 
1 0 0 
1 0 0 
1 0 0 
1 0 0 
1 0 0 
1 0 0 
1 0 0 
1 0 0 
1 0 0 
1 0 0 
1 0 0 
1 0 0 
1 0 0 
1 0 0 
1 0 0 
1 0 0 
1 0 0 
1 0 0 
1 0 0 
1 0 0 
1 0 0 
1 0 0 
1 0 0 
1 0 0 
1 0 0 
1 0 0 
1 0 0 
1 0 0 
1 0 0 
1 0 0 
1 0 0 
1 0 0 
1 0 0 
1 0 0 
1 0 0 
1 0 0 
1 0 0 
1 0 0 
1 0 0 
1 0 0 
1 0 0 
1 0 0 
1 0 0 
1 0 0 
1 0 0 
1 0 0 
1 0 0 
1 0 0 
1 0 0 
1 0 0 
1 0 0 
1 0 0 
1 0 0 
1 0 0 
1 0 0 
1 0 0 
1 0 0 
1 0 0 
1 0 0 
1 0 0 
1 0 0 
1 0 0 
1 0 0 
1 0 0 
1 0 0 
1 0 0 
1 0 0 
1 0 0 
1 0 0 
1 0 0 
1 0 0 
1 0 0 
1 0 0 
1 0 0 
1 0 0 
1 0 0 
1 0 0 
1 0 0 
1 0 0 
1 0 0 
1 0 0 
1 0 0 
1 0 0 
1 0 0 
1 0 0 
1 0 0 
1 0 0 
1 0 0 
1 0 0 
1 0 0 
1 0 0 
1 0 0 
1 0 0 
1 0 0 
1 0 0 
1 0 0 
1 0 0 
